1.947190016508102417e-01
1.587388068437576294e-01
1.228635981678962708e-01
1.251859664916992188e-01
1.055948287248611450e-01
9.426226466894149780e-02
8.179280906915664673e-02
8.357384055852890015e-02
8.658887445926666260e-02
8.081225305795669556e-02
7.945942878723144531e-02
8.809442818164825439e-02
9.289363771677017212e-02
9.816288948059082031e-02
1.054517775774002075e-01
1.341040879487991333e-01
1.390029788017272949e-01
1.644088178873062134e-01
2.654145956039428711e-01
3.406652212142944336e-01
4.047915637493133545e-01
4.492438435554504395e-01
5.708933472633361816e-01
5.718678832054138184e-01
5.952749848365783691e-01
6.069330573081970215e-01
6.673574447631835938e-01
6.705175638198852539e-01
4.520994424819946289e-01
4.288074970245361328e-01
2.753796279430389404e-01
2.693067193031311035e-01
1.716438233852386475e-01
1.286857873201370239e-01
1.214139759540557861e-01
1.023614406585693359e-01
8.642050623893737793e-02
8.078073710203170776e-02
7.616043835878372192e-02
7.760570943355560303e-02
7.790444046258926392e-02
8.058205246925354004e-02
8.889145404100418091e-02
1.020104289054870605e-01
1.119566038250923157e-01
1.277802735567092896e-01
1.454727649688720703e-01
1.889850646257400513e-01
2.140488624572753906e-01
1.708596348762512207e-01
1.614379882812500000e-01
1.624592840671539307e-01
1.582526117563247681e-01
1.280540227890014648e-01
1.263526827096939087e-01
1.048865690827369690e-01
1.086905002593994141e-01
9.786956757307052612e-02
1.072123944759368896e-01
1.078714355826377869e-01
1.220764890313148499e-01
1.289311349391937256e-01
1.351040750741958618e-01
1.290456950664520264e-01
1.521117389202117920e-01
1.690259724855422974e-01
1.625813990831375122e-01
1.352327316999435425e-01
1.230967417359352112e-01
1.133066117763519287e-01
1.090320348739624023e-01
1.047552675008773804e-01
1.119130328297615051e-01
1.131724789738655090e-01
1.104355901479721069e-01
1.126319840550422668e-01
1.175380125641822815e-01
1.246779635548591614e-01
1.434735208749771118e-01
1.626273393630981445e-01
1.371675580739974976e-01
1.433809846639633179e-01
1.297542899847030640e-01
1.388199031352996826e-01
1.308526694774627686e-01
1.453918367624282837e-01
1.521879285573959351e-01
1.476973295211791992e-01
1.321651935577392578e-01
1.293123811483383179e-01
1.477397084236145020e-01
1.517153829336166382e-01
1.573351323604583740e-01
1.501523256301879883e-01
1.738069951534271240e-01
1.730692684650421143e-01
2.411712110042572021e-01
2.390259206295013428e-01
4.157491624355316162e-01
4.746428132057189941e-01
4.751634597778320312e-01
4.949693381786346436e-01
5.027585625648498535e-01
5.253552794456481934e-01
6.511456370353698730e-01
7.130506634712219238e-01
7.573437094688415527e-01
7.980243563652038574e-01
8.200240135192871094e-01
8.808251023292541504e-01
8.165237307548522949e-01
8.002395629882812500e-01
7.438079714775085449e-01
8.310133218765258789e-01
8.394130468368530273e-01
8.303899168968200684e-01
8.263792395591735840e-01
8.729754686355590820e-01
8.537383079528808594e-01
7.207518815994262695e-01
5.593425631523132324e-01
5.445775389671325684e-01
5.731929540634155273e-01
4.485936164855957031e-01
3.714680075645446777e-01
3.219393491744995117e-01
2.909432947635650635e-01
2.684307396411895752e-01
2.736535668373107910e-01
2.410439550876617432e-01
2.114450931549072266e-01
1.490568667650222778e-01
1.524654477834701538e-01
1.380784362554550171e-01
1.386570483446121216e-01
1.594680398702621460e-01
1.524890065193176270e-01
1.816082894802093506e-01
2.420289963483810425e-01
1.900157183408737183e-01
1.752867549657821655e-01
1.388870775699615479e-01
1.264887303113937378e-01
1.246107891201972961e-01
1.175077781081199646e-01
1.240971088409423828e-01
1.172267422080039978e-01
1.299808770418167114e-01
1.302310824394226074e-01
1.768812239170074463e-01
1.573771536350250244e-01
1.446667462587356567e-01
1.645265817642211914e-01
1.598672419786453247e-01
1.418761909008026123e-01
1.351958811283111572e-01
1.181135475635528564e-01
1.078602448105812073e-01
9.455498307943344116e-02
9.326503425836563110e-02
8.694300055503845215e-02
8.950974792242050171e-02
9.248637408018112183e-02
9.361575543880462646e-02
1.011499166488647461e-01
1.110494956374168396e-01
1.192628815770149231e-01
1.351676583290100098e-01
1.501896679401397705e-01
1.394080221652984619e-01
1.410436332225799561e-01
1.668757200241088867e-01
1.728646308183670044e-01
1.714240908622741699e-01
1.795831173658370972e-01
1.699918061494827271e-01
1.515879333019256592e-01
1.276282072067260742e-01
1.177767813205718994e-01
1.069454625248908997e-01
1.042446345090866089e-01
1.026770323514938354e-01
9.256912022829055786e-02
9.779624640941619873e-02
9.230285882949829102e-02
9.698072075843811035e-02
1.057729125022888184e-01
1.131503582000732422e-01
1.120859384536743164e-01
1.374118626117706299e-01
1.827231794595718384e-01
1.832824349403381348e-01
1.976221799850463867e-01
1.922447383403778076e-01
2.068324089050292969e-01
2.039540112018585205e-01
2.437261641025543213e-01
2.752149701118469238e-01
2.460097968578338623e-01
1.662015616893768311e-01
1.361865401268005371e-01
1.262496709823608398e-01
1.239388659596443176e-01
1.192677170038223267e-01
1.079352796077728271e-01
9.264390170574188232e-02
9.622429311275482178e-02
8.960432559251785278e-02
1.048764362931251526e-01
9.531173110008239746e-02
1.052200272679328918e-01
1.096075624227523804e-01
1.228127032518386841e-01
1.407778561115264893e-01
1.873034238815307617e-01
2.234087884426116943e-01
2.521054744720458984e-01
2.434804737567901611e-01
3.011937737464904785e-01
3.656297922134399414e-01
3.278263211250305176e-01
