1.011366695165634155e-01
7.091640681028366089e-02
7.355234771966934204e-02
7.062356173992156982e-02
7.374668866395950317e-02
6.218680366873741150e-02
7.282486557960510254e-02
8.498496562242507935e-02
8.494371920824050903e-02
8.768530935049057007e-02
8.302982896566390991e-02
5.723497271537780762e-02
6.355766952037811279e-02
1.286154836416244507e-01
1.378899365663528442e-01
1.559027880430221558e-01
1.269873678684234619e-01
1.990382671356201172e-01
2.224466949701309204e-01
2.153422683477401733e-01
1.899146139621734619e-01
1.687915325164794922e-01
7.402458786964416504e-02
5.561173707246780396e-02
5.225253105163574219e-02
4.932327941060066223e-02
5.050026997923851013e-02
4.834268614649772644e-02
6.584670394659042358e-02
5.412328243255615234e-02
4.823805019259452820e-02
5.118922889232635498e-02
4.862001910805702209e-02
5.291992798447608948e-02
4.921576008200645447e-02
6.190091371536254883e-02
8.255636692047119141e-02
1.004194840788841248e-01
8.136970549821853638e-02
8.380113542079925537e-02
5.575405806303024292e-02
5.166878178715705872e-02
5.055684596300125122e-02
4.904291778802871704e-02
4.426846280694007874e-02
4.431261494755744934e-02
4.174676537513732910e-02
5.511844903230667114e-02
8.433107286691665649e-02
7.507430016994476318e-02
8.298400044441223145e-02
9.818324446678161621e-02
7.025687396526336670e-02
6.453270465135574341e-02
4.968666657805442810e-02
5.467532575130462646e-02
5.791807919740676880e-02
6.154082342982292175e-02
5.782832205295562744e-02
6.439911574125289917e-02
7.003808766603469849e-02
6.068484857678413391e-02
7.050474733114242554e-02
8.892597258090972900e-02
8.685702085494995117e-02
5.643652752041816711e-02
6.440582871437072754e-02
5.332645401358604431e-02
5.506115406751632690e-02
5.330431833863258362e-02
5.369732528924942017e-02
6.363260746002197266e-02
5.368716269731521606e-02
5.561906471848487854e-02
6.872790306806564331e-02
1.084617078304290771e-01
1.188984736800193787e-01
9.574908763170242310e-02
7.657070457935333252e-02
8.555430173873901367e-02
1.205718442797660828e-01
8.393859863281250000e-02
6.422223150730133057e-02
6.752679497003555298e-02
6.211682781577110291e-02
5.963115766644477844e-02
6.573270261287689209e-02
7.989383488893508911e-02
7.452671229839324951e-02
7.870551198720932007e-02
9.040632843971252441e-02
8.370909839868545532e-02
7.001129537820816040e-02
5.486628040671348572e-02
4.547429084777832031e-02
4.616065323352813721e-02
4.279239848256111145e-02
4.535291716456413269e-02
4.310661181807518005e-02
4.658171907067298889e-02
4.831780493259429932e-02
6.971129775047302246e-02
6.641750782728195190e-02
8.935865014791488647e-02
1.111160814762115479e-01
1.205228343605995178e-01
1.170023083686828613e-01
1.185289397835731506e-01
9.123511612415313721e-02
8.801259845495223999e-02
6.286756694316864014e-02
5.566335842013359070e-02
6.072342395782470703e-02
5.642595514655113220e-02
5.214613676071166992e-02
5.116241052746772766e-02
9.644750505685806274e-02
5.112033337354660034e-02
5.236447602510452271e-02
6.938697397708892822e-02
6.629091501235961914e-02
9.339964389801025391e-02
6.406985968351364136e-02
6.640475988388061523e-02
5.993571504950523376e-02
5.413305014371871948e-02
4.515267536044120789e-02
4.639206081628799438e-02
4.484729096293449402e-02
5.283582955598831177e-02
5.972332507371902466e-02
1.298651993274688721e-01
