8.536691963672637939e-02
7.875180989503860474e-02
7.046949863433837891e-02
8.006532490253448486e-02
1.410081535577774048e-01
1.095546185970306396e-01
1.076583191752433777e-01
7.998804748058319092e-02
8.149354904890060425e-02
6.573649495840072632e-02
6.001298502087593079e-02
6.933236122131347656e-02
6.584368646144866943e-02
7.239313423633575439e-02
8.257260173559188843e-02
7.490441203117370605e-02
5.992919579148292542e-02
5.472927168011665344e-02
4.916149377822875977e-02
5.208312347531318665e-02
5.286967009305953979e-02
4.706549271941184998e-02
5.071460455656051636e-02
5.091815069317817688e-02
5.430569127202033997e-02
5.758573487401008606e-02
1.141500324010848999e-01
2.756863832473754883e-01
2.932879924774169922e-01
2.743440866470336914e-01
2.590980529785156250e-01
1.328238397836685181e-01
7.255253940820693970e-02
5.876879394054412842e-02
5.224825441837310791e-02
5.168805271387100220e-02
4.520527645945549011e-02
4.802079871296882629e-02
4.965990036725997925e-02
5.557388067245483398e-02
6.051310896873474121e-02
5.580746009945869446e-02
7.229651510715484619e-02
9.256885200738906860e-02
1.530749648809432983e-01
1.579020470380783081e-01
1.190372109413146973e-01
1.090005710721015930e-01
7.283275574445724487e-02
7.491144537925720215e-02
5.543863028287887573e-02
5.619246885180473328e-02
4.613158106803894043e-02
4.973809048533439636e-02
5.783561989665031433e-02
5.891364067792892456e-02
7.160096615552902222e-02
6.648895889520645142e-02
9.569178521633148193e-02
1.044705957174301147e-01
1.750048995018005371e-01
1.830779463052749634e-01
1.437330693006515503e-01
1.019965931773185730e-01
7.332199066877365112e-02
7.430259883403778076e-02
7.105477899312973022e-02
5.967545136809349060e-02
6.820972263813018799e-02
6.362865120172500610e-02
7.132192701101303101e-02
6.966768950223922729e-02
8.926148712635040283e-02
8.268248289823532104e-02
8.136025071144104004e-02
9.056662023067474365e-02
9.642706066370010376e-02
1.421707123517990112e-01
2.401485890150070190e-01
3.069290518760681152e-01
2.425615191459655762e-01
1.729182749986648560e-01
1.156448796391487122e-01
1.040257960557937622e-01
1.009008958935737610e-01
8.344167470932006836e-02
7.674834132194519043e-02
6.918165832757949829e-02
6.986763328313827515e-02
6.250116974115371704e-02
5.633363127708435059e-02
5.909720063209533691e-02
4.859860986471176147e-02
5.305971950292587280e-02
5.197349563241004944e-02
4.693094268441200256e-02
4.819318279623985291e-02
5.674961954355239868e-02
6.186072900891304016e-02
7.180432975292205811e-02
8.248263597488403320e-02
8.424068242311477661e-02
7.143530249595642090e-02
5.751746520400047302e-02
5.552941560745239258e-02
5.558173730969429016e-02
4.993379861116409302e-02
5.171791091561317444e-02
6.470252573490142822e-02
6.857903301715850830e-02
5.874106660485267639e-02
7.716424763202667236e-02
1.198156327009201050e-01
1.189206242561340332e-01
1.453447192907333374e-01
1.817924678325653076e-01
2.887843251228332520e-01
4.049720764160156250e-01
5.202130079269409180e-01
4.948199689388275146e-01
4.799717366695404053e-01
4.290068447589874268e-01
2.490743696689605713e-01
1.910573393106460571e-01
1.388518363237380981e-01
9.790065884590148926e-02
7.882843911647796631e-02
7.945722341537475586e-02
6.072461977601051331e-02
5.664230138063430786e-02
5.479836463928222656e-02
6.262774765491485596e-02
7.281962037086486816e-02
9.649173915386199951e-02
1.208354979753494263e-01
2.058801651000976562e-01
2.568542957305908203e-01
1.998009532690048218e-01
1.271643787622451782e-01
8.510039746761322021e-02
6.700155884027481079e-02
6.048150360584259033e-02
6.407425552606582642e-02
7.216977328062057495e-02
1.056848913431167603e-01
1.451814472675323486e-01
1.282071024179458618e-01
1.395575106143951416e-01
1.750153601169586182e-01
2.655074298381805420e-01
3.284843862056732178e-01
4.830614626407623291e-01
5.742837190628051758e-01
5.814877748489379883e-01
6.018069386482238770e-01
6.585238575935363770e-01
6.188980937004089355e-01
5.350698232650756836e-01
4.119105041027069092e-01
3.376674354076385498e-01
1.845172494649887085e-01
1.350222229957580566e-01
1.388181000947952271e-01
1.125647425651550293e-01
1.269620060920715332e-01
9.665617346763610840e-02
8.045965433120727539e-02
7.136954367160797119e-02
7.060233503580093384e-02
6.954995542764663696e-02
5.880313366651535034e-02
5.207174271345138550e-02
5.892515182495117188e-02
6.241159513592720032e-02
6.446965038776397705e-02
7.016600668430328369e-02
9.283973276615142822e-02
9.061191976070404053e-02
7.530926913022994995e-02
6.497252732515335083e-02
6.058864668011665344e-02
6.314940750598907471e-02
6.795505434274673462e-02
7.208117842674255371e-02
7.235285639762878418e-02
7.712237536907196045e-02
8.376921713352203369e-02
9.260459244251251221e-02
1.035714298486709595e-01
1.095202267169952393e-01
8.486576378345489502e-02
8.007071167230606079e-02
7.185485213994979858e-02
7.459652423858642578e-02
6.223655492067337036e-02
6.582455337047576904e-02
7.832843810319900513e-02
7.476931810379028320e-02
7.636953145265579224e-02
7.450405508279800415e-02
8.949791640043258667e-02
8.737237751483917236e-02
7.285040616989135742e-02
9.692079573869705200e-02
1.260932236909866333e-01
1.144698485732078552e-01
8.308240771293640137e-02
1.130929142236709595e-01
1.143214702606201172e-01
1.437367051839828491e-01
1.448951959609985352e-01
1.420865803956985474e-01
1.714900285005569458e-01
1.520168483257293701e-01
1.681819707155227661e-01
1.407131254673004150e-01
1.514355987310409546e-01
1.345255523920059204e-01
1.042612642049789429e-01
9.066192060708999634e-02
8.115766197443008423e-02
8.654434978961944580e-02
1.381285190582275391e-01
1.778054833412170410e-01
1.767307072877883911e-01
2.078941762447357178e-01
1.759705841541290283e-01
1.716134548187255859e-01
1.498790979385375977e-01
1.602978855371475220e-01
1.453083157539367676e-01
1.405520737171173096e-01
1.497817486524581909e-01
8.852536976337432861e-02
6.804181635379791260e-02
6.381356716156005859e-02
5.822017416357994080e-02
5.396131053566932678e-02
5.542973428964614868e-02
5.948622897267341614e-02
6.393035501241683960e-02
8.981186151504516602e-02
1.394198089838027954e-01
1.567091643810272217e-01
1.984046101570129395e-01
2.513916194438934326e-01
3.194373548030853271e-01
3.387847244739532471e-01
2.393101751804351807e-01
1.436795741319656372e-01
1.085930168628692627e-01
8.048916608095169067e-02
6.137629598379135132e-02
5.340183526277542114e-02
4.947998374700546265e-02
5.234389752149581909e-02
5.691639333963394165e-02
5.686814710497856140e-02
6.688608229160308838e-02
7.318176329135894775e-02
8.476307988166809082e-02
8.551961928606033325e-02
6.863965839147567749e-02
6.249837204813957214e-02
5.538736656308174133e-02
5.428916215896606445e-02
4.923141747713088989e-02
5.428827181458473206e-02
6.535547226667404175e-02
8.068463951349258423e-02
1.479957699775695801e-01
1.783125102519989014e-01
2.089176625013351440e-01
1.714154928922653198e-01
1.512524485588073730e-01
1.101351827383041382e-01
1.271260082721710205e-01
1.191383451223373413e-01
7.809162884950637817e-02
5.902452021837234497e-02
6.473067402839660645e-02
6.099926307797431946e-02
6.742388010025024414e-02
6.871084868907928467e-02
7.049350440502166748e-02
6.873130798339843750e-02
5.496214702725410461e-02
5.190871283411979675e-02
4.806370660662651062e-02
5.292282253503799438e-02
5.278898030519485474e-02
5.133917182683944702e-02
5.005072057247161865e-02
5.220824107527732849e-02
5.487169325351715088e-02
5.806222930550575256e-02
6.016624346375465393e-02
6.146816909313201904e-02
6.805808097124099731e-02
8.804327994585037231e-02
1.048774272203445435e-01
1.102375686168670654e-01
8.705125749111175537e-02
6.491630524396896362e-02
5.244740471243858337e-02
4.774212837219238281e-02
4.248914122581481934e-02
4.093804955482482910e-02
4.306267946958541870e-02
4.375901818275451660e-02
4.680611193180084229e-02
4.940605163574218750e-02
4.919062182307243347e-02
5.955090746283531189e-02
7.936897873878479004e-02
1.230551898479461670e-01
1.488365530967712402e-01
1.784793138504028320e-01
1.878458112478256226e-01
1.900237798690795898e-01
1.679955720901489258e-01
9.937928617000579834e-02
7.363318651914596558e-02
5.645244568586349487e-02
5.440335348248481750e-02
4.590433090925216675e-02
4.180781915783882141e-02
3.827182203531265259e-02
4.080283269286155701e-02
4.269868507981300354e-02
5.061530694365501404e-02
6.291334331035614014e-02
7.994058728218078613e-02
1.093812733888626099e-01
1.324202120304107666e-01
2.201464474201202393e-01
2.600809335708618164e-01
2.030052244663238525e-01
1.681622117757797241e-01
1.246532574295997620e-01
1.124622672796249390e-01
8.107291162014007568e-02
6.246867775917053223e-02
6.408102065324783325e-02
5.190181732177734375e-02
5.191076546907424927e-02
4.901211336255073547e-02
5.458458885550498962e-02
5.730092525482177734e-02
7.631729543209075928e-02
7.244159281253814697e-02
6.549635529518127441e-02
6.423077732324600220e-02
5.722849816083908081e-02
5.009396001696586609e-02
4.457694292068481445e-02
4.665804281830787659e-02
4.760504141449928284e-02
4.990332201123237610e-02
4.677693918347358704e-02
4.905797541141510010e-02
5.232459306716918945e-02
6.025766581296920776e-02
8.397535979747772217e-02
9.157740324735641479e-02
1.280745863914489746e-01
1.412796080112457275e-01
1.224014163017272949e-01
1.186060979962348938e-01
9.203031659126281738e-02
7.244569808244705200e-02
6.116672605276107788e-02
5.190416797995567322e-02
4.607228189706802368e-02
4.444562271237373352e-02
4.188981279730796814e-02
4.993786290287971497e-02
4.804705828428268433e-02
5.772247910499572754e-02
5.471054464578628540e-02
6.387638300657272339e-02
8.812518417835235596e-02
1.391554921865463257e-01
1.459051817655563354e-01
1.005137413740158081e-01
8.034957200288772583e-02
5.657705664634704590e-02
5.276278033852577209e-02
4.909824207425117493e-02
4.639421775937080383e-02
4.692652821540832520e-02
4.902972653508186340e-02
5.781906843185424805e-02
6.620344519615173340e-02
1.143679469823837280e-01
1.747269630432128906e-01
1.479154229164123535e-01
9.008190035820007324e-02
6.239272654056549072e-02
6.482521444559097290e-02
7.573205977678298950e-02
7.175073772668838501e-02
6.336988508701324463e-02
6.952201575040817261e-02
6.417065113782882690e-02
6.306772679090499878e-02
7.072153687477111816e-02
6.816177070140838623e-02
6.322282552719116211e-02
8.071012049913406372e-02
6.419318169355392456e-02
7.553831487894058228e-02
8.296998590230941772e-02
1.059083566069602966e-01
7.563070952892303467e-02
6.309302151203155518e-02
5.676465108990669250e-02
5.891262367367744446e-02
6.575916707515716553e-02
1.003859043121337891e-01
7.478608191013336182e-02
7.752212136983871460e-02
6.430523097515106201e-02
6.022947281599044800e-02
8.305392414331436157e-02
1.648856997489929199e-01
2.264598459005355835e-01
2.036467492580413818e-01
1.953146308660507202e-01
2.483889013528823853e-01
1.814441531896591187e-01
1.113293617963790894e-01
7.778736948966979980e-02
6.653247028589248657e-02
5.775480344891548157e-02
5.229384824633598328e-02
5.733909085392951965e-02
5.680551379919052124e-02
5.574704706668853760e-02
5.695021897554397583e-02
6.469774991273880005e-02
6.596262007951736450e-02
5.105539411306381226e-02
5.271163582801818848e-02
4.933612793684005737e-02
5.306751281023025513e-02
5.585837364196777344e-02
6.612143665552139282e-02
6.967622041702270508e-02
8.708541840314865112e-02
1.068375706672668457e-01
1.217176392674446106e-01
