1.320839673280715942e-01
9.590654820203781128e-02
8.909024298191070557e-02
8.521761745214462280e-02
8.275517821311950684e-02
6.817758083343505859e-02
5.738328769803047180e-02
6.343806535005569458e-02
6.542881578207015991e-02
5.710388347506523132e-02
6.564981490373611450e-02
8.478705585002899170e-02
8.458456397056579590e-02
9.824784100055694580e-02
1.166976392269134521e-01
1.439341008663177490e-01
1.441874951124191284e-01
1.333144456148147583e-01
1.345894336700439453e-01
1.067952513694763184e-01
1.219251528382301331e-01
1.249373704195022583e-01
1.514417827129364014e-01
1.407378613948822021e-01
1.027598753571510315e-01
8.400496840476989746e-02
8.061152696609497070e-02
7.982682436704635620e-02
6.952561438083648682e-02
6.351581960916519165e-02
7.957351207733154297e-02
7.615333050489425659e-02
6.615889072418212891e-02
7.396662980318069458e-02
6.706551462411880493e-02
6.795599311590194702e-02
7.666464895009994507e-02
7.680689543485641479e-02
9.312944114208221436e-02
1.200575903058052063e-01
1.348473876714706421e-01
1.730174273252487183e-01
1.877090036869049072e-01
2.398946583271026611e-01
3.208022713661193848e-01
3.287682533264160156e-01
1.466783583164215088e-01
8.794700354337692261e-02
7.782219350337982178e-02
7.107646018266677856e-02
6.936036050319671631e-02
8.614940196275711060e-02
1.151989921927452087e-01
1.027865633368492126e-01
1.444898098707199097e-01
2.006627470254898071e-01
1.977367401123046875e-01
1.545109301805496216e-01
1.320931464433670044e-01
7.939464598894119263e-02
6.791324913501739502e-02
5.417753383517265320e-02
5.211641639471054077e-02
5.756336823105812073e-02
6.757330894470214844e-02
8.300660550594329834e-02
1.222213134169578552e-01
1.270864307880401611e-01
1.940442621707916260e-01
1.824795156717300415e-01
1.753126978874206543e-01
1.305088847875595093e-01
9.095253795385360718e-02
7.503218948841094971e-02
6.324359774589538574e-02
5.524455010890960693e-02
5.918202176690101624e-02
8.109799772500991821e-02
1.175295338034629822e-01
1.161838993430137634e-01
1.089952588081359863e-01
1.591628640890121460e-01
1.877316236495971680e-01
1.869084089994430542e-01
2.877409458160400391e-01
3.145758509635925293e-01
