2.179421335458755493e-01
1.520365923643112183e-01
1.297980397939682007e-01
1.127462014555931091e-01
9.797119349241256714e-02
8.904902637004852295e-02
8.694316446781158447e-02
7.639318704605102539e-02
8.286099880933761597e-02
7.840300351381301880e-02
9.962648898363113403e-02
1.193195730447769165e-01
1.085916608572006226e-01
9.021911025047302246e-02
1.037393584847450256e-01
1.017828732728958130e-01
1.176844015717506409e-01
1.208959147334098816e-01
9.946867823600769043e-02
1.143992319703102112e-01
1.180704012513160706e-01
1.363402754068374634e-01
1.686827540397644043e-01
2.320556193590164185e-01
2.673496901988983154e-01
2.167504429817199707e-01
1.880777776241302490e-01
1.397345811128616333e-01
1.053617447614669800e-01
8.502518385648727417e-02
8.526616543531417847e-02
8.644296228885650635e-02
9.575209021568298340e-02
8.892998099327087402e-02
7.274031639099121094e-02
7.445193082094192505e-02
7.752731442451477051e-02
1.034789532423019409e-01
1.034271866083145142e-01
1.213942542672157288e-01
1.118254512548446655e-01
1.730692386627197266e-01
2.267917990684509277e-01
2.497671097517013550e-01
2.457151114940643311e-01
2.069369554519653320e-01
2.752479910850524902e-01
2.264290899038314819e-01
1.896873563528060913e-01
1.153110861778259277e-01
1.006202474236488342e-01
7.388515770435333252e-02
7.947936654090881348e-02
8.460472524166107178e-02
8.149926364421844482e-02
7.477935403585433960e-02
8.284053951501846313e-02
8.745734393596649170e-02
8.948072046041488647e-02
1.736051440238952637e-01
2.787456810474395752e-01
2.423944920301437378e-01
2.839240729808807373e-01
3.281120359897613525e-01
2.363818287849426270e-01
1.359159797430038452e-01
9.985776990652084351e-02
9.484260529279708862e-02
8.232530951499938965e-02
8.462053537368774414e-02
1.109640225768089294e-01
1.628382951021194458e-01
2.366272062063217163e-01
1.988084316253662109e-01
1.765891462564468384e-01
1.693117022514343262e-01
1.481904685497283936e-01
1.169582977890968323e-01
1.023862063884735107e-01
9.460658580064773560e-02
9.694298356771469116e-02
9.076616913080215454e-02
1.030333861708641052e-01
1.140107437968254089e-01
1.226609721779823303e-01
2.181138098239898682e-01
2.831126451492309570e-01
3.684018254280090332e-01
3.335168659687042236e-01
2.164012789726257324e-01
1.470788568258285522e-01
1.250029206275939941e-01
9.198314696550369263e-02
7.722345739603042603e-02
8.787301927804946899e-02
8.983692526817321777e-02
9.519479423761367798e-02
8.273264765739440918e-02
7.820054143667221069e-02
8.000329136848449707e-02
8.537302911281585693e-02
1.025563478469848633e-01
1.256082057952880859e-01
1.514367759227752686e-01
1.257627755403518677e-01
1.009296253323554993e-01
1.127330064773559570e-01
1.124605238437652588e-01
1.127943620085716248e-01
1.224444285035133362e-01
1.388865113258361816e-01
1.144788488745689392e-01
8.489659428596496582e-02
7.911696285009384155e-02
7.545427232980728149e-02
7.644503563642501831e-02
6.936386227607727051e-02
7.614072412252426147e-02
7.445522397756576538e-02
9.632975608110427856e-02
1.033625751733779907e-01
1.380329132080078125e-01
1.857508718967437744e-01
2.334370613098144531e-01
2.951332926750183105e-01
3.753229975700378418e-01
4.500212073326110840e-01
3.697132468223571777e-01
3.353379368782043457e-01
2.747630774974822998e-01
2.935129404067993164e-01
2.140891999006271362e-01
1.991409659385681152e-01
1.549397855997085571e-01
1.833014786243438721e-01
3.237476646900177002e-01
3.229893743991851807e-01
9.615870565176010132e-02
8.803127706050872803e-02
8.189054578542709351e-02
8.364059031009674072e-02
7.945057749748229980e-02
8.359522372484207153e-02
8.709302544593811035e-02
1.061223000288009644e-01
9.333435446023941040e-02
1.126936823129653931e-01
1.975271403789520264e-01
2.284822165966033936e-01
3.200382590293884277e-01
4.869565665721893311e-01
5.524210929870605469e-01
5.709064006805419922e-01
5.104110836982727051e-01
6.037969589233398438e-01
6.410806179046630859e-01
