5.111310482025146484e-01
3.641480505466461182e-01
2.396720498800277710e-01
1.711792349815368652e-01
1.108375191688537598e-01
9.963113069534301758e-02
8.653796464204788208e-02
7.677083462476730347e-02
8.691321313381195068e-02
9.930707514286041260e-02
9.346958994865417480e-02
8.561444282531738281e-02
7.381625473499298096e-02
7.606271654367446899e-02
6.864522397518157959e-02
5.575960129499435425e-02
5.446944758296012878e-02
7.456046342849731445e-02
8.806647360324859619e-02
7.761163264513015747e-02
7.540401816368103027e-02
7.055367529392242432e-02
5.017039179801940918e-02
4.084010794758796692e-02
4.282864555716514587e-02
5.829141288995742798e-02
8.437877893447875977e-02
9.729935973882675171e-02
1.306732743978500366e-01
1.618676185607910156e-01
1.411149352788925171e-01
1.532500982284545898e-01
1.870001852512359619e-01
1.788894683122634888e-01
1.291339099407196045e-01
8.923862874507904053e-02
6.458243727684020996e-02
5.686670169234275818e-02
6.541718542575836182e-02
6.374146044254302979e-02
6.706403940916061401e-02
8.893094211816787720e-02
8.588524907827377319e-02
8.014603704214096069e-02
9.986956417560577393e-02
1.194390729069709778e-01
1.321417242288589478e-01
1.406417191028594971e-01
1.020924896001815796e-01
1.104335039854049683e-01
1.104586645960807800e-01
1.106851696968078613e-01
8.240213990211486816e-02
5.966029688715934753e-02
5.834093689918518066e-02
6.164614856243133545e-02
7.897637039422988892e-02
