2.175953090190887451e-01
2.229982763528823853e-01
1.762445569038391113e-01
1.191999092698097229e-01
1.247669830918312073e-01
8.613396435976028442e-02
8.889400959014892578e-02
1.318570822477340698e-01
1.978646665811538696e-01
2.259541451930999756e-01
1.768148690462112427e-01
1.800959110260009766e-01
1.914869993925094604e-01
2.242006212472915649e-01
2.843128442764282227e-01
2.827500700950622559e-01
3.246768116950988770e-01
3.394860327243804932e-01
3.559607565402984619e-01
2.736069560050964355e-01
2.133480608463287354e-01
1.559321582317352295e-01
1.453887373208999634e-01
7.591059058904647827e-02
2.043271064758300781e-01
2.556311190128326416e-01
2.775709927082061768e-01
2.313812375068664551e-01
2.072913199663162231e-01
1.739674508571624756e-01
1.696499288082122803e-01
1.547421813011169434e-01
1.271466761827468872e-01
1.762237846851348877e-01
2.932288944721221924e-01
