6.497406214475631714e-02
5.585860088467597961e-02
4.800610616803169250e-02
4.304102063179016113e-02
4.332657530903816223e-02
4.242168739438056946e-02
4.464298114180564880e-02
5.494760721921920776e-02
8.381659537553787231e-02
7.915960997343063354e-02
1.515958905220031738e-01
1.401875168085098267e-01
1.636737883090972900e-01
1.644098460674285889e-01
1.473005264997482300e-01
1.120751202106475830e-01
1.195823848247528076e-01
1.182778552174568176e-01
9.538918733596801758e-02
1.060820817947387695e-01
1.249534338712692261e-01
1.461041569709777832e-01
1.330412477254867554e-01
1.352857351303100586e-01
1.145579591393470764e-01
1.103468090295791626e-01
1.083301529288291931e-01
9.092907607555389404e-02
8.053708821535110474e-02
9.416136145591735840e-02
9.870501607656478882e-02
8.758817613124847412e-02
8.861166983842849731e-02
1.228569522500038147e-01
1.366705596446990967e-01
9.740306437015533447e-02
7.772019505500793457e-02
1.296703666448593140e-01
7.167398929595947266e-02
6.054636463522911072e-02
5.187868326902389526e-02
5.124421417713165283e-02
4.927068576216697693e-02
5.306852236390113831e-02
5.386134982109069824e-02
5.774550512433052063e-02
6.665909290313720703e-02
9.463359415531158447e-02
8.017637580633163452e-02
8.812987804412841797e-02
9.564698487520217896e-02
1.051146164536476135e-01
1.140041947364807129e-01
1.377307921648025513e-01
1.181640177965164185e-01
1.793327629566192627e-01
2.574184238910675049e-01
3.475178778171539307e-01
6.118234395980834961e-01
7.394819855690002441e-01
5.796302556991577148e-01
5.851597785949707031e-01
5.153852105140686035e-01
4.290984869003295898e-01
4.204427003860473633e-01
3.982253372669219971e-01
4.210767745971679688e-01
3.720304071903228760e-01
2.855242490768432617e-01
2.407809197902679443e-01
2.199510782957077026e-01
2.473674565553665161e-01
2.453740537166595459e-01
2.531544566154479980e-01
2.513552904129028320e-01
2.445096820592880249e-01
1.910972595214843750e-01
1.428533494472503662e-01
1.065516546368598938e-01
9.068900346755981445e-02
6.378607451915740967e-02
6.386220455169677734e-02
6.250637769699096680e-02
7.161921262741088867e-02
7.982413470745086670e-02
9.542816877365112305e-02
6.584019958972930908e-02
6.198839098215103149e-02
7.413783669471740723e-02
8.077677339315414429e-02
9.077290445566177368e-02
9.524518251419067383e-02
8.825803548097610474e-02
8.345586806535720825e-02
9.041590243577957153e-02
9.245644509792327881e-02
8.674453198909759521e-02
8.058671653270721436e-02
1.003259718418121338e-01
1.094471365213394165e-01
1.130555644631385803e-01
1.501164436340332031e-01
1.645670384168624878e-01
1.734184324741363525e-01
1.924700140953063965e-01
2.343428134918212891e-01
2.410698384046554565e-01
2.457244247198104858e-01
2.349345684051513672e-01
1.652634590864181519e-01
1.581487953662872314e-01
1.251422613859176636e-01
6.945153325796127319e-02
5.243152007460594177e-02
5.337132886052131653e-02
5.926557257771492004e-02
5.083503946661949158e-02
4.595128074288368225e-02
5.182813107967376709e-02
5.166726186871528625e-02
5.098431929945945740e-02
5.910426005721092224e-02
5.875733494758605957e-02
5.951047688722610474e-02
7.185051590204238892e-02
6.813163310289382935e-02
5.715069919824600220e-02
6.482807546854019165e-02
5.606704205274581909e-02
6.211987882852554321e-02
7.855582237243652344e-02
7.172794640064239502e-02
5.784341320395469666e-02
4.986077547073364258e-02
4.524604231119155884e-02
4.272532835602760315e-02
3.997855633497238159e-02
4.398019239306449890e-02
5.164031311869621277e-02
5.991947650909423828e-02
8.215341717004776001e-02
9.320554137229919434e-02
8.713040500879287720e-02
8.297149837017059326e-02
8.060224354267120361e-02
7.106620818376541138e-02
6.088821217417716980e-02
5.676674470305442810e-02
6.590116769075393677e-02
7.994061708450317383e-02
1.077964603900909424e-01
1.014863625168800354e-01
1.156020537018775940e-01
1.518893241882324219e-01
1.529913246631622314e-01
1.312767416238784790e-01
9.639257192611694336e-02
9.378422796726226807e-02
8.567947149276733398e-02
7.490947842597961426e-02
8.227922022342681885e-02
7.725852727890014648e-02
9.622145444154739380e-02
9.375768154859542847e-02
9.802241623401641846e-02
1.096690893173217773e-01
1.554814875125885010e-01
2.200867831707000732e-01
2.456867396831512451e-01
2.296707779169082642e-01
2.300643771886825562e-01
1.562491208314895630e-01
1.590089350938796997e-01
2.132332324981689453e-01
1.899469792842864990e-01
1.311373114585876465e-01
1.065884903073310852e-01
8.700755983591079712e-02
6.865440309047698975e-02
6.002108752727508545e-02
5.505404993891716003e-02
6.101059541106224060e-02
6.126769632101058960e-02
6.350634992122650146e-02
5.819817632436752319e-02
5.395236238837242126e-02
5.319902673363685608e-02
5.561445280909538269e-02
5.153267085552215576e-02
4.819156974554061890e-02
5.578081682324409485e-02
6.138994544744491577e-02
6.013389304280281067e-02
5.255052074790000916e-02
4.609625786542892456e-02
4.220870137214660645e-02
4.262787476181983948e-02
4.019767045974731445e-02
4.827468469738960266e-02
5.830956622958183289e-02
7.313703745603561401e-02
8.700734376907348633e-02
9.556539356708526611e-02
1.028976291418075562e-01
8.615148812532424927e-02
7.577224820852279663e-02
7.685960084199905396e-02
6.438396126031875610e-02
5.961462110280990601e-02
6.342989951372146606e-02
6.421687453985214233e-02
5.805042386054992676e-02
5.723647028207778931e-02
6.717365235090255737e-02
6.735827773809432983e-02
5.788201093673706055e-02
6.456866115331649780e-02
6.422850489616394043e-02
4.935742169618606567e-02
5.052480846643447876e-02
5.261978879570960999e-02
6.541354954242706299e-02
7.238034904003143311e-02
9.465550631284713745e-02
1.604986190795898438e-01
2.782754302024841309e-01
3.146356344223022461e-01
3.329130411148071289e-01
3.281745314598083496e-01
1.551955789327621460e-01
1.052526086568832397e-01
9.663428366184234619e-02
8.748809248208999634e-02
7.125201076269149780e-02
6.387972086668014526e-02
6.850002706050872803e-02
6.763120740652084351e-02
6.097926944494247437e-02
6.290296465158462524e-02
7.431294769048690796e-02
7.428798079490661621e-02
7.276575267314910889e-02
8.817551285028457642e-02
