3.002896308898925781e-01
2.691586315631866455e-01
2.660358846187591553e-01
3.003072738647460938e-01
2.807221114635467529e-01
3.953274488449096680e-01
5.146378278732299805e-01
6.020901203155517578e-01
5.801227688789367676e-01
6.111052036285400391e-01
7.265700101852416992e-01
7.250413298606872559e-01
5.860585570335388184e-01
5.583868622779846191e-01
4.908353388309478760e-01
4.841398000717163086e-01
5.851395130157470703e-01
6.492499709129333496e-01
6.741704940795898438e-01
7.053472399711608887e-01
5.795590877532958984e-01
5.228549838066101074e-01
4.687441885471343994e-01
4.035147428512573242e-01
2.686849534511566162e-01
3.209338188171386719e-01
3.258745670318603516e-01
3.275695741176605225e-01
3.502215743064880371e-01
3.704611063003540039e-01
4.201796948909759521e-01
5.036607980728149414e-01
4.642775058746337891e-01
3.572632968425750732e-01
3.488333523273468018e-01
3.866046667098999023e-01
4.711019396781921387e-01
5.140261650085449219e-01
5.407375097274780273e-01
5.433557033538818359e-01
5.797559022903442383e-01
6.248495578765869141e-01
6.859491467475891113e-01
