1.007616743445396423e-01
7.278707623481750488e-02
5.853050947189331055e-02
5.214914306998252869e-02
5.331914499402046204e-02
4.838293790817260742e-02
6.190159916877746582e-02
5.999991297721862793e-02
5.942210182547569275e-02
6.716846674680709839e-02
1.364034414291381836e-01
2.011308968067169189e-01
1.336309164762496948e-01
9.365725517272949219e-02
6.245550140738487244e-02
7.047419995069503784e-02
8.374250680208206177e-02
1.140173897147178650e-01
1.077247336506843567e-01
1.091441661119461060e-01
5.918050929903984070e-02
6.300798803567886353e-02
5.999097973108291626e-02
5.862948670983314514e-02
5.646848306059837341e-02
5.219357088208198547e-02
5.682300403714179993e-02
5.610628798604011536e-02
5.813696235418319702e-02
6.076419726014137268e-02
5.684774741530418396e-02
8.152431249618530273e-02
9.441725164651870728e-02
8.352456241846084595e-02
8.146043866872787476e-02
6.901945918798446655e-02
9.090571105480194092e-02
7.176857441663742065e-02
4.852588474750518799e-02
4.696492850780487061e-02
4.130555689334869385e-02
4.346580430865287781e-02
4.497112706303596497e-02
4.918910935521125793e-02
5.551880225539207458e-02
6.841415911912918091e-02
7.363485544919967651e-02
1.134795323014259338e-01
7.375167310237884521e-02
6.357971578836441040e-02
5.212887376546859741e-02
5.093461275100708008e-02
5.227575451135635376e-02
5.498251318931579590e-02
5.934813246130943298e-02
8.137932419776916504e-02
1.334453672170639038e-01
1.499877721071243286e-01
1.754734665155410767e-01
2.085000127553939819e-01
1.908713728189468384e-01
1.017259582877159119e-01
8.350756019353866577e-02
7.493942230939865112e-02
7.446614652872085571e-02
6.135850027203559875e-02
6.241001188755035400e-02
6.948026269674301147e-02
8.263459801673889160e-02
8.530562371015548706e-02
1.158669739961624146e-01
1.558265089988708496e-01
1.467352807521820068e-01
1.044636592268943787e-01
6.954218447208404541e-02
5.297822505235671997e-02
4.623898491263389587e-02
4.709544405341148376e-02
5.367662757635116577e-02
5.793385952711105347e-02
6.439075618982315063e-02
1.046782806515693665e-01
1.226529106497764587e-01
1.297078728675842285e-01
9.375456720590591431e-02
1.474058330059051514e-01
1.393969208002090454e-01
1.289265900850296021e-01
1.602302342653274536e-01
1.109647750854492188e-01
6.571887433528900146e-02
5.711044371128082275e-02
5.529103428125381470e-02
5.688722059130668640e-02
5.105431750416755676e-02
4.563185572624206543e-02
4.694694653153419495e-02
5.776495113968849182e-02
7.524939626455307007e-02
1.461590230464935303e-01
1.199556514620780945e-01
9.019155055284500122e-02
1.333162933588027954e-01
1.547352373600006104e-01
1.296627372503280640e-01
1.384367793798446655e-01
1.323244720697402954e-01
8.890011161565780640e-02
5.975430831313133240e-02
5.861468985676765442e-02
5.196507275104522705e-02
5.372226238250732422e-02
5.153814703226089478e-02
5.272489413619041443e-02
4.340700060129165649e-02
4.447435587644577026e-02
5.245851725339889526e-02
8.245433121919631958e-02
1.019795611500740051e-01
1.368970125913619995e-01
1.378880888223648071e-01
1.212544962763786316e-01
1.237761080265045166e-01
1.103368476033210754e-01
8.978430926799774170e-02
8.894924074411392212e-02
7.204155623912811279e-02
6.206559017300605774e-02
5.935924127697944641e-02
6.384511291980743408e-02
6.755814701318740845e-02
6.544147431850433350e-02
8.979643136262893677e-02
8.437665551900863647e-02
1.035913378000259399e-01
