8.552397489547729492e-01
7.836811542510986328e-01
6.953711509704589844e-01
5.720682144165039062e-01
5.150698423385620117e-01
5.054520964622497559e-01
5.075407624244689941e-01
4.881176650524139404e-01
5.046480894088745117e-01
4.721589088439941406e-01
4.945060908794403076e-01
5.454101562500000000e-01
5.955839157104492188e-01
5.738115310668945312e-01
6.407978534698486328e-01
5.753535032272338867e-01
4.425054490566253662e-01
3.329982459545135498e-01
3.464037179946899414e-01
4.274280369281768799e-01
4.705874323844909668e-01
3.624924719333648682e-01
3.224168121814727783e-01
1.816884279251098633e-01
1.984237283468246460e-01
2.725137770175933838e-01
3.631798326969146729e-01
4.389249384403228760e-01
4.398318827152252197e-01
3.637788891792297363e-01
2.567064464092254639e-01
2.082358300685882568e-01
2.418805509805679321e-01
2.553204894065856934e-01
2.894751727581024170e-01
3.750882744789123535e-01
3.578728437423706055e-01
2.743552327156066895e-01
3.452434837818145752e-01
2.806413471698760986e-01
2.374087870121002197e-01
2.525817453861236572e-01
3.282100856304168701e-01
2.904447913169860840e-01
2.618077695369720459e-01
2.668578326702117920e-01
2.740383148193359375e-01
3.235952854156494141e-01
3.400564193725585938e-01
3.273025155067443848e-01
