4.483850896358489990e-01
4.239945411682128906e-01
3.342165946960449219e-01
3.017233908176422119e-01
2.494063228368759155e-01
1.955555826425552368e-01
1.575051695108413696e-01
1.244611814618110657e-01
9.244630485773086548e-02
1.180484667420387268e-01
1.419032365083694458e-01
1.408982723951339722e-01
1.445244550704956055e-01
1.580997258424758911e-01
1.358240693807601929e-01
1.208788231015205383e-01
1.864355951547622681e-01
2.566193044185638428e-01
2.965381443500518799e-01
3.286808431148529053e-01
4.626212418079376221e-01
5.043507218360900879e-01
5.706642270088195801e-01
5.549470782279968262e-01
4.476338624954223633e-01
3.216304183006286621e-01
1.856768429279327393e-01
1.590013951063156128e-01
2.184950709342956543e-01
1.806940436363220215e-01
1.603708267211914062e-01
9.956255555152893066e-02
8.251382410526275635e-02
1.021333932876586914e-01
1.297422945499420166e-01
1.566698700189590454e-01
1.090490967035293579e-01
9.454622119665145874e-02
7.641609758138656616e-02
9.163136780261993408e-02
9.822669625282287598e-02
1.109838485717773438e-01
1.584966778755187988e-01
1.543291509151458740e-01
