4.50 	6.40 	
5.13 	8.14 	
5.12 	7.35 	
5.23 	7.05 	
5.02 	6.49 	
4.87 	7.21 	
5.10 	7.87 	
5.10 	7.96 	
5.32 	6.93 	
4.86 	7.27 	
5.05 	7.40 	
4.65 	6.07 	
4.65 	5.26 	
4.15 	5.83 	
4.56 	4.43 	
4.46 	5.37 	
4.47 	6.03 	
4.80 	4.54 	
4.03 	6.59 	
4.96 	6.19 	
4.70 	5.76 	
4.34 	5.32 	
4.61 	4.97 	
4.07 	5.66 	
4.83 	6.42 	
4.14 	6.57 	
4.80 	5.41 	
4.77 	5.84 	
4.98 	7.58 	
5.07 	7.90 	
4.92 	8.27 	
5.07 	7.15 	
4.89 	7.28 	
4.49 	7.91 	
4.62 	7.07 	
5.22 	7.11 	
5.50 	7.45 	
5.45 	6.73 	
5.09 	6.78 	
4.25 	7.52 	
5.05 	6.78 	
4.37 	6.22 	
4.06 	6.86 	
3.70 	7.11 	
4.28 	7.04 	
4.03 	7.13 	
4.35 	7.03 	
4.03 	7.09 	
4.42 	6.99 	
4.07 	6.88 	
3.90 	7.26 	
4.25 	6.98 	
4.44 	7.41 	
3.73 	7.56 	
4.14 	7.41 	
3.84 	7.28 	
4.25 	7.35 	
4.06 	8.03 	
4.50 	7.48 	
4.62 	7.45 	
4.50 	7.20 	
4.34 	7.00 	
4.14 	7.57 	
3.96 	6.55 	
4.64 	7.88 	
4.18 	7.72 	
4.17 	7.55 	
4.03 	7.54 	
4.28 	8.13 	
4.62 	7.59 	
4.08 	8.34 	
4.07 	7.67 	
4.41 	8.51 	
4.57 	8.35 	
4.17 	8.55 	
4.23 	7.56 	
4.11 	8.15 	
4.68 	7.93 	
4.43 	8.69 	
4.38 	8.59 	
4.21 	8.55 	
4.40 	8.55 	
4.31 	7.62 	
4.23 	6.82 	
4.63 	7.98 	
4.62 	7.56 	
3.94 	8.36 	
4.13 	8.05 	
4.37 	7.46 	
4.23 	8.32 	
4.06 	8.38 	
4.60 	7.76 	
4.44 	8.97 	
4.63 	7.60 	
4.65 	7.97 	
4.51 	8.03 	
4.66 	6.98 	
4.38 	7.43 	
4.69 	7.32 	
5.44 	7.89 	
4.38 	7.79 	
4.19 	7.66 	
4.43 	8.00 	
4.18 	7.61 	
4.63 	8.00 	
4.42 	7.76 	
4.82 	8.54 	
4.69 	7.55 	
4.26 	7.14 	
4.58 	7.47 	
4.49 	8.06 	
4.63 	7.27 	
4.50 	7.21 	
3.86 	7.57 	
4.33 	7.90 	
4.26 	7.36 	
4.23 	6.55 	
4.67 	6.22 	
4.27 	7.13 	
4.65 	6.07 	
5.11 	6.17 	
4.44 	6.39 	
4.67 	6.96 	
5.13 	7.19 	
5.06 	7.14 	
4.51 	6.93 	
4.26 	7.29 	
3.99 	7.43 	
3.94 	7.01 	
4.52 	7.81 	
4.21 	7.23 	
4.53 	8.02 	
4.18 	7.98 	
4.22 	7.72 	
5.22 	7.12 	
4.47 	7.63 	
4.38 	7.53 	
4.54 	6.74 	
4.19 	8.03 	
4.20 	7.93 	
5.58 	8.16 	
4.46 	7.50 	
4.90 	7.26 	
4.59 	7.61 	
4.74 	6.79 	
5.11 	8.35 	
4.85 	8.34 	
4.93 	7.92 	
5.06 	7.96 	
5.72 	8.06 	
5.24 	8.84 	
5.62 	7.35 	
5.21 	7.44 	
6.19 	7.55 	
4.88 	6.67 	
4.68 	7.33 	
5.14 	7.40 	
4.42 	7.60 	
4.87 	6.93 	
4.08 	7.67 	
4.14 	7.31 	
4.05 	7.75 	
3.96 	7.40 	
4.18 	7.13 	
4.81 	8.16 	
4.65 	7.72 	
4.48 	7.73 	
4.57 	8.23 	
4.28 	7.49 	
4.88 	7.36 	
4.56 	6.79 	
4.35 	7.50 	
4.03 	6.70 	
4.72 	6.87 	
4.71 	7.23 	
4.53 	7.18 	
4.39 	7.22 	
4.27 	6.85 	
3.92 	7.08 	
3.88 	7.26 	
4.32 	7.11 	
4.40 	7.52 	
4.10 	6.82 	
5.03 	6.79 	
4.60 	6.98 	
3.93 	6.97 	
4.19 	7.65 	
4.02 	6.58 	
4.86 	6.86 	
4.14 	6.21 	
2.94 	7.01 	
4.18 	7.42 	
4.01 	6.95 	
2.59 	6.16 	
2.98 	5.74 	
3.11 	6.05 	
2.57 	6.40 	
2.50 	7.74 	
3.11 	6.46 	
2.94 	6.97 	
4.37 	7.17 	
3.77 	7.00 	
3.38 	7.06 	
3.36 	7.29 	
3.80 	7.16 	
3.76 	7.85 	
2.95 	7.23 	
3.21 	7.34 	
3.29 	7.05 	
3.93 	7.09 	
3.12 	7.19 	
3.07 	7.01 	
3.60 	7.65 	
3.65 	6.90 	
3.30 	7.13 	
3.16 	6.96 	
3.43 	6.73 	
3.40 	6.97 	
4.21 	6.46 	
3.46 	6.52 	
3.81 	6.38 	
4.03 	7.43 	
3.58 	7.55 	
3.11 	7.17 	
3.15 	7.58 	
3.86 	7.87 	
4.16 	6.95 	
3.61 	6.98 	
4.23 	7.10 	
3.20 	6.72 	
3.06 	7.93 	
3.49 	7.12 	
2.83 	7.57 	
3.02 	7.25 	
3.18 	7.36 	
3.20 	7.12 	
2.92 	7.01 	
3.09 	7.25 	
3.16 	7.03 	
3.43 	7.09 	
3.10 	7.65 	
3.45 	7.41 	
2.83 	6.95 	
3.23 	7.36 	
3.45 	7.00 	
3.94 	7.73 	
3.67 	7.70 	
2.98 	7.38 	
4.44 	8.25 	
3.78 	7.38 	
3.22 	7.12 	
3.83 	7.35 	
3.09 	7.45 	
3.33 	7.07 	
3.31 	6.89 	
3.53 	7.17 	
3.38 	7.38 	
3.23 	7.77 	
3.28 	7.39 	
3.35 	7.54 	
3.20 	7.37 	
3.29 	7.97 	
3.33 	7.59 	
3.55 	7.84 	
3.29 	7.65 	
2.59 	7.59 	
2.67 	7.63 	
2.93 	8.04 	
2.82 	7.17 	
3.06 	7.25 	
2.84 	7.56 	
2.93 	7.63 	
3.71 	7.34 	
3.28 	7.30 	
2.47 	8.06 	
3.75 	7.04 	
3.54 	7.93 	
3.65 	7.46 	
3.38 	7.71 	
3.29 	7.44 	
3.53 	7.21 	
3.32 	7.48 	
3.76 	7.32 	
3.34 	7.27 	
3.37 	7.89 	
3.13 	7.81 	
3.09 	7.99 	
3.15 	7.63 	
3.68 	7.16 	
3.44 	6.80 	
3.49 	7.17 	
3.41 	7.13 	
4.07 	7.44 	
3.92 	7.72 	
2.95 	7.65 	
3.14 	7.03 	
3.28 	7.64 	
3.16 	8.15 	
3.08 	7.83 	
3.20 	7.52 	
2.96 	7.67 	
2.84 	7.21 	
3.01 	6.50 	
3.06 	7.22 	
3.20 	6.69 	
2.91 	7.57 	
4.47 	7.61 	
3.11 	7.84 	
3.42 	7.69 	
3.63 	7.22 	
3.35 	8.29 	
4.43 	7.52 	
4.82 	7.58 	
4.66 	7.09 	
4.18 	8.19 	
4.61 	7.56 	
4.13 	7.22 	
4.76 	6.39 	
3.98 	7.74 	
4.70 	6.54 	
4.30 	6.71 	
3.34 	6.61 	
2.51 	6.15 	
3.39 	6.91 	
3.30 	6.83 	
3.18 	6.35 	
3.79 	7.04 	
3.91 	7.37 	
3.89 	6.66 	
3.88 	7.77 	
5.06 	7.86 	
4.91 	7.03 	
4.40 	6.28 	
4.46 	6.76 	
4.10 	7.23 	
4.97 	6.88 	
3.81 	7.58 	
4.81 	7.84 	
4.09 	8.16 	
4.70 	6.57 	
2.92 	8.68 	
4.59 	8.12 	
4.45 	7.44 	
4.57 	7.65 	
4.82 	7.89 	
4.78 	6.71 	
3.61 	7.63 	
4.28 	7.77 	
5.09 	7.63 	
4.98 	7.21 	
5.05 	8.26 	
5.24 	7.06 	
3.96 	7.43 	
3.60 	7.55 	
4.17 	7.18 	
5.39 	7.14 	
4.97 	7.67 	
5.22 	7.13 	
5.03 	7.36 	
4.97 	7.18 	
5.34 	7.78 	
4.63 	7.72 	
4.57 	7.25 	
4.72 	7.41 	
3.60 	7.83 	
3.50 	7.36 	
3.93 	7.41 	
3.83 	7.00 	
4.40 	8.35 	
5.04 	7.52 	
6.87 	7.81 	
6.51 	6.97 	
6.05 	7.55 	
6.68 	6.72 	
5.50 	7.71 	
6.12 	7.03 	
5.79 	9.01 	
5.18 	7.81 	
4.21 	8.51 	
3.33 	8.32 	
3.25 	8.84 	
3.60 	7.88 	
3.85 	8.19 	
3.78 	8.18 	
3.56 	7.54 	
3.51 	7.05 	
3.38 	7.41 	
3.26 	7.69 	
3.03 	8.05 	
3.56 	8.07 	
3.17 	7.14 	
4.61 	7.25 	
4.89 	7.85 	
5.33 	7.49 	
4.90 	8.48 	
5.01 	7.62 	
4.83 	7.68 	
4.93 	6.80 	
5.38 	7.60 	
5.28 	7.69 	
4.52 	7.87 	
4.49 	7.35 	
5.17 	7.42 	
5.38 	8.60 	
5.20 	7.05 	
4.88 	7.82 	
5.46 	7.18 	
5.35 	7.67 	
4.73 	7.77 	
5.37 	7.86 	
5.70 	7.19 	
4.65 	7.33 	
4.67 	7.35 	
4.40 	7.05 	
5.88 	6.87 	
5.02 	7.06 	
5.23 	7.45 	
5.34 	6.81 	
5.27 	7.01 	
6.35 	6.63 	
4.90 	6.33 	
5.54 	6.86 	
3.92 	7.01 	
5.72 	6.86 	
5.15 	8.07 	
4.86 	7.29 	
5.34 	7.83 	
5.07 	7.92 	
4.30 	8.10 	
4.20 	8.54 	
4.64 	8.24 	
4.98 	7.82 	
4.21 	7.54 	
3.70 	7.60 	
3.94 	7.28 	
3.13 	8.02 	
4.00 	7.35 	
2.44 	7.14 	
2.83 	7.66 	
2.61 	7.35 	
2.79 	8.36 	
4.88 	7.45 	
4.82 	7.58 	
4.32 	7.95 	
4.61 	8.57 	
3.73 	7.31 	
3.45 	7.73 	
2.98 	7.44 	
4.22 	7.42 	
4.57 	7.21 	
4.34 	7.85 	
4.67 	7.62 	
4.54 	7.68 	
4.43 	8.34 	
4.27 	7.52 	
4.26 	7.83 	
5.62 	7.71 	
4.92 	8.16 	
4.88 	7.74 	
5.28 	7.65 	
5.57 	7.30 	
4.77 	7.83 	
4.89 	7.67 	
4.69 	7.90 	
5.09 	7.82 	
4.93 	7.78 	
4.90 	7.43 	
4.79 	7.01 	
4.76 	6.96 	
4.73 	6.64 	
5.17 	6.74 	
5.39 	6.77 	
5.09 	7.02 	
3.87 	6.73 	
4.06 	7.27 	
3.90 	7.39 	
5.08 	6.78 	
4.93 	7.43 	
5.15 	8.44 	
5.20 	7.86 	
5.22 	8.13 	
4.62 	7.80 	
4.37 	7.98 	
3.97 	8.60 	
4.14 	7.27 	
4.05 	7.41 	
5.16 	7.57 	
4.11 	7.51 	
4.49 	7.67 	
4.49 	8.06 	
4.72 	7.78 	
4.08 	7.37 	
4.03 	8.24 	
4.87 	7.49 	
4.32 	8.05 	
3.77 	7.86 	
4.66 	7.66 	
4.40 	7.67 	
5.23 	8.32 	
5.44 	8.14 	
5.37 	7.76 	
4.82 	8.13 	
5.77 	8.02 	
5.40 	8.10 	
5.38 	7.37 	
4.39 	7.56 	
5.31 	7.67 	
5.15 	7.55 	
4.21 	7.86 	
3.84 	7.44 	
3.77 	7.36 	
5.38 	6.81 	
4.71 	6.95 	
4.26 	7.22 	
3.96 	7.28 	
5.49 	6.58 	
5.58 	7.17 	
5.31 	6.80 	
5.58 	6.75 	
3.98 	7.01 	
4.96 	6.67 	
4.91 	6.01 	
5.40 	6.45 	
4.88 	6.99 	
4.79 	6.39 	
4.36 	7.47 	
3.60 	7.37 	
5.55 	7.39 	
4.91 	6.96 	
5.46 	7.17 	
5.69 	6.98 	
4.51 	7.06 	
5.01 	7.25 	
3.71 	6.80 	
3.98 	6.78 	
3.35 	6.81 	
3.66 	7.30 	
4.38 	7.03 	
4.11 	6.88 	
3.92 	7.27 	
4.06 	7.78 	
4.95 	8.04 	
4.27 	6.96 	
5.30 	7.06 	
4.30 	6.83 	
4.03 	7.43 	
4.19 	6.50 	
4.87 	7.16 	
4.83 	7.28 	
5.88 	7.73 	
3.81 	6.89 	
4.58 	7.21 	
4.41 	6.86 	
4.70 	7.05 	
5.50 	6.98 	
6.85 	7.38 	
5.26 	6.96 	
6.35 	6.65 	
6.63 	6.91 	
7.76 	6.63 	
6.93 	7.30 	
6.98 	7.28 	
6.85 	6.87 	
6.47 	7.45 	
7.25 	7.07 	
6.00 	6.72 	
4.26 	7.27 	
5.42 	7.53 	
5.06 	7.51 	
3.81 	7.39 	
3.34 	7.02 	
4.26 	7.09 	
5.13 	6.63 	
4.34 	6.64 	
4.37 	7.49 	
4.36 	7.80 	
4.58 	8.34 	
4.57 	7.81 	
4.79 	8.11 	
6.16 	6.92 	
5.27 	8.09 	
5.85 	7.26 	
5.71 	7.84 	
4.95 	7.67 	
3.84 	7.68 	
3.53 	7.98 	
4.86 	8.01 	
5.48 	7.73 	
3.81 	7.78 	
3.63 	7.70 	
4.90 	7.56 	
5.03 	7.00 	
5.61 	7.78 	
3.56 	7.27 	
5.13 	7.09 	
3.25 	6.87 	
3.71 	7.05 	
4.35 	7.02 	
5.07 	7.29 	
4.26 	7.91 	
5.26 	7.32 	
4.63 	7.84 	
3.58 	8.18 	
5.90 	8.60 	
5.42 	7.62 	
5.35 	7.93 	
4.59 	7.78 	
4.86 	7.66 	
4.77 	8.34 	
5.36 	7.65 	
4.54 	7.79 	
4.92 	8.44 	
3.73 	7.97 	
4.44 	8.10 	
3.42 	8.12 	
4.41 	8.24 	
4.50 	8.26 	
5.06 	7.81 	
6.12 	7.84 	
4.77 	7.92 	
3.69 	7.87 	
5.00 	7.63 	
5.29 	8.35 	
5.81 	8.06 	
4.66 	7.98 	
4.94 	7.77 	
4.90 	8.04 	
4.31 	8.20 	
5.13 	7.93 	
5.01 	7.40 	
4.95 	7.16 	
5.37 	7.39 	
4.68 	6.70 	
3.91 	7.39 	
3.48 	7.07 	
4.89 	7.06 	
3.91 	7.32 	
6.48 	7.62 	
4.24 	7.24 	
4.83 	7.68 	
4.47 	7.73 	
4.02 	7.23 	
4.69 	7.55 	
4.44 	7.53 	
6.40 	7.30 	
5.23 	7.49 	
6.08 	7.00 	
5.90 	7.24 	
6.50 	7.24 	
6.54 	7.60 	
6.15 	7.01 	
5.85 	7.21 	
5.53 	7.06 	
6.29 	7.12 	
5.52 	7.41 	
5.11 	7.02 	
5.18 	6.91 	
5.98 	7.79 	
5.78 	7.79 	
5.78 	7.75 	
5.39 	7.20 	
4.38 	8.23 	
5.87 	6.94 	
4.36 	7.16 	
5.74 	7.63 	
5.17 	7.03 	
5.43 	7.43 	
5.03 	7.14 	
5.48 	6.47 	
4.99 	6.53 	
5.47 	6.96 	
5.07 	6.70 	
5.19 	7.58 	
5.50 	8.41 	
5.91 	7.35 	
5.96 	8.06 	
5.08 	7.65 	
5.10 	7.54 	
4.04 	7.53 	
3.03 	7.08 	
4.42 	7.73 	
5.51 	6.92 	
5.19 	7.77 	
4.81 	7.51 	
3.55 	7.63 	
3.76 	6.87 	
2.68 	7.14 	
4.78 	6.76 	
6.61 	8.08 	
5.27 	7.12 	
5.54 	7.25 	
6.96 	7.05 	
6.44 	7.20 	
6.46 	7.48 	
5.23 	8.20 	
4.66 	7.64 	
4.47 	8.05 	
5.23 	7.82 	
4.00 	7.78 	
5.75 	7.31 	
6.55 	6.92 	
7.12 	6.53 	
6.51 	7.89 	
6.48 	8.06 	
6.38 	8.16 	
6.01 	8.47 	
6.60 	8.03 	
5.92 	6.90 	
6.11 	7.29 	
6.02 	6.73 	
4.95 	6.81 	
3.86 	7.17 	
3.86 	7.39 	
3.99 	7.78 	
6.26 	7.16 	
6.17 	7.47 	
6.28 	8.32 	
6.28 	7.45 	
6.23 	7.47 	
6.58 	7.11 	
5.42 	6.83 	
4.81 	7.03 	
4.98 	6.98 	
4.05 	7.50 	
6.40 	7.76 	
6.76 	7.19 	
5.86 	7.24 	
4.75 	7.47 	
5.58 	7.92 	
6.04 	7.74 	
6.18 	6.95 	
5.98 	7.56 	
5.85 	7.26 	
6.82 	7.73 	
6.52 	6.86 	
6.42 	7.62 	
6.18 	6.72 	
6.27 	7.90 	
5.41 	6.83 	
4.73 	7.65 	
6.84 	8.27 	
5.57 	6.91 	
6.30 	7.00 	
6.27 	6.89 	
6.39 	6.85 	
6.90 	6.75 	
6.94 	6.97 	
6.10 	6.81 	
6.89 	7.13 	
6.34 	7.02 	
6.14 	7.40 	
5.77 	7.39 	
5.48 	7.35 	
6.73 	7.10 	
5.34 	7.36 	
6.35 	6.69 	
5.65 	7.07 	
6.79 	7.37 	
5.74 	7.26 	
6.47 	7.04 	
6.57 	6.97 	
7.40 	7.92 	
7.67 	8.46 	
6.93 	7.89 	
7.70 	7.29 	
6.59 	7.71 	
6.92 	7.73 	
6.97 	7.83 	
6.42 	7.94 	
6.50 	7.99 	
7.15 	7.92 	
7.90 	7.87 	
7.17 	8.15 	
7.25 	7.09 	
7.31 	8.04 	
7.24 	7.90 	
6.23 	8.19 	
5.60 	7.83 	
4.87 	7.64 	
6.52 	7.45 	
7.19 	8.12 	
6.12 	7.41 	
6.68 	8.06 	
7.07 	7.24 	
5.91 	7.57 	
6.11 	7.43 	
6.41 	8.05 	
6.09 	7.84 	
5.96 	7.49 	
5.43 	6.59 	
5.52 	7.21 	
5.57 	7.10 	
5.83 	6.50 	
6.33 	6.81 	
6.84 	6.78 	
6.54 	6.75 	
6.54 	6.81 	
7.11 	7.11 	
5.82 	7.01 	
5.89 	7.24 	
6.26 	7.16 	
6.40 	6.82 	
5.24 	6.90 	
5.85 	6.67 	
6.80 	6.71 	
5.66 	7.18 	
6.43 	7.59 	
6.87 	6.63 	
7.24 	7.55 	
6.23 	7.85 	
5.45 	7.70 	
6.85 	7.33 	
6.11 	6.57 	
6.73 	6.86 	
5.58 	6.31 	
6.06 	6.88 	
6.44 	6.94 	
6.98 	7.03 	
6.58 	6.99 	
7.19 	6.56 	
6.25 	6.76 	
6.72 	6.96 	
7.29 	6.86 	
5.88 	6.81 	
6.35 	6.50 	
5.18 	6.71 	
6.32 	6.93 	
6.03 	7.13 	
6.61 	6.29 	
6.05 	6.97 	
5.35 	6.89 	
7.39 	7.08 	
6.39 	7.15 	
6.44 	7.74 	
6.22 	7.75 	
6.84 	7.88 	
6.58 	7.62 	
7.12 	8.15 	
6.93 	7.06 	
6.83 	7.10 	
6.71 	7.10 	
6.43 	6.75 	
6.90 	7.05 	
6.54 	6.96 	
6.02 	6.33 	
6.93 	7.02 	
7.03 	7.17 	
6.08 	6.74 	
6.31 	6.71 	
5.95 	6.72 	
6.92 	6.76 	
6.42 	6.85 	
6.24 	6.56 	
6.46 	7.03 	
6.67 	6.49 	
6.37 	6.42 	
6.12 	7.43 	
5.94 	6.69 	
6.42 	7.34 	
5.20 	7.19 	
5.82 	7.81 	
6.45 	7.76 	
5.85 	8.00 	
6.01 	7.81 	
5.23 	7.76 	
6.68 	7.49 	
6.14 	8.59 	
5.95 	7.61 	
6.10 	7.42 	
5.47 	7.59 	
6.32 	7.72 	
6.55 	7.78 	
6.96 	7.72 	
5.25 	7.76 	
6.86 	7.62 	
6.37 	7.05 	
6.14 	8.21 	
4.64 	7.48 	
5.08 	8.11 	
5.46 	7.94 	
5.45 	7.99 	
5.10 	8.23 	
6.60 	7.54 	
5.44 	7.53 	
5.97 	7.40 	
6.02 	7.42 	
5.40 	7.64 	
6.28 	8.23 	
5.63 	7.81 	
5.14 	7.45 	
4.69 	7.29 	
5.41 	7.37 	
5.58 	7.63 	
6.06 	7.22 	
4.99 	7.66 	
5.35 	8.18 	
5.20 	7.74 	
5.74 	7.52 	
6.18 	7.76 	
6.96 	7.98 	
6.63 	7.94 	
6.55 	7.38 	
6.42 	7.28 	
6.19 	7.51 	
5.90 	7.34 	
6.05 	7.57 	
7.07 	7.24 	
6.65 	7.95 	
6.41 	6.92 	
6.82 	7.25 	
6.34 	7.72 	
7.41 	7.61 	
6.67 	7.12 	
6.49 	7.81 	
6.82 	7.35 	
5.89 	7.54 	
6.73 	6.85 	
6.57 	7.80 	
6.54 	7.13 	
6.40 	7.33 	
6.94 	7.12 	
6.41 	6.91 	
6.53 	7.23 	
7.03 	7.60 	
7.52 	7.34 	
5.77 	7.35 	
6.85 	7.84 	
7.37 	7.71 	
6.90 	7.81 	
6.53 	7.48 	
6.38 	7.48 	
5.94 	7.41 	
6.36 	6.98 	
6.09 	7.16 	
6.12 	7.67 	
6.67 	7.36 	
6.63 	7.64 	
5.59 	8.18 	
7.35 	8.03 	
5.84 	6.85 	
6.71 	7.61 	
5.89 	6.93 	
6.95 	7.61 	
6.22 	7.77 	
7.58 	7.25 	
6.42 	7.05 	
6.06 	6.79 	
5.75 	8.16 	
6.05 	8.37 	
6.44 	7.29 	
6.68 	7.45 	
6.64 	7.68 	
5.80 	7.18 	
5.90 	7.72 	
5.95 	7.76 	
6.55 	7.29 	
5.89 	7.11 	
6.59 	7.12 	
4.92 	6.58 	
5.14 	7.03 	
5.49 	6.95 	
5.95 	6.50 	
6.31 	6.00 	
5.81 	6.88 	
6.54 	7.11 	
5.38 	7.50 	
6.24 	7.25 	
6.57 	6.90 	
7.42 	7.14 	
7.75 	6.53 	
7.14 	6.84 	
6.98 	6.88 	
7.07 	6.54 	
6.46 	6.61 	
6.91 	7.24 	
6.45 	5.68 	
6.14 	5.77 	
7.27 	5.95 	
6.87 	6.78 	
5.50 	6.35 	
5.72 	5.85 	
6.42 	6.11 	
5.75 	6.00 	
6.05 	5.79 	
5.70 	6.05 	
6.62 	6.12 	
6.57 	6.33 	
6.91 	6.09 	
6.20 	6.56 	
6.07 	6.40 	
5.80 	6.73 	
8.16 	6.77 	
7.73 	6.68 	
6.35 	6.23 	
5.63 	5.91 	
6.90 	5.72 	
6.52 	6.04 	
6.92 	6.10 	
6.81 	6.24 	
6.68 	6.27 	
6.40 	5.83 	
6.91 	6.04 	
6.70 	6.52 	
6.04 	7.25 	
5.75 	6.77 	
6.66 	6.93 	
6.64 	6.42 	
6.14 	6.28 	
6.11 	6.11 	
6.36 	7.01 	
6.83 	7.94 	
6.88 	6.96 	
6.53 	7.62 	
6.69 	7.22 	
6.87 	6.65 	
6.40 	6.57 	
7.66 	7.07 	
7.30 	6.69 	
6.32 	6.54 	
5.96 	6.24 	
5.71 	6.48 	
6.78 	6.78 	
6.38 	6.56 	
6.23 	6.61 	
5.31 	6.20 	
5.65 	6.16 	
5.40 	6.71 	
6.67 	7.04 	
6.74 	6.35 	
6.54 	6.42 	
6.43 	6.53 	
6.77 	6.28 	
5.82 	5.87 	
6.22 	5.79 	
6.12 	6.17 	
5.61 	6.42 	
5.96 	6.21 	
5.46 	6.39 	
5.34 	6.42 	
6.43 	6.41 	
6.39 	6.42 	
6.03 	6.37 	
6.54 	5.82 	
6.06 	6.34 	
6.67 	6.19 	
6.59 	7.11 	
6.50 	6.86 	
6.18 	6.71 	
6.13 	7.16 	
6.78 	6.82 	
6.41 	6.00 	
6.32 	6.50 	
6.66 	6.88 	
5.53 	7.25 	
6.67 	6.33 	
6.83 	6.96 	
6.88 	6.58 	
6.43 	6.30 	
5.97 	6.29 	
5.47 	5.52 	
6.65 	6.07 	
5.28 	6.73 	
4.69 	6.50 	
5.27 	5.90 	
6.03 	5.79 	
6.09 	6.69 	
6.06 	6.18 	
6.25 	6.66 	
5.95 	6.87 	
7.03 	6.78 	
6.02 	6.48 	
6.86 	7.26 	
7.58 	6.19 	
6.86 	6.95 	
7.09 	7.03 	
7.07 	6.63 	
6.56 	6.88 	
6.29 	6.72 	
5.91 	6.66 	
5.68 	6.34 	
6.41 	6.63 	
6.33 	6.61 	
7.51 	6.86 	
6.70 	6.92 	
5.20 	6.88 	
6.16 	6.60 	
6.17 	6.97 	
5.91 	5.80 	
5.37 	6.25 	
5.65 	7.08 	
5.40 	6.60 	
5.70 	6.11 	
5.42 	6.77 	
5.40 	6.29 	
5.89 	6.74 	
5.84 	6.85 	
6.54 	6.86 	
5.23 	6.71 	
6.38 	6.30 	
6.12 	6.20 	
6.26 	6.63 	
6.51 	6.58 	
5.58 	7.05 	
4.26 	6.75 	
6.21 	6.65 	
6.55 	6.70 	
5.85 	6.63 	
5.36 	5.84 	
5.24 	6.35 	
7.54 	7.06 	
7.79 	6.81 	
6.80 	7.35 	
6.97 	7.05 	
6.69 	7.32 	
6.83 	6.27 	
5.65 	6.83 	
5.61 	7.17 	
7.72 	6.78 	
6.43 	6.28 	
7.19 	6.40 	
6.08 	6.29 	
6.47 	6.36 	
5.93 	6.61 	
5.50 	6.08 	
5.32 	6.05 	
5.03 	6.41 	
5.62 	6.17 	
6.00 	6.14 	
5.71 	6.66 	
5.60 	6.19 	
6.45 	5.54 	
6.62 	6.20 	
6.43 	6.70 	
6.44 	6.26 	
5.47 	5.94 	
5.86 	6.50 	
6.19 	6.33 	
6.72 	6.21 	
5.61 	6.28 	
6.20 	6.53 	
5.81 	6.48 	
4.80 	6.35 	
6.73 	6.21 	
7.11 	5.91 	
5.93 	6.48 	
5.80 	6.27 	
6.45 	6.41 	
5.36 	6.96 	
5.75 	6.00 	
7.23 	6.39 	
6.92 	6.59 	
7.86 	6.22 	
6.61 	7.17 	
5.54 	6.34 	
5.84 	7.09 	
6.19 	6.94 	
6.33 	6.22 	
5.86 	6.79 	
6.32 	6.86 	
5.74 	6.90 	
6.46 	6.82 	
5.93 	6.19 	
5.77 	6.69 	
5.54 	6.80 	
6.53 	7.07 	
6.25 	6.36 	
6.31 	6.33 	
5.63 	6.85 	
5.90 	6.70 	
6.58 	6.11 	
7.45 	6.49 	
6.01 	6.72 	
6.39 	6.80 	
7.58 	6.67 	
7.46 	6.31 	
7.14 	6.41 	
5.88 	5.97 	
3.93 	6.55 	
5.39 	6.48 	
4.90 	6.27 	
5.36 	6.13 	
6.15 	6.83 	
7.09 	6.18 	
6.50 	6.83 	
5.54 	6.53 	
4.94 	7.10 	
5.57 	6.64 	
5.86 	6.77 	
7.14 	6.51 	
6.56 	6.77 	
7.91 	6.33 	
7.01 	6.55 	
6.05 	6.84 	
6.16 	6.83 	
7.49 	6.93 	
6.85 	6.77 	
6.88 	6.90 	
6.22 	6.10 	
6.83 	6.76 	
6.98 	6.80 	
7.81 	7.34 	
7.22 	7.49 	
5.91 	7.20 	
7.33 	7.08 	
6.71 	7.10 	
6.22 	7.06 	
6.73 	6.95 	
6.60 	6.84 	
6.13 	6.83 	
6.28 	6.67 	
7.96 	6.54 	
6.79 	6.86 	
6.73 	6.76 	
6.71 	6.89 	
6.95 	7.10 	
5.82 	6.23 	
6.87 	6.92 	
7.31 	6.52 	
6.83 	6.63 	
7.29 	5.99 	
6.41 	6.04 	
7.34 	6.25 	
7.23 	6.17 	
7.88 	6.30 	
7.41 	6.22 	
7.06 	6.63 	
6.95 	5.79 	
7.13 	6.30 	
6.40 	6.86 	
6.45 	6.25 	
6.04 	6.58 	
6.89 	6.75 	
6.71 	6.24 	
7.39 	5.76 	
8.23 	6.27 	
7.52 	6.48 	
7.61 	6.60 	
8.09 	5.96 	
6.46 	6.12 	
5.92 	6.13 	
5.81 	7.15 	
5.00 	6.69 	
7.13 	6.22 	
7.15 	6.01 	
6.91 	6.17 	
4.83 	5.99 	
5.31 	6.23 	
4.57 	6.36 	
3.63 	6.85 	
3.69 	6.75 	
4.67 	7.13 	
4.42 	6.66 	
6.05 	6.35 	
5.17 	6.48 	
4.24 	6.23 	
5.72 	6.30 	
6.99 	6.27 	
7.10 	6.32 	
6.77 	6.34 	
6.97 	5.84 	
6.37 	6.02 	
6.32 	6.78 	
6.05 	5.93 	
6.01 	5.82 	
6.84 	6.02 	
6.41 	5.86 	
5.52 	5.62 	
6.64 	5.91 	
5.93 	6.12 	
7.59 	5.51 	
6.59 	5.73 	
7.20 	5.48 	
6.16 	6.19 	
6.65 	5.83 	
6.90 	6.81 	
6.93 	6.33 	
6.58 	6.56 	
6.38 	6.61 	
5.73 	6.69 	
5.79 	6.80 	
6.06 	6.58 	
6.60 	5.87 	
6.63 	5.99 	
5.74 	6.11 	
5.94 	6.53 	
5.64 	5.86 	
5.64 	5.73 	
6.45 	5.90 	
6.08 	5.98 	
6.34 	5.96 	
5.83 	6.26 	
5.79 	6.02 	
5.97 	5.98 	
6.61 	5.94 	
7.33 	6.15 	
6.37 	6.58 	
6.12 	6.75 	
6.76 	6.50 	
6.82 	6.51 	
6.89 	6.35 	
5.42 	6.08 	
5.03 	6.39 	
6.42 	6.39 	
5.40 	6.99 	
4.22 	6.25 	
5.39 	6.59 	
4.97 	6.32 	
6.41 	6.31 	
5.81 	6.51 	
5.94 	6.36 	
5.40 	6.78 	
5.45 	6.08 	
5.45 	6.57 	
5.44 	7.49 	
5.06 	6.92 	
6.73 	6.83 	
5.46 	6.62 	
5.23 	6.98 	
6.61 	6.83 	
6.90 	6.93 	
6.15 	6.60 	
6.24 	6.77 	
5.87 	5.97 	
6.16 	6.15 	
6.56 	6.42 	
5.90 	6.97 	
5.78 	7.02 	
5.68 	6.58 	
5.93 	6.56 	
5.67 	7.30 	
5.39 	6.38 	
6.75 	6.96 	
6.77 	6.65 	
6.64 	6.48 	
6.72 	7.00 	
5.49 	6.96 	
6.58 	6.95 	
7.22 	6.37 	
6.02 	6.84 	
6.06 	6.69 	
5.69 	6.62 	
7.10 	6.50 	
4.82 	6.44 	
6.64 	6.69 	
6.30 	6.52 	
7.42 	6.87 	
7.53 	7.17 	
7.20 	6.11 	
6.61 	6.80 	
6.60 	6.29 	
5.37 	6.74 	
6.91 	6.11 	
5.93 	6.65 	
5.59 	6.05 	
4.97 	6.63 	
4.51 	6.67 	
6.10 	6.52 	
6.28 	6.81 	
6.60 	6.60 	
8.15 	6.64 	
6.17 	6.56 	
6.93 	6.39 	
7.67 	6.66 	
6.10 	6.41 	
6.62 	6.62 	
5.79 	6.33 	
6.07 	6.75 	
6.55 	5.51 	
5.32 	5.86 	
6.62 	5.93 	
7.15 	6.32 	
6.94 	5.98 	
3.78 	6.15 	
6.36 	6.50 	
6.50 	6.34 	
5.68 	6.60 	
6.69 	6.38 	
6.75 	6.73 	
7.31 	5.89 	
6.58 	6.14 	
7.16 	6.76 	
6.53 	6.23 	
5.49 	6.45 	
5.99 	6.03 	
5.38 	5.99 	
6.58 	6.23 	
6.98 	6.04 	
6.14 	6.22 	
6.29 	6.50 	
6.17 	5.98 	
6.66 	6.40 	
6.78 	6.09 	
6.63 	6.42 	
6.07 	5.77 	
6.79 	6.52 	
6.80 	6.52 	
7.09 	6.71 	
6.55 	5.79 	
6.79 	5.31 	
6.99 	6.57 	
6.45 	6.38 	
7.12 	6.27 	
6.59 	6.24 	
4.75 	6.70 	
5.63 	6.28 	
5.86 	6.07 	
5.78 	6.89 	
6.26 	7.03 	
6.85 	6.72 	
6.76 	6.61 	
6.50 	6.57 	
5.99 	6.32 	
6.29 	6.69 	
7.11 	6.24 	
6.85 	6.51 	
7.82 	6.51 	
7.51 	6.92 	
7.39 	6.53 	
8.06 	6.97 	
8.49 	6.57 	
7.35 	6.92 	
6.89 	6.77 	
6.21 	6.00 	
5.92 	6.38 	
5.79 	6.23 	
6.09 	6.01 	
5.95 	5.75 	
5.65 	5.97 	
5.06 	6.78 	
5.27 	5.89 	
5.32 	6.42 	
5.52 	6.09 	
5.70 	6.26 	
5.39 	6.51 	
5.37 	6.18 	
5.62 	6.32 	
5.36 	6.69 	
5.24 	5.92 	
5.15 	6.04 	
6.29 	7.08 	
5.42 	6.02 	
5.86 	6.35 	
5.27 	6.25 	
5.89 	6.41 	
6.21 	6.42 	
6.44 	6.57 	
6.03 	6.79 	
5.76 	6.40 	
5.68 	6.64 	
5.83 	6.91 	
4.88 	6.36 	
6.20 	6.11 	
5.25 	6.62 	
5.95 	6.76 	
5.67 	6.08 	
5.54 	6.19 	
4.90 	6.22 	
5.77 	6.01 	
4.54 	6.54 	
5.03 	5.73 	
4.92 	6.67 	
4.99 	6.55 	
4.83 	6.06 	
4.84 	6.15 	
4.90 	6.70 	
4.30 	6.29 	
6.14 	6.34 	
6.02 	6.40 	
6.43 	6.53 	
5.72 	6.71 	
5.59 	6.07 	
5.00 	5.78 	
5.57 	5.92 	
5.10 	7.13 	
5.55 	6.76 	
5.40 	6.62 	
5.73 	6.92 	
5.55 	6.99 	
5.04 	7.12 	
5.40 	7.46 	
5.33 	7.11 	
4.47 	7.57 	
5.76 	7.22 	
4.89 	6.80 	
5.24 	6.62 	
5.70 	6.90 	
4.61 	7.21 	
5.19 	7.92 	
5.21 	7.59 	
4.71 	7.41 	
5.10 	7.12 	
5.93 	7.59 	
6.44 	7.47 	
5.62 	7.47 	
5.05 	7.53 	
5.25 	7.31 	
5.22 	7.76 	
5.28 	8.33 	
5.03 	7.58 	
4.88 	7.48 	
5.25 	7.66 	
4.86 	7.56 	
5.35 	7.54 	
5.28 	6.92 	
6.52 	7.59 	
6.53 	7.22 	
7.10 	7.73 	
6.93 	7.42 	
7.37 	7.43 	
6.44 	7.59 	
7.52 	7.87 	
7.05 	7.22 	
6.87 	7.91 	
7.37 	8.06 	
7.80 	7.02 	
7.27 	7.36 	
5.42 	7.27 	
5.70 	7.78 	
5.49 	7.66 	
5.34 	7.63 	
7.08 	7.07 	
6.38 	7.13 	
6.64 	7.38 	
5.37 	7.04 	
5.46 	7.75 	
6.24 	6.96 	
6.02 	6.66 	
7.02 	7.79 	
6.40 	7.14 	
5.43 	7.27 	
6.26 	7.31 	
4.87 	7.18 	
5.16 	7.15 	
5.37 	6.40 	
5.47 	7.20 	
5.64 	6.52 	
5.52 	6.98 	
6.75 	6.95 	
6.34 	6.20 	
5.15 	6.53 	
5.74 	6.54 	
6.49 	6.56 	
6.85 	6.87 	
6.32 	6.45 	
5.92 	6.83 	
6.26 	7.19 	
5.42 	6.83 	
5.96 	6.06 	
5.07 	6.89 	
4.70 	7.30 	
5.45 	7.02 	
6.41 	6.77 	
5.97 	7.35 	
6.32 	7.03 	
6.16 	7.32 	
6.92 	6.88 	
6.21 	6.57 	
6.78 	7.51 	
6.21 	7.43 	
7.74 	7.08 	
6.49 	7.00 	
6.89 	6.93 	
7.21 	7.27 	
7.33 	6.95 	
5.89 	6.73 	
6.44 	6.13 	
6.19 	7.01 	
6.87 	7.42 	
6.59 	6.96 	
6.17 	6.16 	
6.53 	6.05 	
7.16 	6.85 	
6.65 	7.16 	
6.29 	6.71 	
6.82 	7.46 	
6.70 	6.18 	
7.75 	6.43 	
6.09 	7.18 	
6.22 	6.67 	
6.53 	6.54 	
5.39 	7.04 	
6.52 	7.18 	
6.75 	7.02 	
6.81 	6.98 	
6.45 	6.36 	
6.26 	6.53 	
6.46 	7.19 	
7.36 	6.17 	
6.14 	6.38 	
6.13 	6.11 	
4.84 	6.50 	
4.58 	6.50 	
3.54 	6.16 	
4.65 	5.90 	
4.66 	6.39 	
4.75 	6.35 	
5.07 	6.28 	
4.65 	5.96 	
5.21 	5.86 	
4.51 	6.58 	
3.86 	6.44 	
4.97 	6.26 	
4.63 	6.35 	
4.58 	6.41 	
4.43 	6.98 	
5.18 	5.88 	
5.39 	6.14 	
5.80 	6.66 	
6.89 	5.87 	
8.23 	5.98 	
5.77 	5.70 	
7.90 	5.80 	
6.44 	5.90 	
7.07 	6.33 	
6.30 	5.80 	
5.24 	5.88 	
7.11 	6.11 	
5.61 	6.26 	
5.93 	5.84 	
5.71 	5.70 	
5.58 	5.19 	
7.18 	5.81 	
6.69 	6.16 	
5.25 	6.17 	
5.59 	6.08 	
5.34 	5.89 	
5.82 	6.38 	
6.21 	5.92 	
6.54 	6.33 	
6.52 	5.91 	
7.92 	6.39 	
6.05 	6.48 	
5.87 	6.62 	
5.72 	6.07 	
5.54 	6.12 	
4.85 	6.33 	
5.74 	6.83 	
6.27 	5.77 	
7.31 	6.15 	
6.00 	6.01 	
6.75 	6.26 	
7.96 	6.02 	
5.68 	6.37 	
6.33 	5.99 	
5.80 	6.02 	
6.31 	6.25 	
5.75 	5.80 	
5.89 	5.88 	
5.83 	5.67 	
6.54 	5.97 	
7.68 	5.96 	
8.04 	6.03 	
6.07 	6.00 	
5.56 	5.84 	
5.51 	6.23 	
5.15 	5.57 	
4.15 	5.75 	
6.01 	6.46 	
4.93 	6.00 	
5.17 	5.50 	
6.14 	5.43 	
6.45 	5.35 	
6.28 	5.82 	
5.94 	5.38 	
6.48 	5.06 	
7.01 	6.09 	
7.27 	5.81 	
7.02 	5.93 	
6.82 	5.97 	
7.13 	5.61 	
6.89 	5.99 	
5.70 	5.78 	
7.08 	5.97 	
6.10 	6.13 	
5.43 	6.34 	
6.73 	5.98 	
5.20 	5.30 	
5.94 	5.81 	
6.38 	5.76 	
5.43 	5.89 	
4.19 	6.29 	
5.16 	6.18 	
3.33 	5.55 	
5.14 	6.84 	
5.46 	6.07 	
6.12 	6.23 	
5.64 	6.34 	
4.73 	6.04 	
6.34 	6.55 	
5.63 	6.71 	
5.77 	6.35 	
5.69 	6.26 	
5.91 	6.89 	
5.31 	7.20 	
5.25 	6.94 	
5.24 	6.46 	
5.11 	7.33 	
6.70 	7.17 	
5.90 	6.52 	
4.97 	6.79 	
5.49 	6.72 	
4.78 	6.52 	
5.09 	6.31 	
4.73 	6.43 	
4.97 	6.52 	
4.91 	6.38 	
4.49 	6.47 	
5.46 	6.49 	
4.84 	6.83 	
4.61 	6.84 	
4.10 	7.08 	
6.32 	6.49 	
5.14 	6.65 	
5.41 	6.50 	
5.64 	6.92 	
4.82 	6.84 	
5.46 	7.30 	
5.75 	7.05 	
4.37 	6.54 	
4.87 	6.25 	
4.35 	6.52 	
3.97 	6.72 	
4.78 	7.60 	
5.15 	7.56 	
7.41 	6.14 	
7.10 	5.91 	
7.54 	5.71 	
7.41 	6.01 	
8.91 	5.93 	
8.55 	6.25 	
7.49 	5.76 	
7.55 	6.54 	
5.94 	6.52 	
7.60 	5.94 	
7.96 	5.70 	
7.67 	7.33 	
7.72 	7.38 	
6.19 	6.42 	
5.89 	7.07 	
6.57 	7.77 	
6.49 	5.82 	
6.66 	5.99 	
7.91 	5.90 	
8.57 	6.78 	
8.58 	7.33 	
8.38 	6.64 	
9.25 	6.54 	
8.47 	6.08 	
10.79 	6.24 	
10.49 	6.32 	
8.75 	5.44 	
6.90 	6.19 	
6.49 	5.59 	
8.22 	5.31 	
8.09 	6.05 	
8.22 	5.67 	
7.65 	6.21 	
6.15 	5.33 	
8.16 	6.39 	
7.49 	5.76 	
8.57 	5.45 	
7.65 	6.19 	
7.02 	6.30 	
7.62 	6.65 	
6.94 	5.95 	
7.73 	6.03 	
8.01 	5.94 	
7.83 	5.61 	
7.64 	5.81 	
7.87 	6.00 	
7.61 	5.57 	
7.24 	5.78 	
7.12 	5.62 	
7.31 	5.39 	
8.44 	5.65 	
7.86 	6.18 	
8.75 	5.57 	
5.64 	6.29 	
5.84 	5.92 	
7.23 	6.14 	
6.49 	5.42 	
7.37 	5.61 	
7.25 	5.79 	
6.78 	6.00 	
7.19 	5.77 	
8.34 	6.12 	
7.77 	6.86 	
6.91 	5.74 	
8.26 	6.06 	
8.26 	6.06 	
8.88 	5.61 	
8.15 	5.42 	
8.23 	5.90 	
9.14 	5.97 	
8.34 	6.06 	
8.42 	6.12 	
8.29 	6.00 	
8.68 	6.12 	
7.74 	5.71 	
8.15 	5.84 	
7.47 	6.41 	
7.51 	5.94 	
8.41 	6.49 	
7.97 	6.05 	
8.56 	6.13 	
8.83 	6.58 	
8.83 	7.04 	
8.75 	6.93 	
7.82 	7.18 	
7.68 	7.16 	
8.76 	5.95 	
8.28 	5.89 	
7.65 	5.71 	
8.36 	6.00 	
8.58 	7.46 	
8.74 	6.47 	
8.57 	7.05 	
8.87 	6.88 	
7.52 	5.93 	
9.12 	6.97 	
8.60 	6.92 	
8.95 	7.99 	
8.89 	7.77 	
8.46 	7.22 	
8.38 	6.18 	
8.37 	6.94 	
9.69 	7.11 	
9.37 	7.23 	
9.62 	7.29 	
10.52 	7.30 	
9.21 	7.30 	
10.31 	7.33 	
9.69 	7.11 	
9.59 	6.23 	
8.92 	6.90 	
8.61 	6.99 	
8.26 	6.96 	
7.87 	6.78 	
8.91 	7.19 	
9.41 	7.58 	
9.34 	6.56 	
9.33 	6.77 	
8.27 	6.68 	
9.71 	7.71 	
9.73 	7.55 	
9.98 	7.48 	
9.94 	7.62 	
9.61 	7.23 	
8.74 	7.48 	
10.63 	7.18 	
10.41 	6.91 	
10.36 	6.29 	
9.89 	6.68 	
10.09 	7.03 	
9.29 	7.51 	
8.83 	6.53 	
9.22 	6.89 	
8.47 	7.55 	
7.45 	6.64 	
6.36 	6.84 	
7.05 	7.19 	
6.79 	7.45 	
8.70 	6.75 	
8.73 	7.07 	
7.72 	7.07 	
9.18 	6.61 	
8.40 	6.37 	
8.41 	7.00 	
8.43 	6.49 	
8.72 	6.88 	
8.22 	6.80 	
9.16 	6.08 	
9.94 	6.71 	
9.35 	7.14 	
8.09 	7.02 	
9.72 	6.44 	
8.09 	6.08 	
8.25 	6.73 	
7.44 	6.93 	
7.42 	7.16 	
8.21 	7.23 	
10.48 	7.42 	
8.68 	7.60 	
9.48 	8.46 	
9.49 	8.54 	
9.75 	7.25 	
9.26 	7.88 	
8.96 	8.15 	
8.00 	7.39 	
9.06 	8.03 	
9.06 	7.24 	
9.24 	6.64 	
10.02 	7.19 	
8.90 	7.49 	
9.18 	7.41 	
10.10 	8.26 	
8.85 	7.80 	
7.52 	7.85 	
6.32 	7.16 	
5.37 	6.98 	
8.75 	8.10 	
8.58 	8.71 	
8.36 	8.51 	
8.97 	8.05 	
9.87 	7.32 	
9.12 	7.13 	
10.11 	7.49 	
8.72 	8.50 	
10.83 	7.80 	
10.48 	8.04 	
8.71 	7.50 	
9.91 	7.61 	
10.19 	7.43 	
10.08 	7.48 	
9.66 	7.20 	
10.25 	7.54 	
10.45 	8.02 	
10.56 	7.38 	
10.55 	7.81 	
9.28 	6.61 	
8.54 	7.71 	
9.33 	7.76 	
8.96 	8.81 	
7.16 	7.17 	
7.40 	7.21 	
8.06 	7.39 	
7.37 	7.92 	
6.92 	8.02 	
8.34 	7.65 	
7.79 	8.29 	
8.73 	8.03 	
8.01 	7.45 	
8.85 	6.22 	
7.33 	7.10 	
7.72 	6.27 	
8.05 	7.57 	
7.52 	7.80 	
7.88 	7.82 	
7.67 	8.12 	
8.19 	8.47 	
7.71 	8.25 	
7.65 	8.23 	
7.99 	8.30 	
7.84 	7.93 	
8.50 	7.37 	
7.59 	7.21 	
8.27 	6.94 	
8.79 	6.56 	
8.69 	6.54 	
8.42 	6.91 	
8.66 	6.55 	
8.66 	6.96 	
9.16 	7.52 	
9.61 	7.56 	
9.23 	7.63 	
8.37 	6.64 	
7.88 	6.95 	
8.07 	6.69 	
8.22 	7.21 	
8.11 	7.88 	
8.54 	7.32 	
8.67 	8.58 	
8.91 	7.77 	
9.21 	7.00 	
10.05 	7.18 	
8.62 	7.18 	
7.51 	7.55 	
9.29 	6.49 	
8.53 	7.11 	
8.37 	7.75 	
7.55 	6.74 	
8.00 	7.22 	
7.84 	7.06 	
8.35 	6.19 	
8.43 	8.15 	
9.86 	7.38 	
10.07 	7.46 	
9.29 	7.56 	
10.21 	6.62 	
8.62 	7.34 	
9.21 	7.21 	
9.15 	7.60 	
8.77 	7.27 	
9.56 	7.76 	
10.03 	7.85 	
10.05 	7.97 	
8.87 	7.09 	
9.98 	8.42 	
10.06 	6.94 	
9.59 	7.22 	
9.00 	7.19 	
8.92 	7.63 	
9.34 	7.81 	
9.75 	7.31 	
8.86 	6.61 	
8.77 	7.63 	
8.21 	7.90 	
7.37 	7.40 	
8.77 	6.46 	
10.05 	7.96 	
8.53 	7.29 	
9.13 	7.42 	
8.78 	7.36 	
9.39 	7.33 	
8.88 	7.19 	
9.41 	7.99 	
9.15 	7.16 	
8.62 	7.09 	
8.60 	6.67 	
7.50 	6.10 	
8.75 	7.09 	
8.94 	7.45 	
9.34 	7.14 	
8.73 	7.46 	
9.05 	6.78 	
8.62 	6.54 	
10.16 	6.96 	
9.63 	7.19 	
11.30 	6.32 	
11.40 	6.88 	
10.10 	6.92 	
10.32 	7.09 	
10.47 	6.63 	
10.94 	8.23 	
10.94 	6.87 	
10.65 	6.47 	
10.69 	6.24 	
10.88 	6.09 	
10.30 	6.04 	
9.40 	6.12 	
10.40 	6.01 	
10.50 	6.53 	
11.10 	6.04 	
9.86 	6.63 	
11.59 	6.66 	
11.43 	6.44 	
11.30 	5.98 	
11.51 	6.14 	
11.00 	6.51 	
8.54 	6.99 	
9.07 	6.55 	
9.44 	6.33 	
10.34 	6.61 	
10.57 	7.01 	
10.88 	7.72 	
11.08 	6.92 	
10.96 	6.98 	
10.74 	7.04 	
10.89 	7.89 	
10.02 	7.09 	
10.41 	6.80 	
9.61 	6.33 	
9.96 	7.43 	
10.02 	5.56 	
10.64 	6.33 	
10.22 	6.52 	
10.04 	6.56 	
9.86 	6.47 	
10.19 	6.23 	
10.85 	6.66 	
10.38 	7.07 	
10.80 	6.71 	
11.18 	6.01 	
9.48 	7.12 	
10.99 	6.80 	
10.95 	6.53 	
10.80 	6.34 	
10.55 	6.67 	
9.75 	7.04 	
10.76 	6.12 	
11.66 	7.16 	
10.16 	6.92 	
10.07 	7.05 	
10.47 	6.74 	
10.07 	7.21 	
11.33 	6.05 	
10.73 	6.12 	
10.88 	5.65 	
10.01 	6.47 	
11.11 	6.13 	
10.13 	6.47 	
10.86 	6.27 	
9.80 	6.31 	
10.72 	6.72 	
9.64 	6.18 	
11.01 	6.91 	
10.93 	6.93 	
11.20 	6.24 	
10.52 	6.11 	
9.57 	6.43 	
11.48 	5.59 	
9.51 	6.31 	
9.79 	6.69 	
10.80 	6.57 	
9.17 	6.24 	
10.60 	5.85 	
9.65 	6.62 	
10.81 	7.20 	
8.74 	7.15 	
10.05 	6.41 	
10.44 	6.46 	
9.71 	7.33 	
10.94 	6.80 	
9.19 	6.52 	
10.55 	6.95 	
10.01 	6.44 	
9.83 	6.23 	
9.94 	6.03 	
10.80 	6.56 	
10.41 	6.29 	
10.47 	6.75 	
10.46 	6.52 	
11.42 	6.64 	
10.42 	7.35 	
10.30 	7.07 	
10.09 	7.29 	
10.30 	7.00 	
10.91 	7.23 	
10.36 	7.43 	
10.41 	7.06 	
10.17 	7.09 	
11.06 	6.53 	
11.45 	6.69 	
11.95 	7.09 	
11.72 	7.27 	
11.51 	6.40 	
10.87 	6.24 	
11.58 	7.60 	
11.85 	7.90 	
11.33 	7.27 	
11.55 	6.95 	
11.48 	7.29 	
11.82 	7.27 	
11.21 	7.40 	
11.54 	6.94 	
11.68 	7.31 	
11.03 	6.52 	
9.78 	6.49 	
10.13 	6.66 	
10.97 	7.30 	
9.93 	6.49 	
11.45 	6.51 	
11.32 	6.65 	
11.10 	6.43 	
11.43 	7.27 	
11.03 	7.04 	
11.31 	6.89 	
11.86 	6.68 	
11.83 	6.59 	
11.19 	6.78 	
11.86 	6.61 	
11.55 	7.29 	
11.48 	6.50 	
11.28 	6.70 	
11.15 	6.38 	
11.47 	6.82 	
9.92 	7.28 	
8.91 	7.04 	
8.18 	6.59 	
9.54 	6.31 	
10.24 	5.61 	
11.22 	6.12 	
11.29 	6.03 	
10.91 	6.67 	
10.73 	6.47 	
10.54 	6.82 	
11.25 	7.03 	
11.57 	7.23 	
10.57 	6.04 	
10.22 	5.97 	
9.92 	5.85 	
9.08 	6.40 	
9.45 	6.48 	
10.94 	5.93 	
11.01 	5.63 	
10.80 	6.91 	
10.68 	6.38 	
10.91 	6.67 	
10.51 	6.64 	
10.76 	6.60 	
10.19 	6.52 	
9.81 	6.42 	
9.48 	5.62 	
10.39 	5.63 	
11.03 	6.38 	
11.23 	6.08 	
11.32 	5.62 	
10.99 	5.68 	
10.47 	6.06 	
8.94 	5.57 	
7.05 	6.06 	
10.93 	6.22 	
9.30 	6.51 	
10.83 	6.74 	
9.70 	7.17 	
9.95 	7.36 	
11.15 	6.72 	
10.64 	6.05 	
10.27 	6.53 	
10.23 	5.88 	
11.51 	6.13 	
9.72 	6.59 	
9.46 	6.03 	
8.31 	5.92 	
9.45 	6.26 	
9.15 	6.16 	
9.39 	6.19 	
8.73 	6.09 	
9.89 	5.88 	
9.44 	6.01 	
11.52 	5.99 	
11.59 	6.07 	
11.27 	6.33 	
11.16 	5.83 	
9.22 	6.27 	
11.25 	6.34 	
9.81 	5.89 	
8.79 	5.84 	
9.34 	6.05 	
10.48 	6.55 	
9.64 	6.63 	
9.28 	6.08 	
10.63 	6.36 	
10.38 	6.06 	
10.52 	6.16 	
10.86 	6.07 	
10.42 	6.63 	
9.96 	6.40 	
9.63 	6.49 	
10.04 	6.19 	
10.23 	6.34 	
9.79 	7.00 	
8.45 	6.11 	
10.73 	6.22 	
9.29 	6.52 	
8.89 	6.35 	
9.51 	6.34 	
10.64 	6.18 	
10.14 	6.24 	
11.01 	6.78 	
11.23 	6.43 	
11.14 	6.13 	
11.00 	7.05 	
9.83 	7.26 	
9.97 	7.46 	
10.29 	7.49 	
8.60 	7.76 	
11.01 	7.13 	
9.79 	7.57 	
9.91 	7.37 	
10.36 	7.48 	
10.19 	7.87 	
10.54 	6.30 	
10.93 	7.21 	
10.03 	7.26 	
10.55 	6.79 	
10.65 	6.70 	
10.77 	7.10 	
10.07 	6.50 	
10.21 	6.67 	
10.39 	6.74 	
10.62 	6.70 	
11.17 	6.88 	
10.18 	6.75 	
10.47 	6.57 	
10.40 	6.94 	
9.99 	6.29 	
10.29 	6.47 	
10.33 	6.81 	
10.14 	6.82 	
9.97 	7.29 	
10.54 	7.32 	
9.75 	7.42 	
9.87 	7.70 	
9.82 	8.08 	
10.12 	7.88 	
9.99 	7.50 	
10.00 	7.31 	
10.99 	7.38 	
10.45 	7.11 	
9.56 	8.17 	
10.48 	7.70 	
9.51 	6.87 	
8.82 	7.55 	
9.94 	7.21 	
10.25 	6.73 	
9.32 	6.65 	
10.85 	6.77 	
10.91 	6.80 	
11.61 	6.60 	
10.30 	7.14 	
10.15 	6.96 	
10.45 	7.75 	
9.55 	7.47 	
10.09 	7.30 	
10.36 	7.31 	
10.15 	7.13 	
9.90 	7.16 	
10.28 	8.02 	
9.72 	7.40 	
10.09 	6.90 	
9.12 	7.27 	
10.21 	7.43 	
10.46 	7.81 	
9.74 	7.60 	
10.14 	7.37 	
9.51 	7.04 	
10.35 	7.11 	
11.02 	6.91 	
9.96 	7.37 	
10.38 	7.46 	
10.66 	7.20 	
10.16 	6.96 	
10.83 	7.88 	
10.99 	8.01 	
10.85 	7.62 	
11.62 	7.70 	
11.04 	7.85 	
11.00 	6.88 	
11.43 	8.41 	
11.75 	7.27 	
11.78 	7.07 	
11.68 	7.74 	
10.39 	6.82 	
10.46 	6.52 	
11.82 	7.34 	
11.01 	7.34 	
11.93 	7.14 	
11.91 	7.35 	
11.97 	7.44 	
12.09 	6.79 	
11.35 	7.59 	
11.17 	7.95 	
11.37 	7.06 	
10.87 	6.21 	
11.13 	7.28 	
11.35 	6.36 	
11.49 	6.29 	
10.27 	6.45 	
11.36 	6.41 	
11.19 	6.44 	
11.39 	6.64 	
12.11 	6.56 	
11.56 	6.50 	
10.64 	6.41 	
11.67 	5.81 	
12.09 	6.82 	
11.02 	7.09 	
10.87 	6.81 	
11.29 	6.29 	
11.21 	6.64 	
10.43 	7.12 	
11.08 	6.65 	
11.58 	7.30 	
11.52 	6.65 	
11.32 	7.78 	
11.37 	6.80 	
11.95 	7.85 	
11.84 	7.19 	
11.80 	6.96 	
11.88 	7.83 	
11.67 	8.31 	
12.02 	8.42 	
11.66 	8.33 	
11.50 	8.28 	
11.73 	8.85 	
12.14 	8.14 	
11.80 	8.45 	
11.52 	7.65 	
12.42 	8.49 	
11.70 	8.72 	
10.94 	7.97 	
10.72 	8.22 	
10.34 	8.33 	
10.44 	8.45 	
10.75 	7.70 	
11.02 	7.99 	
11.96 	8.12 	
10.89 	7.94 	
9.74 	8.44 	
10.01 	7.96 	
11.21 	8.76 	
10.99 	9.23 	
11.00 	8.05 	
10.91 	9.20 	
10.92 	8.37 	
9.64 	7.84 	
11.00 	9.19 	
9.93 	8.88 	
9.77 	8.79 	
10.18 	7.58 	
11.13 	7.28 	
10.26 	6.45 	
11.38 	7.32 	
11.55 	7.53 	
11.66 	8.52 	
10.99 	7.68 	
11.02 	8.67 	
11.11 	7.24 	
11.05 	7.66 	
10.59 	8.28 	
11.90 	9.29 	
12.06 	7.99 	
12.25 	7.72 	
11.30 	7.91 	
11.74 	9.37 	
11.35 	7.92 	
11.06 	8.59 	
10.80 	8.57 	
10.76 	7.70 	
11.76 	7.13 	
11.12 	7.38 	
11.35 	9.22 	
11.50 	8.65 	
10.97 	7.74 	
10.07 	8.30 	
10.39 	7.09 	
11.65 	6.56 	
11.34 	6.73 	
11.56 	8.12 	
11.00 	7.48 	
11.09 	7.36 	
10.36 	7.89 	
10.74 	8.15 	
10.26 	7.61 	
10.74 	7.48 	
10.65 	7.01 	
10.76 	7.37 	
10.88 	6.84 	
10.87 	7.91 	
11.25 	7.49 	
11.01 	7.41 	
11.12 	6.90 	
10.73 	8.69 	
11.06 	7.60 	
10.95 	7.51 	
10.99 	7.80 	
10.25 	7.36 	
11.06 	7.60 	
11.12 	7.77 	
10.81 	7.22 	
11.39 	7.70 	
10.90 	8.30 	
11.11 	7.90 	
11.13 	7.07 	
10.78 	6.92 	
10.65 	7.18 	
11.57 	7.64 	
11.45 	7.69 	
10.87 	7.36 	
10.30 	7.34 	
10.53 	6.80 	
11.22 	6.32 	
10.89 	7.68 	
11.54 	6.62 	
11.18 	6.92 	
11.42 	6.94 	
10.99 	7.84 	
11.51 	6.63 	
10.94 	6.66 	
10.91 	7.91 	
11.89 	7.78 	
11.04 	8.08 	
11.48 	8.22 	
11.15 	7.65 	
11.68 	7.17 	
11.18 	7.27 	
11.12 	6.76 	
11.10 	7.43 	
11.34 	7.74 	
10.79 	7.63 	
11.22 	8.63 	
11.23 	7.97 	
11.22 	8.50 	
11.02 	7.95 	
10.86 	8.03 	
10.53 	9.49 	
11.50 	9.00 	
10.99 	9.16 	
10.42 	8.73 	
10.70 	8.41 	
11.08 	8.05 	
10.40 	9.18 	
10.73 	8.69 	
10.49 	8.55 	
10.94 	8.70 	
10.73 	8.35 	
10.23 	8.35 	
10.04 	8.11 	
10.58 	8.30 	
10.51 	8.54 	
11.76 	8.79 	
11.68 	9.43 	
11.40 	8.99 	
11.06 	8.12 	
11.65 	8.63 	
11.16 	9.00 	
10.93 	8.48 	
11.61 	8.52 	
10.63 	9.03 	
12.28 	9.13 	
11.65 	9.09 	
11.14 	8.74 	
11.82 	8.74 	
11.42 	8.93 	
12.27 	8.96 	
12.39 	9.02 	
11.86 	9.11 	
11.27 	8.71 	
11.73 	8.97 	
11.29 	9.14 	
11.42 	8.80 	
12.04 	8.40 	
12.15 	8.52 	
11.54 	8.55 	
11.66 	8.83 	
11.54 	8.98 	
11.79 	8.62 	
11.73 	8.69 	
11.72 	7.97 	
12.25 	8.46 	
12.02 	9.03 	
12.06 	7.75 	
11.03 	8.27 	
11.98 	8.48 	
12.49 	9.33 	
11.99 	8.85 	
11.85 	8.91 	
12.29 	9.40 	
11.65 	9.46 	
11.98 	8.74 	
11.70 	9.04 	
11.43 	8.21 	
12.03 	8.07 	
11.84 	8.17 	
11.25 	8.76 	
12.00 	8.57 	
11.31 	9.19 	
11.89 	8.19 	
11.37 	8.33 	
11.57 	8.23 	
10.85 	7.95 	
11.20 	7.86 	
10.96 	7.86 	
10.94 	8.06 	
10.54 	8.08 	
11.30 	7.21 	
10.72 	7.56 	
11.47 	7.31 	
10.42 	7.25 	
11.06 	7.65 	
10.90 	7.36 	
11.50 	7.86 	
11.16 	7.51 	
10.99 	8.02 	
11.24 	8.81 	
10.93 	8.62 	
11.12 	9.24 	
11.61 	9.60 	
10.87 	7.65 	
10.95 	7.45 	
11.19 	7.90 	
10.41 	7.67 	
9.91 	7.61 	
10.20 	7.03 	
9.58 	7.85 	
9.61 	7.83 	
10.64 	8.08 	
10.96 	8.39 	
10.28 	8.16 	
10.48 	9.50 	
9.99 	8.70 	
9.23 	9.51 	
10.17 	8.29 	
10.47 	7.03 	
10.03 	6.95 	
10.05 	7.26 	
9.82 	8.08 	
9.47 	6.56 	
10.12 	6.15 	
10.62 	6.34 	
10.99 	6.70 	
10.20 	6.91 	
9.73 	7.22 	
10.26 	8.01 	
10.14 	8.02 	
10.43 	7.74 	
9.83 	9.50 	
10.14 	9.89 	
10.61 	8.82 	
10.14 	9.95 	
10.12 	9.64 	
10.13 	9.81 	
10.19 	9.90 	
9.77 	9.43 	
10.52 	8.72 	
10.35 	9.15 	
9.84 	9.28 	
10.37 	9.67 	
10.32 	9.05 	
9.87 	8.81 	
10.58 	8.69 	
10.04 	7.60 	
10.31 	7.13 	
10.36 	8.06 	
10.03 	8.44 	
10.13 	8.18 	
10.49 	7.37 	
10.63 	8.02 	
9.66 	7.89 	
10.34 	7.99 	
10.42 	8.54 	
9.78 	7.96 	
9.51 	7.93 	
9.60 	7.79 	
9.04 	7.08 	
8.55 	7.64 	
9.26 	7.81 	
9.41 	7.70 	
9.22 	7.85 	
9.68 	7.72 	
9.76 	7.31 	
10.26 	7.09 	
9.06 	7.78 	
10.25 	7.53 	
9.87 	7.44 	
10.23 	7.82 	
9.88 	8.33 	
9.41 	8.73 	
9.31 	7.30 	
8.29 	7.52 	
8.80 	8.35 	
8.92 	9.57 	
8.36 	8.63 	
9.45 	8.64 	
8.95 	9.09 	
9.36 	9.45 	
9.30 	9.08 	
9.52 	9.21 	
9.51 	9.02 	
9.88 	8.73 	
9.79 	8.98 	
9.33 	8.34 	
9.90 	8.66 	
9.69 	9.32 	
9.72 	9.49 	
8.70 	8.97 	
9.52 	8.30 	
9.80 	8.81 	
9.21 	8.17 	
9.13 	8.17 	
8.83 	8.41 	
8.09 	8.95 	
8.33 	8.47 	
8.57 	8.29 	
8.49 	7.68 	
9.11 	7.62 	
9.62 	7.41 	
9.14 	8.18 	
9.42 	7.29 	
9.28 	7.37 	
8.54 	7.66 	
8.49 	6.62 	
10.39 	6.32 	
9.53 	8.07 	
9.54 	7.03 	
9.70 	7.22 	
9.21 	6.98 	
9.84 	7.47 	
9.16 	7.23 	
8.65 	6.63 	
9.33 	6.64 	
8.94 	6.62 	
9.54 	6.40 	
9.32 	6.53 	
9.51 	7.24 	
9.55 	7.06 	
9.58 	7.29 	
9.99 	6.28 	
10.26 	5.98 	
10.16 	6.82 	
10.53 	7.06 	
10.34 	6.87 	
10.81 	6.08 	
9.70 	6.90 	
10.30 	7.01 	
10.37 	6.01 	
9.93 	6.46 	
10.08 	6.67 	
10.54 	6.49 	
10.19 	6.60 	
10.37 	6.93 	
11.24 	6.42 	
10.47 	6.65 	
10.43 	6.81 	
10.90 	6.72 	
10.93 	6.11 	
11.00 	6.51 	
11.42 	6.32 	
10.69 	6.61 	
10.84 	7.54 	
11.27 	6.85 	
10.80 	7.68 	
10.86 	7.21 	
10.81 	6.69 	
11.56 	6.87 	
10.92 	6.04 	
10.26 	6.60 	
10.95 	6.71 	
10.38 	7.05 	
11.55 	6.47 	
10.71 	6.36 	
10.04 	7.35 	
10.70 	6.81 	
10.72 	6.62 	
9.92 	6.81 	
10.33 	7.90 	
10.54 	8.67 	
10.17 	7.60 	
9.57 	7.45 	
9.78 	7.70 	
8.92 	7.98 	
9.21 	7.18 	
9.64 	7.96 	
9.99 	7.53 	
10.13 	7.42 	
10.34 	8.19 	
10.88 	7.70 	
10.68 	7.79 	
10.81 	7.98 	
10.15 	7.89 	
10.05 	8.05 	
9.95 	7.67 	
11.11 	7.90 	
10.48 	8.69 	
11.00 	8.84 	
10.28 	9.31 	
10.13 	7.96 	
10.90 	7.97 	
11.42 	7.67 	
9.77 	8.01 	
9.58 	7.76 	
10.03 	8.03 	
10.19 	7.85 	
10.40 	8.16 	
10.12 	8.63 	
10.05 	8.08 	
10.46 	8.01 	
10.34 	8.74 	
10.04 	8.43 	
10.82 	8.66 	
9.29 	9.10 	
9.72 	8.22 	
9.92 	9.46 	
9.93 	8.43 	
10.07 	9.27 	
10.62 	9.29 	
9.42 	9.00 	
10.06 	8.60 	
9.81 	8.82 	
10.36 	8.68 	
10.02 	9.30 	
9.97 	9.23 	
9.57 	9.16 	
10.64 	9.22 	
10.07 	9.59 	
9.01 	8.55 	
10.06 	9.26 	
10.22 	8.70 	
9.10 	8.56 	
9.21 	7.08 	
8.61 	8.26 	
8.55 	8.05 	
9.49 	7.44 	
8.78 	7.10 	
9.46 	7.27 	
9.36 	7.03 	
8.72 	7.31 	
9.73 	7.07 	
9.71 	6.32 	
10.10 	6.60 	
8.08 	6.20 	
10.28 	7.20 	
9.89 	7.07 	
9.78 	6.53 	
10.04 	6.49 	
9.03 	6.99 	
9.46 	6.86 	
9.96 	6.90 	
9.56 	6.37 	
9.50 	6.13 	
10.37 	6.08 	
9.95 	6.79 	
9.80 	7.04 	
9.49 	7.26 	
9.48 	7.67 	
9.29 	6.66 	
8.87 	6.52 	
9.89 	6.74 	
9.64 	7.24 	
9.80 	6.53 	
9.90 	6.54 	
10.25 	6.71 	
9.02 	6.57 	
9.39 	6.53 	
10.01 	6.46 	
9.20 	7.40 	
9.37 	6.66 	
9.01 	6.61 	
9.49 	7.21 	
9.15 	6.81 	
9.57 	7.35 	
9.46 	6.39 	
9.18 	6.71 	
9.68 	7.14 	
9.15 	6.20 	
9.78 	6.84 	
8.81 	6.40 	
10.40 	6.61 	
9.87 	6.84 	
10.86 	7.06 	
8.91 	6.58 	
9.71 	6.55 	
9.94 	6.24 	
10.30 	6.65 	
10.90 	7.14 	
10.00 	6.00 	
10.30 	6.28 	
9.52 	6.90 	
9.79 	7.28 	
10.27 	7.00 	
10.18 	7.86 	
10.31 	6.41 	
11.04 	6.66 	
10.68 	5.86 	
10.55 	6.76 	
9.82 	6.50 	
9.52 	6.07 	
9.76 	6.46 	
9.79 	6.79 	
10.05 	7.28 	
9.39 	7.77 	
8.84 	6.98 	
7.59 	6.11 	
7.77 	6.46 	
7.43 	7.12 	
7.21 	7.33 	
8.70 	5.84 	
6.63 	6.96 	
7.04 	6.54 	
7.98 	6.03 	
7.10 	6.62 	
6.43 	5.86 	
7.53 	5.96 	
7.68 	6.07 	
8.22 	5.81 	
8.40 	5.91 	
8.54 	6.95 	
7.39 	6.32 	
8.02 	6.57 	
7.91 	6.54 	
7.82 	7.05 	
7.75 	6.96 	
8.43 	7.23 	
7.20 	6.96 	
7.55 	6.78 	
7.83 	7.22 	
8.00 	6.92 	
7.70 	7.17 	
7.76 	8.08 	
7.48 	7.97 	
7.97 	7.73 	
8.63 	7.25 	
9.17 	6.80 	
9.64 	6.36 	
9.23 	6.55 	
8.15 	6.96 	
8.86 	6.44 	
9.50 	6.92 	
9.31 	6.22 	
9.84 	6.63 	
9.28 	6.40 	
8.90 	5.42 	
8.07 	5.32 	
8.59 	5.91 	
8.57 	6.73 	
8.72 	6.55 	
8.33 	6.23 	
8.71 	6.20 	
8.52 	7.12 	
8.85 	6.72 	
7.84 	5.89 	
9.00 	6.77 	
8.12 	6.64 	
8.38 	6.07 	
9.02 	7.59 	
6.75 	7.48 	
7.78 	7.72 	
6.93 	7.34 	
7.86 	7.13 	
7.20 	7.30 	
7.01 	6.89 	
6.92 	7.91 	
8.24 	7.01 	
9.01 	7.07 	
8.58 	6.45 	
9.65 	7.34 	
9.61 	7.54 	
9.92 	7.42 	
9.67 	7.69 	
9.81 	6.96 	
9.24 	7.55 	
9.31 	7.60 	
9.63 	7.21 	
9.11 	7.80 	
9.39 	8.10 	
9.54 	7.44 	
9.99 	7.50 	
9.45 	8.24 	
9.87 	7.39 	
9.44 	7.69 	
9.62 	8.00 	
9.09 	8.05 	
9.83 	8.18 	
9.49 	7.96 	
8.43 	7.64 	
9.33 	7.31 	
9.34 	7.96 	
9.57 	6.62 	
8.96 	6.95 	
8.99 	6.23 	
8.65 	5.57 	
9.65 	6.05 	
10.29 	6.61 	
9.82 	6.21 	
11.18 	6.11 	
11.26 	6.16 	
11.05 	5.93 	
10.84 	5.93 	
10.82 	6.03 	
10.29 	6.34 	
10.22 	6.76 	
10.01 	7.07 	
10.38 	7.08 	
10.79 	7.45 	
9.83 	7.30 	
10.80 	7.47 	
10.55 	7.18 	
9.93 	7.12 	
9.95 	7.07 	
9.99 	6.66 	
10.29 	7.18 	
10.62 	7.03 	
10.36 	7.48 	
10.21 	7.35 	
10.06 	7.70 	
10.61 	7.22 	
10.56 	7.86 	
10.53 	7.56 	
10.03 	7.64 	
10.37 	7.70 	
11.27 	7.52 	
11.06 	7.23 	
11.17 	7.63 	
10.72 	7.37 	
10.74 	7.05 	
10.92 	7.52 	
9.92 	6.66 	
10.12 	7.45 	
10.62 	6.74 	
11.73 	7.03 	
10.53 	7.17 	
11.58 	7.09 	
11.29 	6.70 	
10.86 	7.23 	
10.41 	7.24 	
10.10 	7.11 	
10.91 	7.27 	
9.71 	7.58 	
10.68 	6.41 	
10.88 	7.66 	
10.96 	7.04 	
11.38 	7.48 	
11.36 	7.69 	
11.15 	7.18 	
11.09 	6.49 	
11.50 	6.92 	
12.00 	7.00 	
11.83 	7.09 	
11.82 	7.03 	
11.43 	6.62 	
12.54 	7.10 	
11.60 	7.13 	
12.77 	7.72 	
13.31 	6.96 	
12.87 	6.64 	
12.48 	7.16 	
12.25 	6.73 	
12.24 	6.86 	
11.85 	6.89 	
12.32 	7.19 	
12.33 	6.46 	
12.57 	6.98 	
12.38 	6.56 	
12.68 	6.64 	
12.60 	7.33 	
12.78 	7.40 	
13.54 	7.28 	
12.49 	7.28 	
12.37 	6.98 	
11.74 	6.89 	
12.46 	7.11 	
12.79 	7.00 	
12.29 	6.60 	
12.06 	6.75 	
12.72 	6.34 	
12.60 	6.31 	
13.53 	6.72 	
12.70 	6.67 	
12.57 	6.15 	
12.91 	6.73 	
11.76 	6.57 	
12.74 	6.78 	
13.05 	7.18 	
12.72 	7.79 	
13.04 	7.26 	
12.15 	7.95 	
11.69 	7.82 	
11.57 	7.43 	
11.91 	7.95 	
12.72 	7.23 	
12.48 	7.21 	
11.81 	7.81 	
11.65 	7.99 	
12.10 	7.58 	
12.57 	8.19 	
12.30 	7.56 	
12.44 	8.85 	
12.42 	8.82 	
11.83 	8.52 	
13.25 	8.12 	
13.20 	8.46 	
13.23 	8.59 	
13.02 	8.00 	
12.45 	8.52 	
12.44 	7.44 	
12.71 	7.75 	
12.71 	7.53 	
11.69 	8.00 	
12.26 	7.85 	
12.17 	7.98 	
11.81 	7.84 	
9.04 	7.80 	
11.32 	7.83 	
10.65 	8.64 	
11.14 	8.23 	
10.75 	8.06 	
12.05 	7.72 	
10.82 	8.27 	
11.19 	7.55 	
11.43 	7.03 	
11.71 	7.61 	
11.47 	7.65 	
11.37 	7.83 	
11.41 	7.86 	
11.14 	8.31 	
10.55 	7.78 	
10.98 	8.20 	
9.39 	7.20 	
8.60 	7.44 	
9.90 	7.42 	
10.11 	8.14 	
10.72 	7.51 	
9.83 	8.34 	
10.17 	8.15 	
11.49 	7.48 	
10.37 	8.02 	
10.57 	7.82 	
11.28 	7.75 	
10.89 	7.15 	
10.41 	7.67 	
10.68 	7.47 	
11.47 	8.02 	
11.17 	8.26 	
10.44 	8.02 	
12.73 	8.08 	
12.53 	8.45 	
10.97 	8.59 	
11.16 	7.91 	
11.37 	7.62 	
11.29 	8.02 	
11.23 	8.38 	
10.76 	8.12 	
10.26 	8.31 	
10.07 	7.95 	
10.42 	8.59 	
11.43 	8.69 	
10.30 	8.45 	
10.50 	8.29 	
11.17 	8.43 	
11.90 	8.82 	
12.22 	9.12 	
12.75 	8.40 	
12.08 	8.25 	
11.16 	8.20 	
11.91 	9.75 	
11.35 	8.77 	
12.38 	8.50 	
12.36 	9.04 	
11.12 	8.20 	
10.49 	8.57 	
10.08 	8.67 	
10.53 	9.18 	
10.62 	8.64 	
10.88 	8.74 	
9.72 	9.69 	
10.47 	9.41 	
10.84 	8.79 	
10.32 	8.73 	
9.92 	7.97 	
11.55 	8.73 	
11.31 	8.89 	
12.57 	9.56 	
10.68 	8.93 	
11.42 	9.60 	
10.86 	9.84 	
10.36 	10.19 	
10.73 	10.01 	
10.11 	10.10 	
11.10 	9.32 	
11.52 	9.72 	
11.26 	10.09 	
10.42 	9.24 	
11.20 	9.70 	
11.31 	9.31 	
10.78 	9.63 	
11.08 	9.93 	
11.37 	10.53 	
11.12 	9.77 	
10.50 	9.88 	
11.03 	10.55 	
10.31 	10.23 	
10.49 	9.94 	
10.02 	10.04 	
10.59 	9.76 	
11.68 	9.46 	
10.87 	9.61 	
10.81 	9.76 	
10.66 	8.61 	
11.20 	7.91 	
11.35 	8.70 	
10.89 	8.78 	
11.64 	9.46 	
9.63 	8.58 	
10.77 	8.53 	
10.50 	9.96 	
10.84 	10.00 	
11.94 	9.41 	
10.30 	9.95 	
10.86 	10.54 	
10.70 	9.35 	
10.26 	9.14 	
10.32 	8.69 	
10.97 	9.08 	
10.17 	7.95 	
11.24 	9.09 	
9.10 	7.92 	
9.58 	8.51 	
9.59 	8.80 	
10.19 	8.28 	
11.13 	8.77 	
9.93 	8.77 	
9.10 	9.15 	
10.01 	8.46 	
11.34 	8.95 	
11.07 	8.92 	
10.85 	8.30 	
10.00 	8.76 	
10.83 	8.99 	
9.84 	9.37 	
10.08 	9.42 	
9.60 	9.50 	
10.89 	9.54 	
11.73 	8.94 	
10.65 	8.95 	
11.24 	9.86 	
9.77 	9.35 	
11.16 	8.54 	
10.93 	8.04 	
10.16 	8.51 	
10.28 	7.90 	
10.61 	8.55 	
10.85 	8.44 	
11.22 	7.97 	
11.89 	8.67 	
11.62 	8.47 	
8.79 	7.52 	
9.57 	8.04 	
10.24 	8.14 	
10.36 	7.52 	
11.68 	8.08 	
10.50 	7.43 	
10.21 	9.49 	
10.29 	8.90 	
11.03 	8.72 	
10.70 	8.93 	
11.91 	9.37 	
11.38 	9.17 	
11.74 	9.32 	
11.70 	9.55 	
11.12 	9.22 	
12.09 	9.30 	
12.55 	8.72 	
11.30 	8.83 	
10.96 	8.86 	
11.25 	8.28 	
12.55 	8.59 	
10.74 	9.00 	
12.33 	8.86 	
12.61 	9.38 	
11.87 	8.77 	
13.31 	9.23 	
11.99 	8.90 	
11.96 	8.96 	
12.70 	9.10 	
13.23 	9.15 	
12.59 	8.07 	
11.07 	8.09 	
12.27 	7.78 	
12.38 	8.30 	
13.36 	8.06 	
11.81 	8.17 	
12.27 	8.98 	
12.08 	8.72 	
11.73 	9.20 	
11.37 	8.35 	
12.08 	8.41 	
12.34 	9.13 	
11.44 	8.61 	
11.04 	9.14 	
10.57 	8.85 	
11.57 	8.98 	
11.39 	8.81 	
11.05 	9.14 	
11.56 	8.65 	
10.96 	8.86 	
9.79 	8.84 	
10.56 	9.07 	
11.06 	7.96 	
12.39 	8.71 	
11.70 	9.14 	
11.44 	9.30 	
11.12 	9.51 	
11.80 	9.02 	
11.50 	9.28 	
10.60 	9.43 	
11.14 	9.31 	
10.54 	8.91 	
10.83 	9.71 	
10.30 	8.54 	
10.67 	8.66 	
11.07 	8.74 	
11.31 	8.96 	
12.12 	9.26 	
10.96 	8.20 	
11.38 	9.13 	
10.74 	8.05 	
11.80 	9.10 	
12.16 	8.35 	
12.33 	8.87 	
11.88 	9.53 	
11.33 	9.16 	
11.07 	9.11 	
11.09 	9.29 	
11.22 	9.75 	
12.50 	9.46 	
11.87 	8.93 	
11.57 	8.95 	
12.67 	8.95 	
11.52 	9.35 	
11.55 	9.44 	
13.08 	8.97 	
12.46 	8.51 	
12.02 	9.53 	
12.80 	8.36 	
12.70 	9.36 	
11.06 	9.75 	
11.37 	9.10 	
12.80 	9.54 	
12.02 	9.60 	
11.30 	9.74 	
10.95 	8.94 	
11.87 	9.61 	
11.56 	9.68 	
11.25 	9.54 	
11.71 	9.56 	
11.79 	9.53 	
12.20 	9.14 	
12.22 	9.78 	
12.26 	9.67 	
11.75 	8.88 	
11.15 	9.54 	
10.76 	9.17 	
11.02 	9.30 	
10.69 	8.86 	
10.81 	9.21 	
11.21 	8.69 	
10.70 	9.63 	
11.29 	9.46 	
11.89 	9.10 	
11.07 	9.33 	
11.39 	9.00 	
11.33 	9.95 	
10.50 	9.20 	
10.64 	8.73 	
10.69 	8.74 	
10.69 	8.10 	
10.95 	9.80 	
11.55 	9.43 	
11.28 	8.99 	
10.98 	9.40 	
10.84 	9.96 	
10.91 	9.85 	
10.80 	10.14 	
11.17 	10.05 	
11.49 	8.87 	
10.57 	9.00 	
10.37 	9.30 	
11.71 	8.98 	
11.95 	9.36 	
11.09 	8.98 	
12.53 	8.85 	
11.93 	9.25 	
12.14 	10.24 	
11.86 	9.97 	
10.55 	10.02 	
9.90 	9.45 	
9.62 	9.85 	
9.95 	9.75 	
10.81 	9.31 	
11.46 	9.60 	
10.83 	8.95 	
10.97 	9.50 	
11.21 	9.41 	
10.96 	9.22 	
10.70 	9.11 	
11.53 	9.46 	
11.14 	9.83 	
10.76 	9.51 	
10.32 	9.37 	
10.56 	9.39 	
10.68 	9.60 	
10.51 	9.59 	
10.89 	9.46 	
9.60 	9.46 	
10.23 	9.19 	
10.36 	9.58 	
10.50 	9.82 	
10.36 	9.65 	
10.25 	9.31 	
10.76 	9.66 	
10.77 	9.08 	
10.82 	9.17 	
10.63 	9.88 	
10.26 	9.02 	
10.24 	9.64 	
10.55 	9.90 	
10.42 	9.31 	
10.70 	8.80 	
10.75 	8.50 	
10.67 	8.52 	
10.65 	8.84 	
10.62 	8.92 	
10.81 	9.15 	
10.26 	8.89 	
10.54 	8.99 	
11.01 	8.76 	
10.57 	9.10 	
10.83 	10.11 	
11.13 	9.02 	
10.84 	8.85 	
10.78 	9.74 	
11.16 	8.85 	
10.67 	8.64 	
10.45 	8.61 	
10.48 	8.85 	
11.37 	9.14 	
11.77 	9.47 	
10.51 	8.79 	
10.70 	8.44 	
11.15 	8.66 	
10.64 	9.01 	
11.90 	9.39 	
11.52 	9.12 	
12.50 	9.74 	
10.75 	8.98 	
10.30 	9.22 	
10.16 	9.59 	
10.67 	9.21 	
11.20 	8.28 	
11.04 	8.74 	
11.36 	9.53 	
10.83 	9.19 	
10.98 	8.44 	
10.84 	9.74 	
10.94 	9.40 	
11.02 	9.25 	
11.22 	8.23 	
11.24 	8.30 	
10.85 	7.76 	
11.14 	8.43 	
11.87 	8.57 	
11.36 	8.97 	
11.19 	8.51 	
12.53 	9.25 	
12.14 	8.76 	
12.44 	8.81 	
11.82 	8.00 	
10.88 	8.17 	
12.02 	9.17 	
12.05 	8.81 	
11.62 	9.16 	
11.84 	9.54 	
11.63 	9.67 	
11.97 	8.79 	
11.77 	8.63 	
11.16 	8.55 	
10.75 	8.80 	
11.46 	8.50 	
11.59 	8.54 	
12.05 	8.34 	
11.17 	9.01 	
12.28 	9.26 	
11.29 	8.61 	
11.76 	8.52 	
11.25 	8.13 	
11.37 	7.72 	
13.10 	8.43 	
11.49 	8.16 	
11.60 	8.48 	
11.96 	9.07 	
11.91 	9.05 	
12.41 	8.59 	
12.82 	8.35 	
12.39 	8.43 	
12.85 	8.52 	
11.71 	8.70 	
12.43 	8.92 	
12.05 	8.70 	
12.52 	9.19 	
12.60 	8.78 	
12.55 	7.88 	
12.36 	8.03 	
12.37 	8.83 	
12.49 	9.04 	
12.98 	9.04 	
13.09 	9.45 	
12.09 	8.87 	
11.99 	8.31 	
12.99 	8.38 	
12.54 	9.20 	
12.46 	9.07 	
12.21 	9.10 	
12.88 	8.74 	
12.69 	8.89 	
12.24 	8.94 	
11.92 	8.64 	
12.53 	9.06 	
11.62 	9.67 	
11.33 	9.60 	
11.43 	9.59 	
11.76 	9.52 	
11.28 	9.55 	
12.21 	8.54 	
11.15 	8.02 	
11.01 	8.61 	
10.59 	9.13 	
10.89 	8.95 	
11.25 	9.23 	
11.25 	8.86 	
11.69 	8.94 	
13.07 	9.34 	
12.98 	8.29 	
13.02 	8.84 	
13.20 	9.21 	
12.19 	9.46 	
12.55 	8.06 	
13.15 	9.04 	
13.58 	8.95 	
12.30 	9.40 	
13.09 	9.26 	
12.69 	8.33 	
12.29 	8.61 	
12.35 	8.94 	
12.69 	9.34 	
13.49 	9.50 	
12.09 	8.53 	
12.21 	9.00 	
12.07 	9.32 	
12.38 	9.14 	
13.09 	9.13 	
12.01 	8.32 	
12.28 	8.27 	
11.98 	7.96 	
13.37 	8.32 	
12.30 	7.73 	
11.98 	7.83 	
12.23 	8.14 	
12.20 	8.61 	
11.55 	8.14 	
12.36 	8.36 	
13.06 	8.19 	
13.05 	7.87 	
12.12 	7.66 	
12.60 	7.91 	
12.30 	8.37 	
12.12 	8.06 	
12.66 	8.33 	
12.39 	8.20 	
12.66 	7.79 	
11.82 	7.58 	
11.82 	7.94 	
11.97 	8.17 	
12.78 	7.99 	
12.56 	8.49 	
12.93 	7.98 	
13.96 	8.66 	
12.70 	8.63 	
12.31 	7.83 	
11.85 	8.34 	
12.74 	8.06 	
12.18 	8.80 	
12.51 	8.50 	
12.81 	8.06 	
12.36 	8.74 	
11.81 	8.51 	
11.51 	8.62 	
12.00 	7.83 	
12.61 	7.93 	
12.70 	8.13 	
12.88 	7.73 	
12.33 	8.74 	
12.30 	8.42 	
12.28 	7.88 	
11.94 	8.52 	
11.87 	7.55 	
12.50 	8.29 	
12.13 	8.88 	
12.77 	9.27 	
11.84 	8.67 	
12.36 	8.73 	
12.56 	8.83 	
11.41 	8.63 	
12.44 	8.15 	
12.24 	8.39 	
11.80 	8.65 	
12.29 	8.44 	
12.09 	8.71 	
11.61 	9.22 	
13.20 	9.13 	
12.73 	8.36 	
13.13 	8.52 	
12.21 	8.74 	
12.14 	8.46 	
11.23 	8.52 	
11.85 	8.66 	
11.32 	8.83 	
11.83 	7.86 	
11.74 	8.13 	
11.99 	8.03 	
11.04 	8.64 	
11.42 	8.47 	
11.31 	7.59 	
12.29 	8.13 	
11.34 	7.76 	
11.73 	8.55 	
11.71 	8.13 	
11.69 	8.32 	
11.38 	8.36 	
11.73 	8.40 	
11.44 	8.34 	
11.75 	8.91 	
11.28 	8.56 	
11.62 	9.37 	
11.68 	7.88 	
11.59 	8.86 	
11.13 	9.17 	
11.93 	8.60 	
12.12 	8.63 	
11.59 	8.11 	
12.51 	8.55 	
12.32 	8.22 	
12.45 	8.25 	
12.40 	7.87 	
12.01 	7.89 	
11.71 	8.31 	
11.96 	8.31 	
11.23 	7.86 	
10.71 	7.80 	
11.40 	7.99 	
12.00 	7.93 	
12.08 	8.49 	
11.05 	8.02 	
11.36 	8.02 	
11.80 	8.16 	
10.49 	7.18 	
10.25 	8.01 	
10.89 	7.67 	
11.10 	8.16 	
10.59 	7.88 	
11.32 	8.24 	
11.70 	8.19 	
11.48 	7.51 	
11.94 	8.03 	
12.19 	7.94 	
12.22 	8.28 	
11.75 	7.66 	
11.87 	7.82 	
12.28 	8.14 	
12.76 	8.89 	
12.63 	8.21 	
12.17 	8.50 	
12.62 	8.52 	
11.77 	8.42 	
12.00 	8.62 	
12.01 	8.44 	
12.58 	8.26 	
12.39 	8.41 	
12.19 	8.88 	
11.24 	8.56 	
12.66 	8.00 	
12.40 	8.64 	
12.55 	7.89 	
13.02 	8.36 	
12.69 	8.25 	
12.94 	8.52 	
12.19 	8.13 	
12.66 	8.31 	
12.48 	8.59 	
12.51 	8.85 	
13.07 	8.34 	
12.65 	8.65 	
12.37 	7.63 	
11.83 	9.42 	
12.48 	8.54 	
12.01 	8.26 	
12.36 	8.36 	
12.31 	8.22 	
11.70 	8.19 	
11.94 	8.01 	
12.19 	8.71 	
11.41 	7.97 	
11.10 	8.61 	
11.70 	8.10 	
11.62 	8.32 	
12.37 	8.18 	
12.11 	8.40 	
12.11 	8.69 	
12.24 	8.86 	
11.20 	8.19 	
11.78 	8.27 	
11.83 	8.48 	
11.92 	8.72 	
11.47 	8.78 	
12.16 	8.90 	
11.74 	8.80 	
11.71 	8.44 	
11.34 	8.75 	
12.05 	8.42 	
11.91 	8.69 	
11.37 	8.70 	
11.36 	8.61 	
11.93 	9.76 	
12.80 	8.83 	
12.44 	8.72 	
12.55 	8.22 	
12.35 	9.33 	
11.76 	9.24 	
12.56 	8.84 	
11.82 	8.98 	
12.70 	8.86 	
12.38 	9.37 	
11.58 	8.92 	
11.97 	8.75 	
10.53 	9.39 	
12.08 	9.01 	
12.14 	8.56 	
11.50 	8.82 	
12.29 	8.46 	
12.33 	8.72 	
11.76 	9.21 	
12.10 	9.14 	
11.87 	8.55 	
12.01 	7.79 	
12.10 	8.99 	
11.70 	8.57 	
12.46 	8.64 	
11.80 	8.41 	
12.35 	8.14 	
12.53 	8.91 	
12.16 	7.79 	
12.29 	8.02 	
12.61 	8.06 	
12.04 	8.13 	
12.11 	7.35 	
11.64 	7.94 	
12.77 	8.24 	
12.08 	9.02 	
12.10 	7.79 	
11.58 	8.07 	
12.06 	8.22 	
12.38 	7.53 	
11.59 	7.88 	
11.70 	7.27 	
11.46 	7.56 	
11.66 	7.29 	
11.81 	7.69 	
11.74 	8.12 	
12.27 	8.20 	
12.38 	8.10 	
12.28 	7.63 	
11.86 	7.74 	
11.45 	6.83 	
11.99 	7.32 	
12.20 	8.66 	
11.78 	8.60 	
11.93 	7.88 	
11.20 	7.00 	
11.57 	7.20 	
11.28 	8.24 	
11.47 	8.34 	
11.46 	7.78 	
11.58 	7.21 	
12.07 	8.70 	
12.20 	8.79 	
11.66 	8.56 	
11.34 	8.12 	
11.39 	8.58 	
11.58 	8.27 	
11.26 	8.20 	
11.36 	8.65 	
11.68 	7.57 	
10.77 	8.62 	
11.87 	6.84 	
11.36 	8.69 	
12.50 	8.32 	
11.57 	8.25 	
11.96 	8.86 	
12.00 	8.09 	
12.21 	8.63 	
11.77 	8.17 	
11.23 	8.94 	
11.26 	8.93 	
10.80 	8.13 	
12.22 	7.88 	
11.58 	7.43 	
12.38 	8.13 	
12.02 	7.90 	
11.65 	8.41 	
11.13 	8.75 	
11.31 	7.85 	
11.83 	8.27 	
11.09 	7.75 	
11.49 	7.78 	
11.48 	8.17 	
11.30 	8.90 	
11.01 	9.04 	
11.30 	8.78 	
12.31 	8.34 	
10.97 	8.97 	
11.91 	9.72 	
10.84 	9.47 	
11.25 	9.75 	
11.56 	8.96 	
11.13 	8.71 	
11.22 	8.71 	
10.31 	9.16 	
10.92 	9.23 	
10.57 	9.50 	
11.02 	9.56 	
11.50 	9.30 	
11.39 	8.86 	
10.66 	8.53 	
11.31 	7.43 	
10.86 	7.54 	
12.16 	8.62 	
12.02 	7.89 	
12.21 	8.10 	
11.41 	8.14 	
11.69 	7.92 	
11.42 	8.33 	
10.37 	8.81 	
11.70 	7.42 	
11.38 	7.92 	
11.37 	8.09 	
12.07 	8.16 	
12.43 	7.93 	
13.06 	7.98 	
12.08 	8.30 	
12.18 	8.62 	
11.62 	7.96 	
11.79 	7.93 	
11.58 	7.70 	
12.09 	6.86 	
12.73 	6.29 	
12.74 	6.94 	
12.08 	6.55 	
12.42 	6.64 	
12.42 	5.96 	
12.23 	7.57 	
12.25 	7.54 	
11.70 	8.41 	
12.28 	9.01 	
11.66 	9.23 	
11.95 	8.32 	
12.33 	8.00 	
12.18 	8.76 	
11.68 	8.28 	
11.62 	9.09 	
12.50 	9.33 	
12.02 	9.04 	
12.09 	7.61 	
11.78 	8.61 	
12.27 	7.52 	
12.70 	8.57 	
11.14 	6.91 	
11.37 	8.62 	
12.30 	7.71 	
10.51 	8.14 	
11.40 	8.67 	
10.72 	8.91 	
10.97 	8.38 	
12.12 	8.96 	
11.73 	7.93 	
11.71 	8.34 	
11.37 	8.80 	
11.54 	8.82 	
10.05 	8.49 	
10.75 	8.28 	
11.57 	8.99 	
11.42 	7.85 	
11.93 	8.99 	
11.51 	8.43 	
11.51 	8.28 	
12.33 	7.48 	
12.13 	8.00 	
12.18 	7.27 	
11.09 	6.92 	
11.88 	7.63 	
11.42 	8.94 	
10.19 	8.41 	
11.45 	7.46 	
11.68 	8.50 	
11.78 	8.56 	
12.14 	8.80 	
12.18 	9.26 	
12.00 	10.29 	
11.41 	9.70 	
12.12 	9.44 	
12.29 	9.89 	
11.93 	7.73 	
12.98 	8.98 	
12.39 	8.78 	
12.52 	8.60 	
12.41 	8.88 	
12.21 	9.26 	
12.74 	9.67 	
12.51 	10.20 	
12.61 	11.03 	
12.37 	11.60 	
12.56 	10.76 	
12.62 	10.99 	
12.41 	11.53 	
12.57 	11.49 	
12.03 	10.94 	
11.44 	10.07 	
12.04 	11.91 	
11.09 	11.72 	
12.29 	11.04 	
12.49 	12.14 	
11.52 	10.12 	
11.95 	11.67 	
12.40 	11.59 	
11.46 	11.45 	
12.25 	10.44 	
11.77 	10.72 	
11.08 	10.80 	
11.61 	11.20 	
12.06 	11.35 	
12.96 	10.82 	
11.43 	11.58 	
11.63 	11.85 	
11.76 	12.40 	
11.88 	10.82 	
11.25 	10.26 	
10.46 	11.48 	
11.58 	11.69 	
11.20 	11.95 	
11.59 	11.35 	
11.40 	11.81 	
10.89 	11.01 	
9.45 	9.81 	
10.41 	9.86 	
10.23 	8.76 	
11.31 	8.79 	
10.59 	7.46 	
10.21 	7.33 	
9.57 	7.99 	
9.83 	8.45 	
11.00 	8.94 	
10.57 	9.39 	
10.32 	7.01 	
9.28 	8.97 	
9.75 	8.60 	
11.83 	8.49 	
10.43 	8.70 	
11.38 	8.50 	
11.11 	8.09 	
11.77 	7.59 	
11.73 	9.18 	
11.59 	8.54 	
10.87 	8.83 	
11.56 	8.62 	
11.80 	9.56 	
11.75 	8.62 	
10.41 	7.49 	
10.77 	8.18 	
11.56 	8.54 	
12.16 	8.77 	
11.49 	6.34 	
11.73 	7.61 	
11.24 	7.78 	
10.99 	7.50 	
10.85 	7.76 	
11.09 	6.88 	
11.15 	7.24 	
11.47 	7.34 	
11.24 	8.11 	
11.34 	7.64 	
12.17 	7.04 	
11.74 	6.79 	
11.32 	7.06 	
11.66 	6.79 	
12.25 	7.86 	
11.83 	7.34 	
12.35 	6.98 	
12.01 	9.49 	
11.69 	8.54 	
11.57 	6.93 	
11.45 	7.60 	
11.58 	9.10 	
12.57 	7.64 	
11.67 	8.23 	
11.75 	7.38 	
11.35 	7.30 	
11.88 	8.48 	
12.14 	7.68 	
11.84 	7.72 	
11.65 	7.59 	
11.88 	7.96 	
12.10 	7.90 	
12.27 	7.14 	
12.33 	7.07 	
12.31 	7.52 	
11.76 	6.73 	
11.41 	7.74 	
10.67 	7.88 	
11.96 	7.91 	
12.05 	8.17 	
10.99 	7.98 	
11.90 	8.14 	
11.94 	8.29 	
11.50 	8.94 	
11.68 	9.07 	
11.87 	8.93 	
11.38 	7.98 	
11.21 	8.32 	
9.57 	8.63 	
8.84 	8.95 	
9.56 	8.44 	
9.36 	7.88 	
11.10 	7.78 	
10.46 	7.73 	
10.05 	8.83 	
10.56 	8.19 	
10.62 	7.23 	
10.20 	7.22 	
10.99 	7.76 	
10.65 	7.79 	
10.49 	8.01 	
9.07 	7.69 	
10.44 	7.68 	
10.19 	7.62 	
9.37 	7.62 	
9.84 	7.17 	
8.61 	7.28 	
8.99 	7.80 	
9.40 	7.99 	
8.13 	9.73 	
7.83 	8.08 	
7.73 	8.55 	
9.04 	7.73 	
10.03 	7.90 	
8.69 	7.37 	
9.03 	7.79 	
9.18 	7.63 	
8.28 	7.40 	
8.85 	7.68 	
8.35 	7.41 	
7.99 	7.30 	
8.20 	7.03 	
7.51 	7.16 	
8.47 	7.67 	
8.53 	7.03 	
10.03 	7.27 	
8.69 	7.06 	
8.58 	7.49 	
8.89 	7.52 	
8.63 	7.85 	
8.79 	7.58 	
8.20 	7.70 	
8.06 	7.76 	
7.81 	7.97 	
8.17 	7.88 	
8.07 	7.65 	
8.74 	7.90 	
9.37 	7.16 	
9.64 	7.70 	
10.02 	7.52 	
10.39 	7.20 	
9.09 	7.11 	
9.88 	7.67 	
9.68 	7.29 	
10.00 	8.02 	
9.23 	6.81 	
9.29 	6.89 	
9.27 	7.13 	
9.60 	7.30 	
9.20 	7.28 	
8.73 	7.17 	
8.60 	7.24 	
9.53 	7.24 	
8.23 	7.51 	
8.58 	7.12 	
8.24 	7.84 	
8.17 	7.28 	
8.10 	7.10 	
7.81 	6.99 	
7.52 	6.86 	
7.38 	7.18 	
7.48 	7.21 	
7.25 	6.97 	
7.75 	6.94 	
7.16 	7.04 	
7.61 	7.54 	
7.62 	7.14 	
8.09 	6.75 	
8.35 	7.23 	
7.81 	6.74 	
8.31 	6.83 	
7.64 	6.55 	
7.42 	7.31 	
8.39 	7.48 	
8.48 	8.34 	
9.58 	7.22 	
8.65 	7.14 	
9.57 	7.89 	
9.21 	7.86 	
8.39 	8.92 	
7.01 	8.06 	
8.93 	7.81 	
7.43 	8.00 	
8.25 	8.14 	
7.70 	8.54 	
6.97 	7.90 	
6.90 	8.17 	
7.99 	8.40 	
8.59 	7.95 	
7.43 	7.78 	
6.93 	8.20 	
7.57 	8.92 	
8.51 	8.49 	
8.81 	8.50 	
9.06 	7.95 	
9.00 	8.02 	
9.29 	8.19 	
8.55 	8.56 	
8.92 	7.50 	
8.86 	8.39 	
9.09 	8.35 	
9.02 	8.21 	
9.53 	8.35 	
9.62 	8.13 	
9.67 	8.54 	
8.99 	8.17 	
8.12 	8.27 	
8.76 	8.33 	
8.87 	7.74 	
9.19 	8.04 	
9.58 	8.04 	
9.34 	7.75 	
7.71 	9.02 	
9.28 	8.12 	
8.98 	8.45 	
9.32 	8.71 	
8.93 	8.48 	
9.26 	8.92 	
9.42 	8.92 	
9.39 	8.88 	
9.88 	8.46 	
9.03 	8.57 	
9.90 	8.82 	
10.06 	9.17 	
9.46 	9.36 	
10.11 	9.41 	
9.35 	8.65 	
9.39 	8.79 	
9.57 	8.66 	
9.29 	7.86 	
8.86 	8.53 	
9.09 	8.40 	
9.33 	9.82 	
8.50 	8.33 	
9.98 	8.56 	
8.67 	8.64 	
8.53 	8.57 	
8.74 	8.64 	
9.14 	8.75 	
8.50 	9.29 	
9.00 	8.78 	
9.12 	9.55 	
8.94 	9.50 	
9.02 	8.91 	
9.47 	8.44 	
8.95 	8.90 	
9.16 	8.60 	
8.92 	8.75 	
9.76 	9.20 	
8.35 	8.70 	
7.73 	8.07 	
7.56 	8.14 	
8.23 	8.34 	
7.99 	8.57 	
8.05 	8.52 	
7.48 	8.70 	
7.81 	9.04 	
8.25 	10.04 	
8.28 	9.86 	
8.66 	9.34 	
8.82 	9.19 	
8.33 	8.48 	
9.29 	8.32 	
8.71 	7.99 	
8.90 	7.87 	
8.78 	8.46 	
8.33 	8.77 	
8.77 	8.09 	
8.45 	7.93 	
10.63 	8.93 	
8.75 	8.94 	
9.95 	9.23 	
8.97 	7.96 	
8.38 	8.41 	
9.75 	9.33 	
9.58 	8.38 	
9.42 	8.61 	
9.31 	8.72 	
9.98 	8.15 	
9.19 	8.10 	
8.36 	7.95 	
9.12 	8.12 	
8.28 	6.92 	
8.55 	8.13 	
8.38 	8.16 	
9.71 	7.62 	
9.06 	7.48 	
9.11 	8.72 	
8.05 	7.55 	
8.43 	8.19 	
8.63 	8.12 	
8.60 	8.76 	
8.78 	8.63 	
9.63 	8.14 	
10.15 	7.87 	
8.64 	8.70 	
8.91 	7.68 	
9.15 	9.21 	
8.61 	8.63 	
8.91 	8.79 	
8.27 	9.18 	
8.44 	8.39 	
8.44 	8.10 	
9.08 	7.95 	
8.56 	8.38 	
8.72 	8.28 	
9.58 	7.83 	
9.32 	8.27 	
9.30 	8.42 	
9.10 	7.60 	
9.17 	8.14 	
8.73 	8.24 	
8.97 	8.55 	
9.60 	7.82 	
9.93 	8.66 	
10.05 	8.12 	
9.65 	7.94 	
10.63 	8.34 	
10.46 	7.38 	
11.07 	8.34 	
10.02 	8.86 	
11.06 	9.08 	
10.55 	8.66 	
9.98 	7.90 	
10.65 	7.79 	
10.66 	7.70 	
9.97 	8.03 	
9.86 	7.77 	
10.35 	7.88 	
10.19 	7.27 	
10.66 	8.63 	
10.84 	7.42 	
10.65 	7.77 	
10.24 	7.83 	
9.74 	8.38 	
10.14 	7.43 	
10.24 	9.31 	
10.68 	9.00 	
10.95 	9.06 	
9.54 	8.30 	
9.89 	7.76 	
9.86 	8.09 	
9.97 	7.97 	
8.55 	8.62 	
8.67 	8.75 	
9.04 	8.97 	
9.09 	8.77 	
8.38 	8.52 	
9.35 	8.04 	
9.87 	9.28 	
9.45 	9.20 	
8.78 	9.30 	
10.01 	8.82 	
9.32 	8.45 	
9.21 	8.59 	
8.88 	8.73 	
8.71 	8.83 	
9.35 	8.42 	
8.28 	9.27 	
9.52 	8.48 	
9.25 	8.73 	
8.39 	8.41 	
9.13 	7.62 	
8.69 	8.89 	
9.06 	8.62 	
9.21 	8.96 	
8.63 	8.15 	
7.70 	7.50 	
8.88 	8.20 	
9.02 	8.37 	
9.39 	7.99 	
9.47 	7.83 	
9.49 	8.27 	
8.70 	7.80 	
9.74 	8.28 	
8.87 	8.45 	
9.32 	7.91 	
9.03 	7.86 	
9.65 	7.99 	
10.62 	8.06 	
9.63 	8.37 	
10.27 	8.38 	
11.14 	8.18 	
10.69 	7.94 	
9.87 	8.08 	
9.28 	8.03 	
10.11 	7.79 	
10.53 	7.79 	
10.56 	8.11 	
9.19 	7.66 	
9.41 	8.72 	
8.43 	8.69 	
10.28 	7.88 	
8.77 	8.60 	
10.66 	8.05 	
9.16 	8.55 	
9.36 	7.89 	
10.10 	8.38 	
10.45 	8.47 	
9.05 	8.47 	
8.87 	8.37 	
9.19 	7.99 	
8.94 	8.81 	
8.85 	8.09 	
9.23 	8.31 	
8.32 	8.42 	
8.50 	8.63 	
8.39 	7.60 	
7.88 	7.42 	
7.85 	8.66 	
8.04 	7.74 	
8.19 	8.01 	
8.30 	8.86 	
8.79 	8.51 	
8.39 	8.62 	
8.35 	8.86 	
8.12 	8.46 	
8.58 	8.67 	
9.16 	8.89 	
8.85 	8.74 	
8.92 	8.23 	
8.46 	8.79 	
8.46 	8.56 	
8.60 	8.30 	
10.20 	8.79 	
10.03 	8.41 	
9.99 	8.36 	
9.64 	7.95 	
9.19 	8.38 	
9.18 	8.06 	
8.93 	8.43 	
8.81 	8.30 	
8.73 	9.18 	
9.32 	8.43 	
8.39 	8.48 	
8.59 	8.45 	
8.92 	8.17 	
8.04 	8.22 	
8.31 	8.30 	
8.45 	8.40 	
7.85 	7.75 	
8.37 	7.27 	
8.33 	7.71 	
8.34 	7.54 	
8.17 	8.04 	
7.86 	8.03 	
7.90 	8.32 	
9.26 	8.87 	
9.58 	8.87 	
9.06 	8.41 	
9.96 	8.96 	
9.15 	8.57 	
9.04 	8.72 	
8.60 	8.83 	
8.77 	8.66 	
9.06 	9.01 	
8.46 	8.38 	
8.36 	8.88 	
8.65 	8.72 	
8.59 	8.50 	
8.58 	8.86 	
8.47 	8.99 	
8.69 	8.50 	
8.60 	9.13 	
8.49 	8.68 	
8.62 	8.60 	
9.42 	8.53 	
9.23 	8.49 	
9.65 	9.57 	
9.87 	8.34 	
8.46 	9.10 	
9.27 	9.26 	
10.20 	8.80 	
10.18 	8.51 	
11.09 	8.50 	
9.32 	8.72 	
10.38 	8.35 	
9.69 	8.57 	
9.40 	10.14 	
10.00 	10.38 	
9.93 	9.88 	
9.53 	9.56 	
8.60 	8.83 	
9.11 	8.41 	
9.76 	8.47 	
9.95 	8.46 	
10.24 	8.40 	
10.77 	9.29 	
10.12 	8.86 	
10.46 	8.33 	
10.84 	8.56 	
10.12 	8.52 	
9.48 	8.86 	
9.85 	8.16 	
10.66 	8.74 	
11.16 	8.47 	
11.62 	9.04 	
11.05 	8.67 	
10.27 	8.68 	
11.43 	8.31 	
10.40 	8.34 	
11.75 	8.97 	
11.70 	8.17 	
10.79 	8.84 	
11.86 	8.38 	
11.79 	8.32 	
11.82 	8.74 	
11.71 	8.24 	
11.76 	9.19 	
11.75 	8.03 	
10.95 	8.62 	
11.19 	8.11 	
11.67 	8.84 	
11.90 	8.05 	
11.65 	8.78 	
11.85 	7.89 	
11.90 	8.45 	
11.30 	8.09 	
11.91 	8.45 	
11.72 	8.18 	
11.61 	8.37 	
11.43 	8.61 	
11.91 	8.38 	
11.24 	7.75 	
11.61 	7.72 	
12.00 	8.17 	
11.88 	7.64 	
11.99 	7.74 	
11.08 	8.25 	
11.67 	8.07 	
11.58 	8.25 	
11.25 	8.56 	
11.78 	8.81 	
11.82 	8.02 	
11.53 	8.11 	
11.68 	8.42 	
11.42 	8.20 	
11.74 	8.15 	
10.85 	9.04 	
11.26 	9.73 	
12.04 	8.67 	
11.41 	8.22 	
10.80 	8.80 	
11.90 	7.96 	
12.23 	8.26 	
10.65 	8.53 	
10.57 	8.49 	
11.73 	8.61 	
12.48 	9.09 	
11.39 	8.75 	
11.97 	7.81 	
10.79 	8.88 	
11.73 	7.83 	
11.68 	8.44 	
11.91 	8.24 	
11.31 	8.54 	
11.23 	8.92 	
11.08 	8.67 	
11.36 	8.50 	
10.89 	8.39 	
11.37 	8.17 	
10.16 	8.21 	
10.57 	8.23 	
12.28 	8.72 	
12.35 	8.12 	
12.39 	8.16 	
12.17 	8.38 	
11.71 	8.01 	
11.59 	7.97 	
12.06 	8.08 	
11.52 	8.43 	
11.86 	8.65 	
11.56 	8.30 	
11.34 	7.29 	
11.22 	8.14 	
10.21 	8.03 	
10.80 	7.79 	
11.29 	8.08 	
10.86 	8.14 	
11.19 	7.87 	
11.42 	8.31 	
11.26 	8.16 	
10.87 	8.94 	
11.06 	9.03 	
11.15 	8.10 	
11.79 	7.99 	
12.28 	8.40 	
11.71 	8.06 	
12.06 	7.90 	
11.59 	8.22 	
12.68 	7.96 	
12.09 	7.90 	
12.57 	8.19 	
11.71 	7.94 	
12.20 	8.65 	
11.84 	8.20 	
11.72 	8.40 	
11.77 	8.27 	
11.88 	8.06 	
11.51 	8.30 	
12.27 	8.75 	
12.10 	7.97 	
11.77 	8.25 	
12.04 	8.46 	
10.94 	8.12 	
10.60 	8.60 	
11.06 	7.99 	
11.07 	8.84 	
11.10 	8.10 	
11.45 	8.27 	
11.04 	8.31 	
