3.00 	3.41 	
2.19 	4.14 	
3.08 	4.09 	
3.97 	4.05 	
3.41 	3.87 	
2.83 	3.96 	
2.39 	3.88 	
2.91 	3.33 	
2.45 	3.62 	
3.15 	3.57 	
4.22 	3.32 	
3.49 	4.11 	
3.94 	3.46 	
4.02 	3.83 	
3.50 	3.77 	
1.91 	3.60 	
1.71 	3.69 	
2.07 	3.63 	
1.76 	3.74 	
1.73 	3.97 	
1.97 	3.36 	
2.57 	3.63 	
1.86 	3.64 	
3.30 	3.38 	
3.97 	2.96 	
4.12 	3.76 	
4.98 	3.42 	
4.04 	3.36 	
4.40 	3.67 	
4.51 	2.42 	
4.63 	2.36 	
3.85 	2.72 	
4.50 	2.48 	
3.73 	3.05 	
4.00 	3.51 	
4.40 	3.13 	
3.97 	3.32 	
4.25 	2.90 	
4.13 	3.40 	
4.79 	2.82 	
4.67 	3.06 	
4.79 	3.30 	
4.66 	3.24 	
4.17 	3.63 	
4.22 	2.87 	
3.92 	3.38 	
3.92 	3.25 	
4.11 	3.55 	
3.95 	3.56 	
2.84 	3.56 	
2.20 	3.47 	
3.54 	3.46 	
4.64 	3.44 	
2.75 	3.57 	
4.35 	3.42 	
3.34 	3.57 	
2.86 	3.55 	
3.06 	3.32 	
2.86 	3.53 	
2.66 	3.39 	
4.09 	3.38 	
3.83 	3.69 	
4.45 	3.73 	
5.31 	3.24 	
5.11 	3.43 	
4.87 	3.05 	
4.09 	3.05 	
4.59 	3.49 	
4.56 	3.52 	
4.90 	3.59 	
3.54 	3.21 	
3.06 	2.84 	
3.35 	3.23 	
3.87 	3.11 	
4.97 	3.16 	
3.73 	3.16 	
3.23 	3.12 	
3.97 	3.00 	
2.49 	3.32 	
1.72 	4.03 	
3.80 	3.08 	
3.66 	3.05 	
3.95 	2.82 	
2.10 	3.12 	
3.31 	3.27 	
3.37 	3.03 	
3.16 	2.87 	
3.37 	2.76 	
3.98 	2.97 	
4.14 	3.16 	
4.23 	3.05 	
4.20 	3.19 	
4.43 	2.99 	
4.70 	2.78 	
4.38 	2.73 	
4.39 	3.29 	
4.74 	2.83 	
5.32 	3.16 	
4.93 	3.01 	
3.32 	3.40 	
5.86 	3.11 	
5.44 	2.83 	
5.79 	2.93 	
5.41 	2.68 	
5.69 	2.62 	
6.06 	2.52 	
5.99 	3.30 	
5.30 	3.55 	
5.57 	3.84 	
5.75 	2.77 	
6.15 	3.76 	
6.23 	3.56 	
6.02 	4.54 	
6.41 	5.36 	
6.00 	4.87 	
5.85 	4.80 	
5.77 	4.28 	
5.96 	3.95 	
6.14 	3.87 	
5.82 	4.40 	
5.81 	2.68 	
6.33 	3.64 	
6.13 	3.60 	
6.24 	3.86 	
5.99 	4.51 	
5.47 	4.58 	
5.87 	3.52 	
6.58 	4.39 	
6.22 	3.49 	
6.57 	3.06 	
6.21 	3.84 	
6.42 	3.63 	
6.03 	4.81 	
5.93 	3.12 	
6.37 	4.10 	
6.07 	4.35 	
6.35 	3.37 	
6.56 	4.35 	
6.22 	3.68 	
5.57 	4.17 	
5.78 	4.25 	
6.39 	4.37 	
5.30 	4.50 	
5.41 	3.42 	
5.71 	3.97 	
6.96 	4.19 	
6.55 	3.30 	
6.67 	3.75 	
6.55 	4.72 	
6.02 	3.32 	
6.43 	3.72 	
5.68 	2.68 	
6.06 	2.60 	
6.64 	3.34 	
6.45 	3.64 	
5.68 	2.96 	
6.46 	3.17 	
6.06 	3.84 	
6.37 	3.82 	
6.29 	3.24 	
5.93 	4.09 	
6.17 	3.90 	
6.69 	3.96 	
6.05 	3.32 	
6.53 	2.84 	
6.60 	2.69 	
6.99 	3.66 	
6.40 	4.48 	
6.72 	3.68 	
6.42 	4.01 	
6.71 	4.11 	
6.68 	3.85 	
6.63 	3.62 	
6.23 	3.36 	
6.08 	3.38 	
6.36 	3.81 	
6.40 	3.87 	
6.79 	3.84 	
5.95 	3.34 	
6.44 	3.25 	
6.36 	3.77 	
5.99 	3.64 	
6.91 	3.24 	
6.91 	3.33 	
6.72 	2.98 	
5.99 	3.45 	
6.56 	4.23 	
6.64 	3.64 	
6.94 	2.57 	
6.59 	3.49 	
6.32 	3.12 	
6.39 	3.82 	
6.50 	2.93 	
6.55 	2.82 	
6.25 	3.13 	
6.80 	3.52 	
5.99 	4.30 	
5.82 	3.42 	
6.44 	3.56 	
7.17 	3.40 	
6.60 	3.66 	
6.62 	3.58 	
6.08 	3.69 	
6.49 	4.06 	
6.80 	4.16 	
5.98 	4.20 	
6.54 	2.87 	
6.72 	3.32 	
6.71 	3.24 	
7.92 	2.61 	
6.22 	3.59 	
6.36 	3.01 	
5.85 	2.95 	
6.31 	4.22 	
6.05 	3.12 	
6.39 	3.27 	
6.60 	3.42 	
5.95 	4.37 	
6.49 	4.20 	
6.04 	3.78 	
5.80 	4.39 	
5.58 	4.83 	
5.65 	4.87 	
6.16 	4.11 	
5.71 	3.55 	
5.48 	4.14 	
6.29 	3.94 	
6.30 	4.00 	
5.91 	3.65 	
6.02 	3.50 	
6.83 	3.88 	
6.26 	3.87 	
6.45 	2.33 	
6.19 	4.47 	
5.91 	3.58 	
6.03 	2.65 	
6.68 	2.07 	
6.37 	3.60 	
5.73 	3.26 	
6.50 	3.06 	
6.05 	2.55 	
7.15 	3.12 	
7.46 	3.16 	
6.34 	2.81 	
6.89 	3.79 	
7.07 	3.81 	
7.48 	3.99 	
6.69 	4.11 	
7.15 	3.18 	
7.18 	3.79 	
6.97 	3.58 	
7.37 	3.28 	
7.24 	3.62 	
6.67 	3.89 	
7.22 	3.86 	
7.54 	3.44 	
7.47 	3.25 	
7.20 	3.93 	
7.20 	3.17 	
7.23 	3.46 	
7.63 	3.06 	
6.72 	3.61 	
7.47 	4.11 	
7.05 	4.13 	
7.10 	4.15 	
7.31 	4.00 	
7.01 	3.45 	
7.91 	3.38 	
6.83 	3.98 	
7.24 	3.64 	
7.23 	3.87 	
6.71 	3.61 	
6.84 	3.84 	
7.41 	3.20 	
6.79 	3.82 	
7.08 	3.12 	
7.29 	3.09 	
7.27 	3.46 	
6.98 	3.52 	
7.79 	3.75 	
7.10 	2.95 	
7.28 	3.55 	
6.98 	3.77 	
6.12 	3.56 	
6.90 	3.81 	
6.95 	3.36 	
6.58 	3.81 	
7.00 	3.88 	
6.83 	3.79 	
6.40 	3.50 	
5.71 	3.54 	
7.37 	4.59 	
5.75 	3.81 	
6.68 	3.49 	
7.04 	3.69 	
7.13 	3.85 	
6.50 	3.39 	
7.02 	3.47 	
7.04 	3.22 	
7.24 	3.69 	
6.87 	3.42 	
6.50 	3.45 	
6.69 	3.49 	
7.39 	3.52 	
7.45 	3.38 	
7.52 	3.60 	
7.78 	3.65 	
7.04 	3.73 	
7.13 	3.74 	
6.77 	3.55 	
6.72 	4.25 	
7.13 	3.93 	
7.41 	3.87 	
5.33 	3.40 	
5.73 	3.28 	
5.25 	3.79 	
5.20 	3.64 	
5.69 	3.63 	
5.98 	3.61 	
5.24 	4.14 	
5.71 	3.77 	
5.60 	3.51 	
5.61 	3.89 	
6.59 	3.78 	
6.27 	4.05 	
6.22 	3.92 	
5.47 	4.16 	
5.48 	4.04 	
5.71 	2.96 	
5.63 	3.08 	
5.69 	3.23 	
4.95 	3.56 	
4.34 	3.68 	
4.85 	4.01 	
6.31 	4.30 	
6.18 	3.53 	
5.43 	3.52 	
4.94 	4.52 	
5.91 	4.26 	
4.80 	4.43 	
5.93 	4.15 	
5.50 	3.51 	
5.26 	4.64 	
4.40 	4.25 	
5.01 	3.89 	
5.06 	4.45 	
4.77 	4.05 	
5.73 	3.94 	
5.25 	3.81 	
5.30 	3.88 	
6.18 	3.83 	
5.16 	4.26 	
5.30 	3.84 	
5.66 	4.35 	
6.57 	4.16 	
5.95 	4.29 	
5.80 	3.68 	
6.50 	4.44 	
5.85 	4.17 	
5.76 	4.13 	
6.02 	3.88 	
5.52 	3.56 	
5.75 	3.69 	
5.82 	3.59 	
6.00 	3.91 	
5.19 	3.79 	
5.65 	4.22 	
5.63 	3.92 	
4.84 	4.29 	
5.69 	3.52 	
5.64 	4.03 	
5.14 	4.07 	
5.77 	3.46 	
5.88 	3.90 	
5.26 	4.11 	
5.03 	3.92 	
5.70 	4.37 	
4.94 	4.34 	
5.47 	3.76 	
4.64 	3.86 	
4.98 	4.16 	
5.41 	4.19 	
5.65 	3.79 	
5.20 	4.01 	
5.98 	3.09 	
6.22 	1.95 	
5.67 	1.64 	
4.69 	1.67 	
5.00 	1.29 	
4.37 	1.71 	
3.44 	3.21 	
2.90 	2.40 	
3.18 	2.53 	
3.36 	2.11 	
4.24 	2.56 	
3.94 	2.93 	
3.60 	2.35 	
3.05 	2.44 	
3.34 	2.25 	
3.63 	3.48 	
4.06 	2.89 	
3.35 	3.46 	
3.21 	2.21 	
3.33 	2.67 	
2.54 	2.07 	
2.55 	3.62 	
3.32 	4.39 	
4.97 	3.80 	
5.37 	2.82 	
4.56 	4.12 	
4.69 	5.08 	
3.55 	2.75 	
4.34 	3.12 	
4.95 	3.24 	
5.20 	3.30 	
5.76 	1.91 	
6.11 	2.59 	
4.43 	2.81 	
4.86 	3.69 	
4.05 	3.62 	
4.37 	3.72 	
4.76 	2.88 	
3.92 	3.17 	
4.00 	4.35 	
3.86 	4.43 	
4.48 	4.60 	
3.69 	4.49 	
4.16 	3.49 	
3.38 	4.42 	
4.46 	5.00 	
3.42 	3.92 	
4.16 	4.60 	
4.61 	4.25 	
4.20 	4.95 	
4.39 	4.12 	
4.35 	4.08 	
4.29 	3.17 	
4.36 	3.73 	
3.98 	4.09 	
2.94 	4.69 	
3.75 	3.41 	
4.21 	2.62 	
3.84 	3.15 	
3.77 	3.34 	
3.93 	2.91 	
5.04 	3.86 	
5.77 	2.55 	
5.10 	2.90 	
4.95 	3.79 	
4.83 	2.27 	
5.47 	2.07 	
4.47 	3.09 	
5.02 	3.04 	
4.16 	2.88 	
3.27 	1.90 	
3.03 	2.52 	
4.39 	2.20 	
4.96 	2.73 	
4.60 	2.13 	
3.55 	2.56 	
4.12 	2.41 	
4.50 	2.24 	
3.32 	2.30 	
4.73 	2.03 	
3.60 	2.42 	
4.04 	2.52 	
3.77 	2.24 	
3.70 	2.29 	
3.76 	2.67 	
4.28 	2.26 	
4.56 	2.31 	
4.61 	2.21 	
4.52 	3.54 	
3.97 	3.99 	
4.31 	3.20 	
3.97 	3.81 	
3.58 	4.15 	
3.82 	3.52 	
3.50 	3.17 	
3.25 	3.32 	
3.96 	3.46 	
4.18 	3.09 	
4.15 	3.25 	
4.58 	3.70 	
3.96 	2.93 	
4.37 	3.04 	
4.41 	3.05 	
4.12 	3.56 	
4.92 	4.81 	
3.94 	4.21 	
5.01 	3.90 	
3.63 	2.83 	
4.41 	2.84 	
4.51 	2.92 	
4.94 	2.56 	
4.23 	3.09 	
3.24 	2.69 	
3.29 	2.50 	
3.70 	1.49 	
4.45 	1.68 	
4.48 	2.36 	
4.80 	1.66 	
4.66 	1.45 	
4.71 	2.38 	
3.65 	1.84 	
4.51 	1.76 	
4.65 	3.04 	
4.13 	2.35 	
4.37 	2.35 	
4.49 	2.04 	
4.93 	3.11 	
4.74 	3.05 	
4.84 	2.35 	
2.72 	4.39 	
3.58 	3.98 	
4.35 	5.23 	
3.30 	4.72 	
3.30 	4.55 	
3.77 	3.29 	
4.41 	3.57 	
3.57 	3.41 	
3.13 	2.82 	
2.92 	2.13 	
2.97 	2.06 	
3.63 	2.11 	
3.73 	2.33 	
3.69 	3.23 	
2.98 	2.26 	
3.86 	1.45 	
3.19 	1.59 	
4.25 	3.12 	
3.91 	1.84 	
4.23 	1.64 	
4.00 	1.25 	
2.87 	1.49 	
3.06 	1.64 	
3.10 	2.28 	
3.09 	2.34 	
3.26 	2.21 	
3.18 	1.59 	
3.32 	1.42 	
3.92 	0.99 	
3.93 	1.80 	
2.29 	3.49 	
3.06 	3.88 	
2.90 	1.92 	
3.16 	1.24 	
2.89 	3.17 	
3.61 	3.67 	
3.32 	3.29 	
3.01 	3.12 	
3.81 	2.87 	
3.26 	2.04 	
3.15 	2.67 	
3.10 	3.39 	
4.06 	3.66 	
3.55 	3.37 	
3.25 	3.35 	
3.30 	2.96 	
3.72 	3.42 	
4.11 	3.38 	
3.33 	2.79 	
3.34 	3.14 	
3.15 	2.21 	
3.10 	1.81 	
3.52 	2.26 	
3.01 	1.86 	
3.11 	3.19 	
2.90 	2.77 	
3.42 	2.42 	
3.06 	2.32 	
4.33 	1.57 	
4.09 	1.88 	
4.45 	1.99 	
3.92 	1.55 	
4.47 	2.15 	
4.13 	3.89 	
3.66 	3.02 	
2.89 	4.32 	
2.62 	3.99 	
2.95 	4.80 	
3.90 	4.42 	
4.47 	2.39 	
2.82 	3.56 	
3.49 	1.99 	
3.87 	1.82 	
3.32 	1.56 	
3.04 	2.90 	
3.55 	3.22 	
3.99 	3.18 	
3.14 	3.65 	
3.99 	2.26 	
3.25 	2.55 	
3.04 	2.32 	
3.24 	3.56 	
3.72 	2.24 	
3.89 	1.81 	
3.84 	3.06 	
3.53 	3.65 	
3.77 	1.40 	
4.02 	1.19 	
4.10 	1.04 	
3.65 	1.27 	
4.11 	1.30 	
3.99 	1.32 	
3.82 	2.04 	
3.62 	1.86 	
4.07 	2.25 	
3.77 	1.87 	
3.88 	2.12 	
3.64 	1.90 	
3.77 	1.35 	
3.60 	1.35 	
3.45 	1.60 	
3.84 	1.17 	
3.38 	1.51 	
3.67 	3.36 	
3.83 	3.11 	
4.03 	2.04 	
3.31 	1.17 	
4.22 	1.56 	
3.99 	1.49 	
4.16 	3.17 	
3.63 	3.82 	
3.66 	3.24 	
3.43 	3.34 	
3.54 	2.39 	
4.39 	2.20 	
4.28 	1.45 	
4.47 	1.88 	
4.54 	1.55 	
4.62 	1.93 	
4.04 	1.97 	
4.82 	2.73 	
2.30 	2.83 	
2.93 	2.39 	
2.78 	2.68 	
2.78 	2.23 	
3.11 	3.61 	
3.20 	3.18 	
3.65 	4.28 	
3.49 	4.61 	
2.93 	4.83 	
3.57 	4.35 	
3.47 	4.12 	
3.57 	4.61 	
4.18 	4.36 	
3.30 	4.55 	
3.20 	4.72 	
3.23 	5.04 	
2.78 	4.46 	
3.97 	4.80 	
4.17 	5.14 	
4.52 	4.85 	
5.70 	4.73 	
5.17 	4.50 	
4.48 	5.17 	
5.22 	5.13 	
5.19 	5.49 	
5.39 	5.21 	
3.85 	4.97 	
4.51 	3.84 	
3.77 	4.68 	
3.24 	4.41 	
3.45 	5.37 	
4.35 	4.34 	
3.75 	4.60 	
4.00 	4.84 	
3.57 	4.78 	
3.22 	4.73 	
3.73 	5.09 	
3.70 	5.03 	
3.64 	4.79 	
3.38 	5.09 	
3.29 	4.75 	
3.45 	5.36 	
3.57 	5.38 	
3.44 	5.02 	
3.43 	4.78 	
3.26 	5.12 	
3.77 	4.23 	
4.00 	4.71 	
3.30 	4.96 	
3.67 	3.31 	
3.91 	4.56 	
3.51 	4.93 	
4.04 	4.83 	
3.23 	5.02 	
3.81 	4.57 	
3.33 	5.10 	
3.29 	5.02 	
3.73 	6.49 	
3.45 	5.28 	
3.09 	4.59 	
3.40 	4.54 	
4.07 	4.64 	
3.23 	4.50 	
3.93 	3.98 	
4.23 	3.87 	
3.66 	3.93 	
4.30 	3.96 	
3.07 	4.17 	
2.95 	4.39 	
3.34 	4.55 	
2.98 	5.26 	
3.70 	4.91 	
3.05 	4.02 	
3.88 	4.50 	
4.35 	4.44 	
5.17 	4.29 	
5.48 	5.23 	
5.76 	4.58 	
5.73 	4.43 	
3.41 	4.70 	
4.82 	5.12 	
4.52 	5.62 	
3.96 	5.70 	
3.64 	5.66 	
3.94 	4.89 	
5.06 	3.68 	
4.26 	4.95 	
3.72 	4.95 	
3.92 	4.31 	
4.38 	4.29 	
4.23 	4.77 	
5.27 	4.06 	
4.94 	4.54 	
4.42 	4.97 	
4.33 	4.33 	
4.77 	4.08 	
5.02 	4.27 	
5.64 	4.25 	
5.36 	4.50 	
4.57 	5.08 	
4.36 	4.24 	
5.36 	5.56 	
5.34 	4.04 	
5.97 	3.75 	
4.58 	3.90 	
5.12 	4.18 	
5.33 	4.34 	
5.29 	4.91 	
4.80 	4.98 	
5.51 	4.90 	
5.45 	4.35 	
5.06 	3.68 	
5.03 	3.56 	
5.15 	4.77 	
5.24 	5.95 	
4.49 	4.68 	
4.98 	5.21 	
4.43 	5.24 	
4.88 	5.01 	
4.87 	5.29 	
5.08 	5.65 	
4.84 	4.60 	
4.93 	4.87 	
4.15 	5.53 	
4.23 	4.77 	
5.26 	4.65 	
5.40 	5.14 	
5.29 	4.84 	
4.73 	4.52 	
5.36 	5.06 	
5.17 	5.19 	
4.88 	5.16 	
3.63 	4.12 	
3.86 	4.83 	
3.47 	4.56 	
3.12 	4.76 	
3.22 	4.10 	
3.36 	4.90 	
3.32 	4.55 	
3.16 	4.56 	
4.13 	4.79 	
3.34 	4.12 	
4.01 	3.29 	
3.38 	3.68 	
4.04 	3.80 	
3.34 	3.92 	
3.31 	3.70 	
3.26 	4.33 	
3.81 	4.38 	
3.61 	3.19 	
3.39 	4.04 	
3.74 	2.15 	
3.21 	1.87 	
4.14 	1.77 	
3.55 	2.45 	
4.16 	2.82 	
4.08 	2.82 	
4.08 	2.48 	
3.82 	2.07 	
4.06 	2.27 	
3.35 	2.27 	
3.16 	2.15 	
3.54 	2.87 	
5.19 	3.04 	
3.38 	3.50 	
3.29 	3.68 	
3.71 	3.25 	
3.22 	3.36 	
3.33 	3.47 	
3.24 	3.20 	
3.90 	3.51 	
3.81 	2.32 	
5.54 	3.32 	
5.32 	3.11 	
5.87 	3.45 	
5.05 	3.73 	
4.68 	3.20 	
5.88 	3.07 	
6.04 	3.44 	
5.86 	3.26 	
5.72 	3.24 	
4.75 	4.03 	
3.51 	4.24 	
3.54 	3.83 	
3.39 	3.65 	
3.05 	4.06 	
3.62 	4.13 	
3.41 	3.58 	
4.21 	3.90 	
3.57 	3.43 	
3.10 	3.16 	
3.95 	3.54 	
3.51 	3.31 	
3.41 	3.10 	
3.93 	3.02 	
3.29 	3.35 	
3.36 	2.99 	
3.83 	3.11 	
3.08 	3.28 	
3.68 	3.04 	
4.22 	2.90 	
3.43 	3.55 	
4.38 	3.23 	
3.51 	3.78 	
5.08 	3.22 	
4.46 	3.03 	
4.70 	3.19 	
3.89 	3.00 	
4.07 	3.22 	
4.59 	3.25 	
3.56 	3.28 	
3.63 	3.74 	
4.18 	3.38 	
3.74 	3.42 	
4.63 	4.15 	
4.53 	4.30 	
3.46 	4.01 	
3.92 	4.36 	
3.96 	3.81 	
3.89 	3.99 	
4.77 	4.27 	
4.80 	4.34 	
4.79 	4.30 	
4.51 	4.11 	
4.81 	4.16 	
4.59 	4.25 	
3.93 	4.04 	
3.90 	4.06 	
3.71 	3.89 	
3.51 	4.22 	
3.92 	4.67 	
3.76 	4.33 	
3.73 	4.16 	
3.15 	3.81 	
3.61 	4.10 	
3.36 	4.49 	
3.37 	4.01 	
3.77 	3.73 	
3.09 	3.98 	
3.95 	3.60 	
4.33 	3.39 	
4.04 	3.43 	
3.88 	3.17 	
3.53 	2.74 	
3.79 	2.30 	
3.79 	3.40 	
3.61 	2.98 	
3.34 	3.70 	
3.23 	3.24 	
4.10 	3.03 	
4.08 	3.12 	
5.26 	3.14 	
4.75 	3.37 	
4.94 	3.24 	
5.53 	3.86 	
4.72 	3.03 	
4.77 	3.25 	
5.15 	3.53 	
5.32 	3.06 	
5.38 	3.86 	
5.01 	3.16 	
5.04 	3.34 	
4.04 	3.46 	
4.05 	3.52 	
4.12 	3.31 	
4.48 	3.77 	
4.82 	3.51 	
4.70 	2.95 	
4.34 	3.11 	
3.80 	2.83 	
3.18 	3.70 	
3.62 	3.17 	
3.88 	3.21 	
4.47 	3.12 	
4.37 	3.13 	
4.11 	2.75 	
4.31 	2.79 	
3.32 	2.56 	
3.88 	2.94 	
4.00 	3.14 	
4.34 	3.42 	
3.99 	3.13 	
4.03 	2.80 	
4.30 	2.73 	
3.53 	3.16 	
3.88 	3.37 	
4.02 	3.78 	
3.91 	3.69 	
3.58 	3.82 	
4.26 	3.51 	
3.95 	3.05 	
3.32 	3.27 	
4.14 	3.46 	
5.56 	3.18 	
5.88 	3.32 	
5.22 	3.51 	
4.99 	3.17 	
4.82 	3.32 	
6.17 	3.47 	
5.43 	3.83 	
5.88 	3.71 	
6.20 	3.71 	
5.72 	3.70 	
5.91 	3.92 	
4.31 	3.97 	
4.31 	3.47 	
4.61 	3.62 	
4.39 	3.28 	
3.82 	3.39 	
4.10 	3.64 	
3.44 	3.41 	
3.57 	4.24 	
3.83 	3.18 	
3.94 	3.51 	
3.49 	3.51 	
3.25 	3.45 	
3.29 	3.48 	
3.12 	3.81 	
4.08 	3.59 	
3.31 	3.50 	
5.73 	3.64 	
4.89 	3.38 	
4.98 	3.94 	
5.57 	3.76 	
5.54 	3.14 	
5.59 	3.38 	
5.42 	3.46 	
4.09 	3.79 	
4.58 	3.70 	
3.58 	3.86 	
5.37 	3.81 	
4.23 	3.26 	
4.52 	3.62 	
3.78 	3.77 	
4.62 	3.29 	
4.65 	3.90 	
3.75 	3.57 	
3.81 	3.77 	
3.80 	3.67 	
4.65 	3.94 	
4.80 	3.39 	
3.60 	3.20 	
4.53 	3.43 	
4.45 	3.47 	
3.48 	3.28 	
3.27 	3.12 	
3.21 	3.98 	
3.13 	4.08 	
3.21 	3.74 	
3.17 	3.90 	
2.76 	4.43 	
2.43 	4.30 	
3.25 	4.26 	
3.09 	3.81 	
3.26 	3.96 	
3.01 	3.88 	
3.17 	4.21 	
2.49 	3.85 	
3.07 	3.88 	
3.06 	4.16 	
3.11 	3.94 	
2.39 	3.94 	
2.60 	3.85 	
3.21 	3.73 	
2.91 	3.92 	
2.98 	4.28 	
2.60 	3.94 	
2.61 	3.49 	
2.71 	3.82 	
2.71 	3.95 	
2.39 	3.78 	
3.09 	3.32 	
2.95 	3.65 	
3.15 	2.93 	
3.19 	3.90 	
2.81 	3.59 	
3.46 	4.37 	
3.08 	3.99 	
3.35 	4.14 	
3.05 	4.05 	
3.03 	3.79 	
2.83 	3.75 	
2.81 	4.00 	
2.57 	4.26 	
2.91 	4.44 	
3.18 	4.23 	
3.05 	3.63 	
3.20 	3.72 	
3.01 	4.25 	
3.27 	4.32 	
2.66 	3.99 	
2.64 	4.42 	
2.89 	4.45 	
3.11 	4.15 	
3.55 	4.09 	
3.15 	4.24 	
2.84 	3.94 	
2.52 	4.61 	
2.41 	3.97 	
2.62 	4.49 	
3.50 	4.05 	
3.11 	4.10 	
2.71 	4.45 	
3.09 	4.30 	
3.40 	4.05 	
3.09 	4.34 	
2.80 	4.27 	
3.13 	4.13 	
3.29 	4.23 	
3.07 	4.25 	
2.92 	4.08 	
2.49 	4.72 	
3.34 	3.96 	
3.23 	4.38 	
3.09 	3.91 	
3.24 	4.41 	
2.84 	3.72 	
2.74 	3.87 	
3.02 	4.00 	
2.90 	4.34 	
3.38 	4.11 	
3.63 	4.33 	
2.84 	4.31 	
3.25 	4.63 	
3.19 	4.35 	
3.23 	4.30 	
3.19 	4.44 	
2.96 	4.13 	
3.07 	5.57 	
3.16 	4.89 	
3.14 	5.04 	
3.29 	4.09 	
3.21 	5.38 	
2.93 	4.00 	
3.64 	4.28 	
2.99 	4.84 	
3.76 	4.84 	
3.29 	5.53 	
3.44 	5.05 	
3.24 	5.49 	
3.88 	4.96 	
2.86 	6.21 	
3.41 	5.24 	
3.08 	5.00 	
3.60 	4.91 	
3.70 	5.14 	
3.58 	4.28 	
3.20 	5.05 	
2.94 	4.74 	
3.29 	4.84 	
3.80 	6.02 	
4.05 	4.41 	
3.14 	5.21 	
3.14 	5.09 	
2.63 	4.11 	
3.38 	4.57 	
3.26 	4.80 	
3.67 	3.41 	
3.38 	4.64 	
3.32 	4.00 	
2.77 	3.83 	
3.14 	4.47 	
3.00 	5.54 	
3.29 	5.40 	
3.72 	4.51 	
3.99 	4.70 	
3.69 	4.66 	
3.30 	5.14 	
3.41 	4.69 	
3.46 	5.28 	
3.22 	5.29 	
3.12 	5.40 	
3.22 	4.88 	
3.62 	4.71 	
3.67 	4.41 	
3.38 	5.00 	
3.38 	4.93 	
3.96 	4.74 	
3.78 	5.37 	
4.15 	4.72 	
3.98 	4.66 	
4.28 	4.71 	
3.52 	4.25 	
4.28 	4.54 	
4.53 	5.12 	
4.45 	6.12 	
4.24 	4.85 	
4.03 	4.95 	
4.44 	4.82 	
4.01 	4.45 	
4.33 	5.18 	
3.65 	5.46 	
3.50 	4.58 	
3.76 	4.22 	
3.50 	4.52 	
4.07 	4.49 	
3.76 	5.06 	
3.82 	5.01 	
3.76 	4.78 	
4.59 	4.73 	
3.70 	4.41 	
3.61 	4.72 	
4.06 	5.45 	
4.08 	4.87 	
4.09 	4.56 	
4.04 	4.76 	
3.88 	3.83 	
3.90 	3.89 	
3.61 	4.13 	
3.74 	4.99 	
4.11 	4.97 	
3.85 	4.06 	
4.34 	4.43 	
4.42 	4.46 	
3.55 	3.82 	
3.67 	3.84 	
3.58 	3.95 	
3.55 	4.59 	
4.00 	4.31 	
4.21 	4.07 	
4.08 	4.04 	
4.32 	4.34 	
4.71 	4.14 	
4.38 	4.69 	
3.81 	4.62 	
3.54 	4.43 	
3.87 	4.52 	
4.07 	4.28 	
4.52 	4.35 	
4.09 	4.78 	
4.76 	4.37 	
3.71 	4.94 	
4.63 	4.50 	
3.81 	4.54 	
3.83 	4.38 	
3.67 	4.58 	
3.72 	4.45 	
3.11 	4.58 	
3.26 	4.55 	
3.60 	4.13 	
4.17 	4.50 	
4.65 	4.73 	
4.10 	4.56 	
4.10 	3.94 	
4.41 	4.42 	
4.16 	4.67 	
3.33 	4.41 	
3.60 	4.98 	
3.26 	4.95 	
3.23 	4.05 	
3.52 	4.13 	
3.92 	4.46 	
4.46 	4.65 	
3.78 	4.05 	
4.01 	4.63 	
4.06 	4.60 	
4.38 	4.32 	
3.89 	4.08 	
3.92 	4.65 	
3.49 	4.51 	
3.44 	5.94 	
3.33 	5.94 	
3.53 	5.46 	
3.40 	5.57 	
3.65 	5.15 	
3.99 	5.65 	
3.89 	4.54 	
3.72 	5.09 	
4.55 	5.29 	
4.26 	5.36 	
3.75 	5.74 	
3.71 	5.73 	
4.20 	5.40 	
3.48 	5.81 	
3.66 	4.45 	
3.64 	5.45 	
4.24 	4.70 	
3.91 	5.59 	
3.39 	4.91 	
4.56 	4.51 	
3.61 	4.73 	
3.76 	4.72 	
4.43 	4.76 	
4.05 	4.88 	
3.35 	5.05 	
3.72 	3.98 	
3.98 	3.68 	
3.98 	4.24 	
3.20 	4.29 	
3.45 	5.63 	
3.42 	4.31 	
3.28 	4.87 	
3.42 	4.41 	
3.22 	4.62 	
2.91 	4.73 	
3.79 	4.42 	
3.23 	4.79 	
2.62 	5.38 	
3.61 	4.09 	
2.84 	4.33 	
3.39 	4.14 	
3.72 	4.47 	
3.17 	4.14 	
3.55 	4.45 	
3.38 	4.81 	
3.65 	3.91 	
3.86 	4.41 	
3.87 	4.59 	
3.15 	4.45 	
4.04 	4.84 	
3.70 	4.58 	
3.93 	4.50 	
3.36 	4.60 	
3.66 	5.57 	
3.32 	4.52 	
3.61 	5.53 	
4.09 	5.36 	
3.53 	4.82 	
3.85 	5.96 	
3.78 	5.00 	
3.21 	4.94 	
3.24 	4.47 	
3.46 	4.33 	
3.46 	4.49 	
3.52 	5.33 	
3.74 	4.66 	
3.79 	5.89 	
3.32 	5.70 	
2.93 	6.00 	
3.37 	5.96 	
3.80 	6.25 	
3.50 	5.38 	
3.92 	5.19 	
4.07 	5.83 	
3.80 	4.89 	
3.91 	5.58 	
3.73 	5.03 	
3.64 	4.10 	
4.20 	5.66 	
3.64 	5.23 	
4.11 	4.26 	
3.68 	4.48 	
2.93 	3.93 	
4.23 	4.27 	
3.44 	4.41 	
4.21 	4.27 	
4.37 	5.22 	
4.32 	4.52 	
4.13 	4.99 	
3.91 	4.57 	
4.07 	5.41 	
4.11 	4.85 	
3.77 	4.75 	
2.72 	4.53 	
2.77 	3.93 	
3.34 	4.04 	
2.94 	3.68 	
3.79 	4.05 	
3.57 	3.44 	
3.13 	3.71 	
3.20 	3.72 	
2.99 	4.62 	
3.39 	4.16 	
2.69 	4.91 	
3.36 	4.19 	
3.24 	4.67 	
3.62 	4.59 	
3.53 	4.57 	
3.60 	4.68 	
3.45 	4.88 	
3.82 	3.86 	
3.79 	4.70 	
4.23 	4.37 	
3.32 	3.95 	
3.20 	4.71 	
3.70 	4.09 	
3.08 	4.28 	
3.66 	4.40 	
3.89 	4.83 	
4.58 	4.89 	
4.51 	4.52 	
3.76 	5.07 	
3.17 	3.93 	
3.16 	5.11 	
3.87 	4.91 	
3.65 	3.68 	
3.71 	5.52 	
2.92 	5.00 	
3.72 	5.17 	
3.01 	4.16 	
4.18 	4.23 	
3.49 	4.39 	
4.23 	4.99 	
3.80 	4.62 	
3.54 	6.44 	
4.20 	6.95 	
4.59 	6.51 	
4.46 	6.30 	
4.55 	5.89 	
5.00 	6.55 	
4.83 	6.45 	
4.69 	6.34 	
4.22 	6.69 	
4.82 	5.63 	
4.16 	5.76 	
3.80 	5.40 	
4.16 	4.41 	
3.73 	4.94 	
4.66 	4.50 	
4.27 	5.42 	
3.94 	5.07 	
3.49 	5.47 	
4.45 	5.45 	
4.16 	5.46 	
4.35 	4.87 	
4.53 	5.77 	
3.72 	6.28 	
3.97 	4.90 	
3.29 	4.44 	
3.51 	5.39 	
4.99 	4.10 	
3.98 	4.98 	
3.84 	5.09 	
4.33 	5.55 	
3.97 	4.40 	
4.09 	5.87 	
4.18 	6.53 	
4.24 	5.27 	
4.16 	5.90 	
4.36 	5.92 	
4.32 	5.79 	
3.51 	5.50 	
3.62 	4.66 	
3.51 	5.37 	
3.96 	5.53 	
3.43 	5.16 	
3.40 	4.70 	
3.33 	4.34 	
3.64 	4.51 	
3.54 	4.58 	
3.53 	5.21 	
3.67 	5.44 	
3.97 	5.03 	
3.46 	5.54 	
3.50 	5.66 	
3.94 	4.68 	
4.32 	4.94 	
4.29 	4.56 	
4.26 	4.43 	
4.49 	5.05 	
4.37 	4.83 	
4.07 	4.51 	
4.03 	4.83 	
4.44 	5.58 	
3.81 	4.41 	
4.38 	3.79 	
4.37 	5.18 	
4.41 	5.60 	
4.71 	3.94 	
4.45 	3.37 	
4.51 	3.87 	
3.93 	4.86 	
4.29 	4.23 	
5.03 	4.72 	
5.13 	4.38 	
4.52 	5.24 	
3.67 	4.13 	
3.97 	4.73 	
4.35 	4.79 	
4.40 	4.32 	
3.93 	5.23 	
3.87 	4.47 	
4.67 	4.96 	
4.40 	3.80 	
4.95 	4.97 	
3.25 	4.89 	
2.71 	5.26 	
3.62 	5.17 	
4.07 	5.13 	
3.69 	5.09 	
5.13 	5.15 	
4.79 	5.62 	
5.21 	5.45 	
2.93 	6.00 	
3.88 	4.93 	
3.33 	5.33 	
2.70 	5.71 	
2.72 	5.03 	
3.15 	4.63 	
2.70 	5.15 	
2.52 	5.77 	
3.12 	5.20 	
3.17 	5.31 	
2.90 	5.76 	
3.52 	6.20 	
3.96 	5.41 	
4.15 	4.09 	
2.69 	5.25 	
3.38 	5.36 	
2.47 	5.97 	
3.06 	5.42 	
3.03 	5.72 	
3.54 	5.32 	
3.42 	5.03 	
3.09 	5.00 	
3.64 	5.78 	
3.86 	5.03 	
3.94 	5.49 	
4.22 	5.52 	
4.07 	5.37 	
3.35 	5.45 	
3.67 	4.70 	
3.41 	5.63 	
3.90 	5.29 	
3.47 	5.34 	
3.52 	5.16 	
3.28 	6.04 	
3.65 	5.36 	
2.88 	4.42 	
3.21 	4.96 	
2.92 	5.42 	
2.63 	4.70 	
2.52 	5.19 	
3.41 	5.49 	
3.36 	4.99 	
3.44 	4.13 	
4.14 	4.96 	
3.50 	5.74 	
3.79 	5.73 	
3.94 	4.37 	
3.40 	5.50 	
3.97 	6.10 	
3.52 	5.49 	
2.91 	5.66 	
3.04 	5.28 	
3.90 	5.14 	
3.53 	4.65 	
3.64 	4.38 	
3.10 	4.69 	
3.88 	4.14 	
3.08 	5.24 	
3.76 	4.81 	
3.64 	4.88 	
3.94 	4.99 	
3.82 	4.87 	
3.59 	4.84 	
4.09 	4.24 	
3.98 	4.46 	
4.08 	5.05 	
3.63 	5.71 	
3.72 	6.22 	
3.96 	6.03 	
3.91 	5.69 	
2.48 	5.20 	
3.13 	4.32 	
3.30 	4.59 	
4.14 	6.18 	
3.94 	5.04 	
3.19 	5.00 	
2.94 	5.18 	
3.25 	5.77 	
3.18 	5.06 	
3.57 	5.66 	
3.85 	5.88 	
4.17 	5.17 	
5.10 	6.51 	
4.10 	6.53 	
3.78 	6.72 	
2.79 	5.98 	
3.00 	6.27 	
3.02 	6.32 	
3.32 	4.76 	
3.40 	4.31 	
3.62 	4.02 	
4.13 	4.16 	
3.99 	5.02 	
3.69 	4.90 	
3.16 	4.52 	
3.79 	4.79 	
2.83 	5.29 	
3.39 	4.37 	
3.77 	5.88 	
3.14 	6.20 	
3.49 	5.64 	
3.22 	5.59 	
3.15 	5.58 	
3.62 	5.80 	
3.64 	5.40 	
3.43 	6.19 	
3.38 	5.71 	
3.53 	5.15 	
3.16 	5.10 	
3.44 	4.77 	
3.86 	5.50 	
3.52 	5.58 	
3.38 	4.99 	
3.38 	4.81 	
3.15 	4.82 	
3.45 	4.56 	
3.18 	3.96 	
3.37 	4.38 	
3.47 	5.27 	
3.50 	4.81 	
3.52 	4.87 	
3.26 	4.36 	
3.04 	5.51 	
3.21 	5.60 	
2.81 	5.22 	
3.16 	5.09 	
2.58 	5.36 	
3.10 	4.88 	
2.98 	4.54 	
2.39 	4.37 	
2.68 	3.66 	
2.77 	3.64 	
2.80 	4.60 	
2.40 	4.05 	
2.44 	4.94 	
2.39 	4.40 	
1.82 	4.68 	
2.82 	4.26 	
2.76 	4.82 	
2.74 	4.13 	
3.47 	4.12 	
3.24 	4.44 	
3.23 	4.53 	
2.29 	4.88 	
3.17 	4.23 	
2.61 	4.29 	
3.03 	4.32 	
3.31 	4.37 	
3.17 	4.85 	
3.19 	4.98 	
3.63 	4.50 	
2.88 	4.62 	
2.46 	3.93 	
2.71 	4.35 	
2.84 	4.24 	
2.90 	4.18 	
3.21 	4.05 	
3.88 	4.06 	
3.36 	4.21 	
3.63 	4.42 	
2.60 	4.54 	
2.61 	4.34 	
2.74 	4.06 	
2.22 	4.09 	
2.68 	4.52 	
3.14 	3.89 	
2.71 	4.63 	
2.46 	4.35 	
2.74 	4.01 	
2.77 	4.51 	
2.67 	4.47 	
2.80 	4.16 	
2.55 	4.42 	
2.62 	4.54 	
2.14 	4.88 	
3.17 	4.77 	
2.94 	4.47 	
2.17 	5.14 	
3.04 	4.17 	
1.63 	5.18 	
2.43 	4.68 	
2.59 	4.53 	
2.61 	4.02 	
2.99 	4.82 	
3.07 	5.16 	
3.45 	4.38 	
3.16 	3.80 	
3.50 	4.70 	
2.92 	5.71 	
3.89 	4.87 	
3.44 	5.26 	
2.86 	5.34 	
2.04 	4.82 	
2.49 	4.34 	
2.62 	5.45 	
3.09 	5.02 	
2.83 	5.19 	
2.50 	4.55 	
3.20 	5.37 	
3.33 	4.04 	
2.79 	5.13 	
2.88 	4.62 	
3.16 	5.09 	
2.52 	5.34 	
2.67 	4.41 	
2.89 	4.97 	
2.67 	5.25 	
2.41 	4.99 	
3.32 	5.31 	
3.03 	4.52 	
3.07 	5.77 	
2.88 	5.23 	
2.95 	5.27 	
2.93 	5.00 	
2.94 	4.92 	
2.69 	4.63 	
3.44 	5.48 	
3.83 	5.27 	
2.97 	5.94 	
3.17 	5.57 	
3.36 	5.58 	
3.61 	5.11 	
2.96 	4.03 	
3.64 	5.62 	
3.53 	6.19 	
3.68 	5.40 	
3.94 	5.88 	
3.73 	5.53 	
3.31 	4.39 	
2.61 	5.17 	
3.17 	5.01 	
3.13 	5.08 	
3.21 	4.37 	
3.28 	5.20 	
2.76 	5.57 	
3.89 	5.61 	
3.77 	4.99 	
3.99 	4.80 	
3.59 	5.11 	
3.72 	5.64 	
3.55 	5.14 	
4.11 	5.41 	
3.86 	5.12 	
4.26 	4.25 	
3.53 	4.47 	
3.06 	4.84 	
3.14 	4.47 	
2.31 	4.35 	
2.35 	4.47 	
2.85 	4.74 	
3.43 	4.88 	
3.02 	4.50 	
3.48 	5.04 	
3.23 	4.47 	
3.11 	4.48 	
2.81 	4.68 	
2.34 	4.67 	
2.46 	4.70 	
3.94 	5.22 	
2.68 	5.00 	
2.76 	4.63 	
3.43 	5.47 	
3.37 	4.02 	
3.02 	5.37 	
3.28 	4.34 	
3.86 	4.66 	
3.50 	4.80 	
3.41 	4.99 	
2.96 	4.90 	
3.14 	4.41 	
3.46 	4.27 	
3.41 	3.88 	
3.74 	4.20 	
3.04 	4.12 	
3.35 	4.30 	
3.16 	3.86 	
3.08 	3.63 	
3.21 	4.13 	
3.51 	5.37 	
3.51 	4.69 	
3.23 	4.63 	
3.87 	5.00 	
3.61 	3.67 	
3.55 	4.00 	
3.69 	3.50 	
4.28 	4.06 	
3.17 	3.94 	
3.88 	4.32 	
4.47 	4.21 	
4.06 	3.56 	
2.76 	4.17 	
2.74 	3.96 	
2.59 	4.80 	
2.65 	4.56 	
2.73 	4.56 	
2.86 	4.49 	
2.86 	4.22 	
2.92 	4.68 	
3.37 	4.19 	
3.41 	4.46 	
3.09 	4.08 	
2.36 	3.80 	
3.44 	4.32 	
2.80 	4.66 	
3.24 	4.46 	
3.69 	4.26 	
3.52 	4.39 	
3.74 	4.50 	
3.55 	4.38 	
3.14 	3.89 	
2.59 	4.47 	
2.85 	4.83 	
2.08 	4.29 	
3.26 	4.15 	
3.68 	3.84 	
3.30 	4.08 	
3.92 	4.46 	
3.54 	4.50 	
3.43 	4.35 	
3.30 	4.23 	
3.76 	4.56 	
3.31 	4.25 	
3.64 	4.22 	
3.32 	3.70 	
3.23 	4.26 	
3.91 	4.85 	
4.32 	4.63 	
3.91 	4.44 	
4.21 	4.86 	
3.00 	5.14 	
3.73 	4.76 	
3.80 	4.56 	
4.15 	4.33 	
3.09 	4.80 	
4.21 	4.52 	
4.40 	4.36 	
4.05 	4.60 	
4.58 	4.14 	
4.50 	3.70 	
4.35 	4.21 	
4.17 	5.10 	
4.07 	4.15 	
3.64 	4.02 	
3.43 	3.53 	
3.57 	4.58 	
3.27 	4.04 	
3.32 	4.53 	
3.21 	4.61 	
3.21 	5.23 	
2.98 	4.23 	
2.89 	5.01 	
3.72 	4.96 	
3.48 	5.46 	
3.14 	4.97 	
3.28 	5.02 	
3.29 	5.39 	
3.47 	5.06 	
3.45 	5.67 	
2.86 	5.17 	
3.00 	4.58 	
2.71 	4.82 	
2.96 	4.76 	
3.32 	4.59 	
2.95 	6.38 	
3.34 	5.56 	
3.57 	4.13 	
3.27 	4.92 	
3.58 	4.47 	
2.65 	4.31 	
3.08 	5.37 	
3.14 	5.12 	
3.21 	5.62 	
3.12 	5.35 	
3.55 	5.08 	
3.64 	3.92 	
3.53 	4.91 	
3.01 	5.12 	
4.02 	4.27 	
3.53 	5.18 	
3.22 	5.50 	
3.42 	4.88 	
3.85 	5.34 	
4.27 	5.26 	
3.58 	5.05 	
4.30 	5.16 	
4.16 	5.16 	
3.48 	3.96 	
3.94 	3.17 	
3.91 	4.05 	
3.12 	4.67 	
3.76 	4.71 	
2.98 	5.59 	
3.16 	4.40 	
3.47 	5.66 	
3.23 	5.16 	
3.18 	5.16 	
3.23 	5.87 	
3.33 	5.38 	
2.47 	4.47 	
3.70 	4.90 	
3.04 	4.27 	
2.71 	4.87 	
3.48 	4.58 	
3.92 	5.57 	
4.34 	5.34 	
4.67 	4.27 	
3.94 	4.53 	
3.78 	4.80 	
4.05 	5.16 	
3.97 	5.51 	
4.34 	5.89 	
4.34 	5.36 	
3.97 	5.72 	
5.06 	5.05 	
4.20 	3.69 	
4.08 	3.65 	
4.17 	4.04 	
3.91 	5.47 	
4.29 	3.97 	
4.12 	3.93 	
4.19 	5.40 	
3.93 	5.55 	
2.95 	4.75 	
3.80 	5.81 	
3.90 	4.83 	
2.84 	5.67 	
4.05 	4.62 	
3.89 	4.64 	
4.05 	4.61 	
3.87 	4.41 	
4.04 	5.53 	
3.95 	5.17 	
3.90 	5.38 	
4.07 	5.19 	
4.35 	4.86 	
3.85 	5.76 	
3.65 	5.55 	
3.78 	6.24 	
3.91 	5.54 	
4.07 	5.94 	
3.36 	6.26 	
3.53 	5.02 	
3.18 	5.24 	
3.41 	5.27 	
3.72 	4.63 	
3.40 	5.66 	
3.55 	5.85 	
4.56 	6.19 	
4.11 	5.03 	
3.67 	4.63 	
3.31 	5.80 	
3.86 	5.14 	
3.68 	4.47 	
4.13 	5.02 	
3.39 	5.62 	
3.89 	5.65 	
3.89 	4.74 	
4.47 	4.91 	
4.39 	5.20 	
4.21 	4.97 	
4.02 	5.34 	
4.28 	4.81 	
4.13 	5.29 	
4.12 	5.42 	
4.54 	4.46 	
4.08 	4.26 	
3.96 	4.41 	
3.68 	4.52 	
3.85 	4.85 	
4.24 	4.23 	
4.05 	4.35 	
4.51 	4.37 	
4.33 	4.30 	
3.86 	4.07 	
4.02 	4.63 	
4.19 	4.56 	
3.98 	3.92 	
4.61 	4.40 	
4.24 	4.98 	
3.19 	4.52 	
4.35 	4.85 	
4.58 	4.49 	
4.27 	4.51 	
4.16 	4.38 	
4.10 	5.10 	
3.74 	4.14 	
4.18 	4.90 	
4.74 	4.95 	
4.60 	5.48 	
3.78 	4.92 	
3.57 	4.21 	
3.80 	4.21 	
3.90 	4.16 	
4.01 	4.63 	
3.82 	4.99 	
3.97 	5.16 	
3.78 	5.06 	
3.59 	4.75 	
4.18 	5.30 	
4.15 	4.77 	
3.96 	4.75 	
4.15 	5.09 	
3.90 	4.70 	
4.26 	4.58 	
4.54 	4.59 	
4.58 	4.68 	
4.37 	4.46 	
4.54 	4.03 	
3.96 	5.41 	
4.32 	5.18 	
3.48 	5.07 	
3.78 	4.69 	
4.03 	5.17 	
3.62 	5.42 	
3.75 	5.84 	
3.80 	4.76 	
4.10 	4.78 	
3.98 	5.25 	
3.78 	4.86 	
3.65 	4.23 	
3.66 	4.85 	
3.67 	5.50 	
4.25 	4.42 	
3.68 	4.39 	
3.97 	4.83 	
4.10 	4.87 	
4.26 	4.34 	
3.43 	4.38 	
4.11 	4.83 	
3.97 	4.79 	
3.48 	4.46 	
4.27 	5.15 	
4.11 	4.89 	
4.36 	4.70 	
4.44 	5.05 	
4.64 	5.06 	
4.85 	4.40 	
4.58 	4.23 	
4.26 	4.26 	
3.88 	4.56 	
3.96 	5.06 	
2.98 	4.68 	
3.05 	4.38 	
3.48 	4.43 	
3.20 	4.82 	
3.85 	4.50 	
3.70 	5.34 	
4.47 	5.07 	
3.56 	5.18 	
4.34 	4.01 	
3.27 	4.54 	
3.49 	4.66 	
3.46 	3.88 	
2.97 	4.16 	
4.15 	4.60 	
3.36 	5.03 	
3.04 	5.29 	
3.31 	5.06 	
3.04 	4.30 	
2.97 	4.36 	
3.10 	4.95 	
4.18 	4.44 	
3.63 	4.65 	
2.83 	4.64 	
3.64 	4.47 	
3.14 	4.92 	
3.57 	4.92 	
4.20 	4.57 	
3.48 	4.70 	
4.15 	4.21 	
3.95 	5.20 	
3.52 	5.45 	
3.70 	5.34 	
3.42 	4.66 	
3.56 	5.16 	
3.47 	5.01 	
3.24 	5.06 	
3.55 	4.88 	
3.41 	4.75 	
3.86 	4.70 	
3.74 	5.19 	
3.73 	4.73 	
3.60 	4.63 	
3.44 	4.94 	
2.98 	4.70 	
3.45 	4.86 	
3.38 	4.53 	
3.80 	5.15 	
3.84 	4.94 	
2.97 	5.14 	
3.86 	4.97 	
3.97 	4.56 	
3.44 	5.28 	
4.25 	5.21 	
4.12 	5.05 	
3.88 	4.66 	
4.34 	4.67 	
3.38 	4.52 	
3.81 	4.73 	
4.07 	4.63 	
3.56 	4.96 	
3.48 	4.70 	
3.87 	5.11 	
3.62 	5.25 	
3.55 	4.83 	
3.57 	5.11 	
3.44 	5.08 	
3.66 	4.53 	
3.70 	5.03 	
3.59 	4.56 	
3.60 	4.51 	
3.75 	4.27 	
3.46 	4.24 	
3.78 	5.42 	
4.03 	4.77 	
4.33 	5.43 	
3.92 	5.20 	
3.84 	4.73 	
3.82 	4.90 	
3.99 	4.94 	
3.58 	4.47 	
3.95 	4.36 	
3.61 	4.35 	
3.41 	4.85 	
2.53 	4.70 	
3.09 	5.21 	
3.92 	4.62 	
3.54 	4.69 	
4.12 	4.64 	
4.29 	4.77 	
3.53 	4.66 	
3.85 	5.52 	
3.83 	4.88 	
3.18 	4.63 	
3.52 	4.94 	
3.41 	4.99 	
3.73 	4.91 	
4.25 	5.24 	
3.75 	4.98 	
4.72 	5.12 	
4.21 	4.75 	
4.58 	4.81 	
4.16 	4.87 	
4.01 	5.27 	
4.33 	4.47 	
5.03 	4.88 	
4.46 	4.71 	
4.76 	4.56 	
4.35 	4.85 	
4.55 	4.85 	
4.03 	4.52 	
4.03 	4.24 	
4.32 	4.50 	
4.31 	4.62 	
4.66 	5.21 	
4.31 	4.11 	
5.05 	4.29 	
3.97 	4.65 	
4.82 	4.97 	
4.91 	4.38 	
4.73 	5.45 	
4.35 	4.88 	
4.13 	4.39 	
4.30 	4.74 	
3.53 	4.39 	
3.88 	4.37 	
4.55 	4.38 	
4.27 	4.09 	
3.97 	3.69 	
4.44 	4.16 	
4.24 	4.83 	
4.82 	4.03 	
3.77 	4.78 	
4.36 	4.90 	
4.57 	5.19 	
3.95 	5.38 	
4.08 	5.21 	
4.43 	5.46 	
4.80 	5.49 	
4.74 	4.78 	
5.27 	4.79 	
4.96 	4.68 	
5.81 	5.21 	
6.60 	4.91 	
5.31 	5.15 	
5.89 	5.22 	
5.65 	5.20 	
6.11 	5.10 	
6.21 	5.13 	
6.57 	5.12 	
6.18 	5.24 	
6.56 	5.72 	
5.85 	6.37 	
4.83 	5.52 	
4.57 	4.54 	
4.36 	4.69 	
4.74 	5.22 	
4.73 	4.45 	
5.38 	4.26 	
4.95 	4.14 	
5.36 	4.40 	
4.61 	5.21 	
5.56 	5.85 	
4.84 	5.12 	
5.03 	6.40 	
5.18 	5.90 	
4.49 	5.42 	
4.44 	5.73 	
5.25 	6.00 	
4.64 	5.97 	
4.97 	5.87 	
5.11 	6.16 	
5.06 	6.14 	
4.55 	5.99 	
5.13 	5.98 	
6.14 	5.95 	
6.24 	5.17 	
5.65 	4.93 	
4.86 	5.15 	
4.50 	6.09 	
3.80 	4.99 	
5.43 	5.37 	
4.28 	5.23 	
4.56 	5.58 	
5.53 	5.66 	
6.07 	5.65 	
4.52 	6.64 	
4.78 	5.84 	
3.47 	6.50 	
4.05 	6.70 	
3.59 	6.21 	
3.90 	6.66 	
4.08 	5.55 	
4.11 	5.36 	
4.45 	5.26 	
4.29 	5.77 	
4.24 	5.75 	
3.48 	5.53 	
3.59 	5.25 	
5.26 	5.83 	
5.20 	4.64 	
5.29 	5.06 	
6.05 	5.78 	
5.18 	6.16 	
4.96 	6.48 	
5.38 	4.61 	
4.70 	4.98 	
4.26 	5.47 	
5.24 	4.28 	
5.72 	4.44 	
6.14 	4.36 	
4.74 	4.03 	
4.45 	4.57 	
4.91 	4.70 	
5.19 	4.84 	
5.13 	4.52 	
5.31 	4.35 	
4.24 	5.03 	
5.23 	4.92 	
4.61 	4.52 	
4.66 	4.56 	
4.87 	4.49 	
4.47 	4.45 	
5.23 	4.85 	
5.26 	4.47 	
5.12 	4.29 	
5.74 	4.61 	
4.39 	5.09 	
5.55 	5.00 	
5.11 	5.42 	
3.48 	5.14 	
4.15 	5.07 	
4.80 	5.37 	
5.20 	4.57 	
5.34 	5.15 	
3.95 	4.74 	
5.04 	4.58 	
5.19 	4.85 	
6.25 	4.82 	
5.28 	4.43 	
5.90 	4.53 	
5.63 	4.30 	
5.56 	4.61 	
5.49 	4.51 	
5.91 	4.11 	
4.83 	4.31 	
5.35 	4.67 	
6.38 	5.21 	
5.53 	4.59 	
5.52 	4.54 	
4.42 	4.86 	
4.12 	4.60 	
6.23 	4.67 	
5.08 	4.83 	
4.31 	4.79 	
5.21 	5.53 	
5.60 	5.08 	
4.03 	5.63 	
5.89 	4.97 	
5.53 	3.91 	
5.19 	4.66 	
5.24 	4.63 	
5.18 	4.45 	
5.53 	4.60 	
4.95 	4.65 	
4.86 	4.23 	
5.01 	4.51 	
5.40 	4.82 	
5.22 	4.75 	
5.61 	4.79 	
5.20 	4.82 	
4.78 	4.82 	
4.92 	4.80 	
4.81 	5.20 	
5.93 	4.99 	
6.01 	4.55 	
6.53 	5.09 	
5.97 	4.51 	
5.78 	5.16 	
6.02 	4.76 	
6.17 	4.68 	
6.21 	4.91 	
6.52 	4.21 	
6.49 	4.45 	
6.03 	4.75 	
6.45 	4.49 	
5.85 	4.76 	
5.64 	4.23 	
5.90 	4.40 	
6.06 	4.25 	
6.18 	4.23 	
5.14 	4.82 	
6.02 	4.37 	
5.37 	5.05 	
6.37 	4.61 	
6.18 	4.85 	
5.27 	4.72 	
5.57 	4.20 	
5.34 	4.93 	
6.28 	4.81 	
5.39 	4.26 	
6.07 	4.90 	
5.53 	4.42 	
5.99 	4.93 	
4.41 	4.20 	
4.88 	4.69 	
5.02 	4.50 	
4.72 	4.57 	
5.00 	4.37 	
4.97 	4.23 	
5.11 	4.47 	
5.81 	4.76 	
4.91 	4.45 	
5.43 	4.55 	
5.16 	4.81 	
5.21 	5.26 	
4.05 	5.12 	
4.91 	5.23 	
4.73 	5.46 	
4.63 	4.65 	
5.24 	4.91 	
5.30 	4.75 	
5.17 	5.90 	
5.77 	5.72 	
5.33 	5.32 	
5.67 	5.81 	
5.96 	5.61 	
6.23 	5.04 	
5.15 	5.46 	
6.02 	5.35 	
5.39 	5.11 	
4.74 	4.73 	
5.42 	5.26 	
4.86 	5.18 	
5.05 	5.18 	
5.83 	4.94 	
5.52 	4.65 	
5.06 	4.69 	
4.58 	4.84 	
5.41 	4.64 	
6.09 	4.74 	
4.93 	4.98 	
4.90 	4.65 	
6.06 	4.74 	
5.20 	4.83 	
5.61 	5.22 	
4.39 	4.83 	
4.70 	4.61 	
5.75 	4.92 	
4.40 	5.05 	
4.08 	5.04 	
4.46 	4.42 	
4.29 	4.59 	
5.86 	5.02 	
6.10 	5.03 	
5.43 	5.20 	
5.09 	5.02 	
4.56 	4.83 	
5.83 	5.40 	
5.56 	5.17 	
6.15 	5.04 	
5.91 	4.76 	
6.76 	4.41 	
6.39 	4.75 	
6.09 	4.32 	
6.07 	4.37 	
6.27 	4.71 	
6.29 	5.33 	
6.07 	4.86 	
5.75 	4.51 	
5.93 	4.13 	
6.19 	4.11 	
5.77 	4.36 	
6.00 	4.51 	
5.91 	5.91 	
6.75 	4.32 	
5.88 	4.52 	
6.16 	4.95 	
5.92 	4.31 	
6.54 	4.69 	
5.79 	4.64 	
5.97 	5.09 	
5.90 	5.16 	
5.92 	4.62 	
5.73 	4.80 	
6.14 	4.75 	
5.21 	5.19 	
5.67 	4.18 	
5.59 	4.40 	
5.45 	4.32 	
6.10 	4.59 	
6.01 	3.77 	
6.11 	4.23 	
5.54 	4.12 	
6.57 	4.81 	
6.26 	4.12 	
5.19 	4.46 	
5.52 	4.09 	
5.99 	4.70 	
5.93 	4.64 	
5.66 	4.54 	
5.82 	3.91 	
5.52 	4.22 	
5.45 	4.26 	
5.29 	4.86 	
5.38 	4.44 	
5.67 	5.10 	
5.75 	4.52 	
5.61 	4.94 	
5.63 	4.94 	
5.84 	4.58 	
5.81 	5.20 	
4.55 	4.52 	
3.95 	5.19 	
5.28 	4.82 	
5.02 	4.75 	
4.32 	4.23 	
4.77 	5.15 	
4.40 	5.05 	
5.03 	5.09 	
4.46 	4.22 	
3.89 	4.47 	
3.57 	4.16 	
4.20 	4.62 	
4.73 	4.62 	
4.83 	4.90 	
5.34 	4.05 	
5.64 	4.52 	
4.20 	4.53 	
5.96 	4.27 	
5.12 	3.91 	
5.18 	4.73 	
5.18 	4.51 	
4.01 	4.97 	
4.12 	4.28 	
4.42 	4.36 	
4.05 	4.73 	
4.81 	4.94 	
4.97 	4.68 	
4.95 	4.49 	
4.87 	4.60 	
4.76 	4.77 	
5.29 	5.01 	
4.23 	4.82 	
4.57 	4.28 	
4.54 	5.02 	
5.13 	4.77 	
4.28 	4.59 	
4.29 	3.90 	
4.98 	4.52 	
4.25 	4.03 	
3.99 	4.95 	
4.20 	4.42 	
4.25 	4.92 	
4.29 	4.21 	
4.34 	4.05 	
4.47 	4.47 	
4.85 	4.32 	
5.04 	5.05 	
4.77 	4.61 	
4.03 	4.26 	
4.60 	4.99 	
5.26 	4.15 	
4.93 	4.51 	
4.84 	5.21 	
4.65 	4.65 	
4.60 	4.31 	
4.98 	4.65 	
4.92 	4.25 	
4.79 	4.61 	
4.35 	4.57 	
4.95 	4.50 	
4.56 	4.07 	
4.30 	4.22 	
4.00 	3.67 	
3.92 	4.14 	
3.74 	4.32 	
2.92 	4.39 	
4.02 	4.55 	
3.65 	4.81 	
3.12 	4.50 	
3.87 	4.51 	
4.02 	4.48 	
4.32 	5.02 	
3.86 	4.71 	
4.35 	4.14 	
4.28 	4.05 	
4.41 	3.61 	
3.71 	3.73 	
4.03 	4.71 	
4.41 	4.37 	
3.82 	4.75 	
4.50 	4.69 	
4.57 	4.17 	
4.61 	4.22 	
4.96 	4.18 	
4.75 	4.76 	
4.52 	4.20 	
4.15 	4.72 	
5.00 	5.00 	
4.37 	5.28 	
4.38 	4.79 	
4.23 	5.31 	
4.91 	4.75 	
4.46 	4.92 	
4.25 	4.95 	
4.43 	4.46 	
4.17 	4.43 	
4.57 	4.51 	
4.23 	4.64 	
3.85 	4.66 	
4.00 	4.74 	
4.91 	4.64 	
5.25 	4.36 	
4.60 	5.09 	
4.78 	4.36 	
4.78 	4.28 	
4.69 	4.71 	
4.62 	4.51 	
4.80 	4.27 	
4.96 	4.28 	
4.64 	4.57 	
4.70 	4.40 	
4.96 	4.25 	
4.05 	4.11 	
4.20 	3.90 	
4.39 	3.89 	
3.45 	4.16 	
4.34 	3.97 	
4.46 	4.74 	
4.19 	4.19 	
4.70 	4.95 	
4.40 	5.15 	
4.74 	4.50 	
4.41 	5.09 	
4.71 	4.33 	
3.93 	4.49 	
4.16 	4.66 	
4.54 	4.48 	
3.92 	4.84 	
4.47 	4.65 	
3.95 	4.69 	
3.96 	4.57 	
3.96 	4.74 	
3.97 	4.39 	
4.09 	3.82 	
3.70 	5.15 	
4.19 	4.20 	
3.81 	4.77 	
3.41 	4.31 	
4.22 	5.09 	
4.44 	4.72 	
4.59 	4.45 	
4.18 	4.74 	
4.03 	4.68 	
4.21 	4.83 	
3.97 	5.12 	
4.19 	4.83 	
3.94 	4.91 	
4.12 	4.66 	
3.58 	4.58 	
4.24 	4.33 	
4.08 	4.54 	
3.81 	4.73 	
3.77 	4.27 	
4.58 	4.44 	
3.89 	5.17 	
4.06 	4.31 	
3.29 	4.42 	
3.81 	4.42 	
4.54 	4.57 	
3.83 	4.16 	
3.30 	4.51 	
3.15 	4.97 	
3.52 	4.64 	
4.33 	4.61 	
3.46 	4.17 	
3.18 	4.10 	
3.84 	4.77 	
3.84 	3.84 	
3.55 	5.69 	
3.07 	4.03 	
3.56 	5.13 	
3.51 	5.40 	
3.13 	5.39 	
3.54 	5.27 	
3.62 	4.95 	
3.53 	5.15 	
4.30 	4.86 	
3.85 	5.22 	
4.66 	4.81 	
3.96 	4.41 	
3.99 	5.76 	
4.45 	4.95 	
3.51 	4.46 	
3.65 	4.95 	
3.59 	4.12 	
3.72 	4.57 	
3.76 	4.19 	
4.20 	4.55 	
4.07 	5.14 	
3.74 	5.29 	
4.40 	5.19 	
3.78 	5.79 	
5.44 	5.39 	
4.84 	4.85 	
4.09 	4.97 	
4.47 	4.82 	
4.90 	4.63 	
5.41 	5.84 	
4.47 	5.20 	
4.66 	5.27 	
4.00 	5.92 	
4.59 	4.67 	
3.67 	4.66 	
3.91 	4.73 	
3.80 	5.12 	
4.93 	5.29 	
3.66 	5.11 	
4.15 	4.74 	
4.85 	4.46 	
4.00 	4.56 	
3.35 	4.75 	
4.10 	4.06 	
4.06 	4.52 	
4.22 	4.63 	
4.86 	4.33 	
4.65 	5.43 	
4.12 	4.95 	
4.17 	4.53 	
3.97 	4.89 	
4.16 	5.53 	
4.55 	5.77 	
3.98 	5.09 	
4.65 	5.71 	
4.12 	5.50 	
4.28 	5.58 	
4.04 	4.47 	
3.91 	4.67 	
2.98 	4.37 	
3.40 	4.54 	
3.63 	4.73 	
3.99 	4.55 	
4.07 	4.90 	
3.90 	4.01 	
3.94 	4.22 	
3.50 	4.69 	
4.08 	5.09 	
4.39 	4.19 	
3.87 	4.73 	
4.04 	4.83 	
3.88 	4.48 	
3.72 	4.60 	
3.70 	4.85 	
4.72 	4.99 	
3.88 	5.04 	
3.25 	4.90 	
4.06 	5.40 	
3.44 	4.91 	
3.33 	5.14 	
3.58 	4.66 	
3.09 	5.01 	
3.36 	4.82 	
3.94 	5.19 	
3.73 	5.31 	
3.48 	4.42 	
3.57 	4.94 	
3.74 	4.46 	
3.49 	4.29 	
4.03 	3.84 	
3.99 	4.97 	
3.86 	4.88 	
4.79 	4.58 	
4.25 	4.28 	
3.44 	5.09 	
3.48 	5.84 	
3.85 	4.92 	
3.79 	4.52 	
3.31 	4.84 	
4.58 	4.76 	
4.07 	4.60 	
3.89 	4.61 	
3.80 	4.79 	
4.70 	5.31 	
4.02 	4.89 	
4.11 	4.96 	
5.18 	5.12 	
4.06 	4.59 	
4.14 	4.85 	
3.28 	5.07 	
3.58 	5.06 	
3.43 	4.37 	
4.21 	5.05 	
3.89 	4.00 	
3.73 	4.87 	
4.07 	4.55 	
3.82 	4.43 	
4.22 	4.40 	
4.05 	4.24 	
4.13 	4.31 	
3.77 	4.17 	
4.36 	4.07 	
4.60 	4.70 	
3.61 	4.82 	
4.08 	5.58 	
3.84 	4.96 	
4.38 	4.72 	
3.63 	5.52 	
4.43 	4.19 	
3.57 	4.55 	
3.98 	5.00 	
3.60 	4.36 	
4.48 	5.32 	
3.47 	4.78 	
3.75 	3.78 	
3.10 	4.94 	
3.35 	5.41 	
3.84 	5.08 	
3.50 	5.18 	
3.33 	4.77 	
3.49 	4.26 	
3.55 	4.90 	
3.39 	5.52 	
3.93 	5.16 	
3.87 	4.89 	
3.76 	4.89 	
4.08 	5.25 	
3.90 	4.78 	
4.02 	5.02 	
4.26 	5.08 	
4.32 	5.05 	
5.06 	4.57 	
4.52 	4.35 	
4.80 	5.31 	
4.12 	4.32 	
3.63 	5.83 	
3.04 	5.08 	
3.58 	4.91 	
3.66 	4.14 	
4.14 	4.21 	
4.11 	4.16 	
4.31 	4.23 	
4.12 	4.92 	
4.52 	4.66 	
3.97 	4.53 	
3.97 	4.95 	
4.21 	4.71 	
4.27 	4.45 	
4.50 	4.71 	
3.56 	5.46 	
3.38 	4.19 	
4.03 	4.57 	
4.01 	4.31 	
3.72 	4.51 	
4.09 	5.28 	
3.22 	4.19 	
3.68 	5.47 	
4.27 	5.00 	
3.99 	5.02 	
3.37 	4.71 	
3.97 	4.99 	
4.13 	4.62 	
3.31 	4.59 	
2.99 	4.62 	
3.09 	4.75 	
3.18 	4.53 	
3.22 	4.92 	
4.38 	4.68 	
3.91 	4.65 	
3.39 	4.46 	
3.64 	4.70 	
3.59 	4.99 	
2.95 	4.95 	
2.54 	5.06 	
3.07 	4.57 	
3.07 	4.53 	
3.38 	5.05 	
3.17 	4.95 	
3.40 	5.28 	
4.19 	5.20 	
3.91 	5.23 	
4.83 	4.75 	
3.51 	4.97 	
4.11 	4.93 	
3.67 	4.92 	
2.66 	4.38 	
2.43 	4.58 	
3.66 	4.34 	
3.43 	4.02 	
3.65 	4.46 	
2.72 	4.33 	
4.12 	4.60 	
4.13 	4.41 	
3.86 	4.25 	
3.60 	4.84 	
3.90 	5.27 	
3.15 	4.57 	
3.74 	4.70 	
3.95 	4.98 	
3.88 	4.33 	
4.18 	4.60 	
3.92 	4.32 	
3.15 	4.32 	
3.49 	4.34 	
3.79 	4.44 	
3.40 	3.99 	
3.74 	4.64 	
4.17 	4.68 	
4.34 	4.68 	
3.65 	4.54 	
4.23 	4.08 	
4.62 	4.68 	
4.26 	4.50 	
4.49 	5.15 	
3.93 	5.10 	
4.66 	5.06 	
3.68 	4.80 	
3.89 	4.78 	
4.24 	4.71 	
4.91 	4.31 	
3.86 	4.52 	
4.26 	4.68 	
3.52 	4.45 	
3.77 	4.08 	
3.86 	4.57 	
3.72 	4.76 	
3.84 	4.64 	
4.09 	4.37 	
3.51 	4.34 	
3.60 	4.81 	
3.86 	5.05 	
3.22 	5.05 	
3.71 	4.81 	
3.78 	4.69 	
4.04 	4.24 	
3.32 	4.74 	
4.18 	4.44 	
4.43 	4.76 	
4.47 	4.94 	
4.38 	4.42 	
3.71 	4.03 	
4.35 	4.51 	
3.24 	4.56 	
3.81 	4.49 	
3.82 	4.30 	
3.89 	4.49 	
4.16 	4.51 	
3.91 	4.59 	
3.65 	4.22 	
3.22 	5.81 	
3.72 	4.43 	
3.83 	4.53 	
3.05 	4.59 	
3.52 	4.46 	
4.41 	4.47 	
3.81 	4.36 	
3.88 	4.33 	
3.78 	4.08 	
3.66 	4.73 	
4.19 	4.29 	
4.06 	4.50 	
4.21 	4.53 	
4.10 	4.59 	
3.98 	4.76 	
3.28 	5.03 	
3.47 	4.89 	
3.73 	4.62 	
4.38 	4.08 	
3.80 	4.55 	
3.90 	4.27 	
3.56 	4.53 	
4.54 	4.66 	
4.06 	4.18 	
3.71 	4.87 	
3.19 	3.95 	
3.93 	3.91 	
3.45 	3.66 	
3.80 	4.48 	
3.84 	3.48 	
3.76 	3.55 	
3.67 	3.35 	
3.68 	4.43 	
4.04 	4.47 	
4.24 	3.66 	
3.91 	4.24 	
3.27 	4.00 	
3.80 	4.00 	
3.80 	4.24 	
3.78 	4.54 	
3.60 	3.57 	
4.47 	4.52 	
3.78 	4.28 	
4.08 	4.30 	
4.12 	4.35 	
3.41 	4.69 	
3.53 	4.75 	
2.94 	4.89 	
3.53 	4.71 	
3.81 	4.11 	
3.33 	4.26 	
3.34 	3.86 	
3.19 	4.35 	
3.40 	4.16 	
3.68 	4.66 	
3.34 	4.27 	
3.00 	4.19 	
3.13 	3.98 	
3.10 	4.43 	
3.05 	3.79 	
3.28 	4.21 	
3.46 	3.59 	
3.34 	3.40 	
3.24 	3.75 	
3.59 	3.93 	
3.35 	3.68 	
4.24 	3.46 	
2.97 	3.70 	
3.31 	4.09 	
3.38 	3.60 	
3.95 	4.12 	
3.45 	3.99 	
4.33 	3.66 	
3.60 	4.00 	
4.04 	4.43 	
3.71 	4.56 	
3.48 	3.73 	
3.45 	3.93 	
3.70 	4.15 	
3.48 	3.55 	
4.19 	4.28 	
3.76 	3.84 	
3.19 	3.90 	
3.56 	3.67 	
3.33 	3.39 	
3.50 	3.61 	
4.20 	3.35 	
4.81 	4.07 	
3.84 	4.33 	
3.70 	3.68 	
4.08 	4.34 	
3.84 	4.01 	
3.64 	4.15 	
4.13 	3.75 	
4.01 	5.06 	
3.64 	5.05 	
3.55 	3.69 	
3.93 	3.96 	
4.05 	3.59 	
3.94 	3.71 	
3.57 	3.97 	
3.37 	4.41 	
3.44 	3.77 	
3.58 	4.01 	
4.10 	3.82 	
2.88 	3.51 	
4.20 	3.54 	
3.87 	3.49 	
3.46 	3.57 	
4.21 	3.46 	
4.21 	4.00 	
3.43 	3.82 	
4.18 	3.98 	
4.23 	3.90 	
3.91 	3.83 	
3.25 	4.04 	
2.40 	3.91 	
3.78 	4.27 	
3.04 	4.20 	
2.79 	3.78 	
4.06 	3.69 	
3.53 	4.08 	
3.18 	4.16 	
3.95 	4.19 	
4.95 	4.22 	
3.86 	4.49 	
3.88 	4.42 	
4.14 	4.02 	
3.62 	4.35 	
4.15 	4.04 	
3.54 	4.00 	
4.20 	4.17 	
4.05 	4.03 	
2.55 	4.21 	
4.15 	4.11 	
4.06 	4.08 	
3.78 	4.19 	
3.97 	4.40 	
4.39 	4.65 	
3.30 	4.80 	
3.98 	4.64 	
3.88 	5.54 	
3.85 	6.62 	
4.04 	6.29 	
4.12 	5.50 	
4.15 	4.77 	
3.46 	5.10 	
3.29 	4.75 	
3.21 	5.42 	
3.87 	5.34 	
3.61 	4.27 	
3.93 	3.72 	
3.99 	4.59 	
3.80 	4.40 	
3.73 	5.02 	
3.37 	5.36 	
3.62 	4.70 	
3.57 	4.08 	
3.27 	4.38 	
3.15 	4.50 	
3.30 	4.75 	
3.21 	4.02 	
3.39 	4.47 	
4.07 	4.80 	
3.83 	4.94 	
3.04 	5.02 	
3.39 	5.26 	
4.18 	5.21 	
3.81 	4.77 	
4.33 	4.55 	
3.51 	4.82 	
4.02 	4.83 	
3.85 	5.02 	
3.83 	5.18 	
3.16 	5.57 	
3.83 	4.68 	
3.50 	5.61 	
3.72 	5.11 	
3.54 	4.78 	
2.79 	4.46 	
3.82 	4.50 	
3.08 	5.05 	
3.69 	5.05 	
3.23 	5.00 	
3.99 	5.07 	
3.67 	4.66 	
3.74 	4.88 	
3.14 	4.74 	
3.81 	5.07 	
3.73 	5.22 	
4.31 	5.20 	
4.13 	5.09 	
3.36 	4.99 	
4.31 	4.25 	
4.47 	4.47 	
4.47 	4.54 	
3.41 	4.65 	
3.81 	5.42 	
3.22 	5.70 	
3.65 	5.94 	
3.64 	5.58 	
2.94 	6.00 	
3.50 	5.84 	
3.22 	5.83 	
3.32 	4.56 	
3.24 	4.61 	
3.90 	4.88 	
3.91 	4.16 	
3.91 	4.76 	
3.45 	4.79 	
3.30 	4.20 	
2.97 	4.47 	
3.79 	3.80 	
4.16 	4.16 	
4.65 	4.27 	
3.38 	4.06 	
4.24 	4.19 	
4.31 	4.09 	
3.81 	3.68 	
4.26 	4.04 	
3.51 	3.86 	
3.57 	4.01 	
3.38 	3.90 	
3.86 	3.43 	
4.01 	4.02 	
4.03 	3.82 	
3.89 	4.25 	
4.15 	3.49 	
4.34 	4.62 	
3.76 	3.76 	
3.81 	3.77 	
4.20 	4.12 	
4.60 	3.55 	
4.08 	4.24 	
3.52 	4.74 	
3.92 	3.99 	
3.73 	3.60 	
3.56 	3.65 	
3.45 	3.62 	
3.22 	3.55 	
3.51 	3.80 	
4.12 	4.01 	
3.92 	3.96 	
4.14 	3.96 	
4.02 	4.05 	
3.88 	3.82 	
3.85 	3.92 	
4.30 	3.77 	
4.08 	4.49 	
3.77 	3.76 	
3.91 	4.46 	
3.95 	4.28 	
4.09 	4.72 	
3.89 	4.70 	
3.90 	4.64 	
3.79 	4.84 	
3.83 	4.04 	
3.75 	3.74 	
2.77 	4.33 	
3.58 	4.61 	
4.08 	4.56 	
3.63 	3.91 	
3.36 	4.75 	
3.64 	4.41 	
3.93 	4.26 	
3.61 	4.19 	
3.27 	4.42 	
2.73 	4.46 	
3.43 	4.33 	
3.57 	4.48 	
3.81 	4.11 	
3.61 	4.99 	
3.72 	4.40 	
3.93 	4.45 	
2.67 	4.62 	
4.17 	4.54 	
3.11 	4.28 	
4.04 	4.00 	
3.47 	3.89 	
3.69 	3.95 	
3.74 	4.43 	
2.99 	4.37 	
3.46 	4.37 	
4.25 	4.06 	
3.48 	4.45 	
3.28 	4.17 	
3.64 	4.57 	
4.13 	4.65 	
3.46 	4.49 	
3.42 	4.54 	
2.43 	4.82 	
2.59 	4.41 	
3.27 	4.52 	
3.21 	4.27 	
3.23 	4.87 	
3.18 	4.80 	
3.30 	3.78 	
3.55 	4.71 	
3.23 	4.42 	
3.24 	4.56 	
3.44 	4.03 	
3.06 	4.28 	
3.13 	4.49 	
3.65 	4.07 	
3.22 	4.62 	
3.28 	4.36 	
3.25 	4.65 	
3.81 	4.32 	
4.26 	4.37 	
3.71 	4.12 	
3.61 	5.19 	
3.22 	4.57 	
3.38 	4.44 	
3.42 	4.50 	
3.27 	5.05 	
3.45 	4.82 	
3.28 	4.70 	
3.17 	4.81 	
3.48 	4.94 	
3.63 	4.61 	
2.66 	4.13 	
3.54 	4.57 	
3.15 	4.33 	
2.55 	4.79 	
3.20 	4.76 	
3.93 	4.98 	
3.17 	4.34 	
3.90 	4.72 	
3.90 	4.52 	
3.44 	5.53 	
3.00 	5.36 	
3.51 	5.01 	
3.51 	5.03 	
3.84 	4.94 	
3.92 	4.67 	
4.08 	5.29 	
4.08 	5.72 	
3.35 	6.12 	
3.33 	5.67 	
3.74 	6.02 	
3.28 	5.47 	
3.04 	4.96 	
3.39 	5.31 	
3.75 	5.39 	
4.08 	5.48 	
3.50 	5.59 	
3.65 	5.32 	
4.08 	5.60 	
3.99 	5.09 	
3.72 	5.59 	
4.29 	5.44 	
3.59 	5.52 	
4.14 	5.42 	
4.08 	5.11 	
4.06 	5.37 	
3.58 	5.38 	
4.03 	5.44 	
2.74 	5.33 	
3.28 	5.02 	
3.54 	5.21 	
3.04 	5.49 	
3.24 	5.75 	
3.37 	5.51 	
3.77 	4.06 	
3.49 	5.24 	
4.08 	5.24 	
3.98 	5.91 	
4.10 	5.26 	
3.88 	6.09 	
2.83 	5.76 	
3.71 	5.97 	
3.23 	4.99 	
3.03 	5.82 	
4.21 	5.89 	
3.54 	6.02 	
3.31 	5.12 	
3.52 	5.26 	
2.99 	6.36 	
4.25 	5.14 	
4.24 	5.31 	
3.66 	5.56 	
4.02 	5.43 	
3.62 	5.24 	
3.85 	5.15 	
3.80 	5.57 	
4.25 	5.59 	
3.82 	5.00 	
4.07 	5.72 	
4.19 	5.59 	
4.15 	4.67 	
3.90 	4.97 	
3.74 	5.32 	
3.67 	5.84 	
3.59 	6.35 	
3.80 	4.94 	
3.82 	4.74 	
3.68 	5.73 	
3.91 	5.45 	
3.31 	5.18 	
3.85 	5.65 	
3.72 	5.55 	
4.28 	5.91 	
3.81 	5.87 	
3.71 	6.47 	
3.44 	5.93 	
3.87 	5.55 	
3.92 	5.45 	
3.54 	6.09 	
4.21 	6.56 	
3.88 	6.08 	
3.29 	5.71 	
3.67 	5.62 	
3.21 	5.81 	
3.54 	6.02 	
3.35 	5.99 	
4.00 	5.76 	
4.12 	5.66 	
4.68 	5.70 	
4.43 	7.09 	
4.33 	6.56 	
4.23 	5.81 	
4.21 	6.35 	
3.37 	6.18 	
3.49 	6.32 	
3.38 	6.05 	
3.44 	6.23 	
3.26 	5.98 	
3.67 	6.29 	
3.65 	5.33 	
3.59 	5.69 	
3.11 	6.33 	
3.24 	6.28 	
3.08 	6.09 	
4.27 	6.02 	
4.64 	5.84 	
3.46 	6.27 	
3.67 	5.92 	
4.33 	4.92 	
3.39 	5.78 	
4.94 	6.33 	
3.99 	6.44 	
3.90 	5.75 	
3.54 	5.88 	
3.98 	6.05 	
4.13 	6.39 	
4.23 	6.01 	
4.12 	6.02 	
4.10 	5.93 	
3.78 	6.26 	
4.63 	6.21 	
4.12 	6.06 	
5.15 	5.92 	
4.84 	5.95 	
4.64 	6.28 	
5.57 	6.33 	
4.06 	5.74 	
4.55 	5.41 	
3.75 	5.26 	
4.07 	5.71 	
4.57 	5.78 	
4.05 	5.84 	
3.96 	5.40 	
3.83 	5.96 	
4.64 	6.58 	
3.69 	6.16 	
4.30 	6.13 	
4.24 	5.76 	
4.20 	6.04 	
3.65 	5.90 	
3.59 	6.29 	
4.82 	6.08 	
4.78 	5.17 	
4.30 	5.95 	
4.37 	5.91 	
4.50 	5.55 	
4.55 	5.65 	
4.81 	5.90 	
4.17 	5.79 	
4.70 	5.75 	
4.03 	5.91 	
4.40 	6.13 	
4.16 	5.35 	
3.97 	6.17 	
4.62 	6.47 	
4.34 	4.23 	
4.56 	5.52 	
3.92 	5.07 	
4.03 	5.54 	
4.07 	5.49 	
4.02 	5.59 	
4.20 	5.49 	
3.35 	5.27 	
3.27 	6.04 	
3.78 	4.97 	
3.23 	6.08 	
3.29 	4.96 	
3.79 	5.30 	
3.51 	5.78 	
3.69 	5.31 	
3.47 	5.20 	
3.88 	5.68 	
3.94 	5.49 	
3.97 	4.79 	
3.90 	5.56 	
3.24 	5.63 	
3.34 	5.22 	
3.62 	5.31 	
3.44 	5.45 	
3.52 	5.63 	
3.72 	5.41 	
4.17 	5.15 	
3.48 	5.43 	
3.41 	5.64 	
3.98 	5.98 	
3.95 	6.64 	
3.96 	6.31 	
3.72 	6.58 	
3.19 	5.63 	
4.14 	5.62 	
3.52 	5.73 	
4.16 	5.56 	
3.75 	5.99 	
4.32 	6.47 	
4.01 	6.16 	
3.68 	6.20 	
3.61 	6.53 	
3.79 	6.22 	
3.98 	6.33 	
3.89 	6.48 	
4.08 	6.74 	
3.94 	6.46 	
3.69 	6.26 	
4.15 	6.38 	
3.81 	6.10 	
3.92 	6.41 	
4.24 	6.20 	
4.50 	6.34 	
4.06 	6.45 	
4.42 	6.59 	
4.17 	6.09 	
4.31 	6.39 	
4.09 	6.38 	
4.14 	6.20 	
3.74 	6.29 	
4.18 	6.86 	
4.52 	6.41 	
3.38 	5.88 	
3.27 	6.47 	
3.49 	6.10 	
3.95 	5.64 	
4.41 	5.79 	
3.97 	5.64 	
4.24 	6.05 	
3.10 	5.99 	
3.25 	6.14 	
4.03 	5.61 	
3.71 	5.91 	
3.49 	5.83 	
3.26 	5.35 	
3.04 	6.10 	
2.88 	5.95 	
2.68 	5.88 	
3.66 	5.68 	
3.31 	5.45 	
3.43 	5.74 	
4.05 	4.13 	
4.05 	4.23 	
3.80 	4.81 	
2.98 	3.72 	
3.81 	5.12 	
3.95 	5.35 	
3.81 	5.34 	
3.45 	4.94 	
3.48 	5.50 	
4.03 	4.98 	
3.10 	4.58 	
3.68 	4.15 	
4.00 	4.39 	
3.99 	5.18 	
3.67 	4.85 	
4.15 	6.28 	
3.93 	5.23 	
3.28 	5.19 	
4.16 	5.83 	
3.85 	4.85 	
3.63 	5.87 	
3.81 	5.59 	
4.13 	5.23 	
3.85 	4.77 	
3.87 	5.20 	
3.58 	4.97 	
3.69 	5.58 	
4.08 	5.68 	
4.05 	6.30 	
3.98 	5.57 	
3.34 	5.62 	
3.94 	6.00 	
4.10 	6.41 	
4.07 	5.63 	
3.81 	5.92 	
4.02 	5.77 	
3.91 	6.57 	
3.82 	6.12 	
3.86 	7.49 	
3.81 	6.58 	
3.28 	6.16 	
3.18 	6.86 	
3.30 	6.88 	
3.70 	6.89 	
3.86 	6.42 	
3.78 	6.89 	
3.58 	6.16 	
3.93 	6.37 	
3.57 	7.53 	
3.29 	7.25 	
4.29 	6.31 	
3.69 	6.66 	
3.33 	6.18 	
3.67 	6.36 	
3.63 	5.87 	
3.51 	6.57 	
3.08 	5.68 	
3.48 	6.73 	
3.93 	6.05 	
4.02 	6.58 	
3.62 	5.80 	
4.03 	6.33 	
4.52 	5.83 	
4.23 	5.67 	
3.87 	7.03 	
4.26 	6.38 	
4.33 	6.19 	
3.70 	5.96 	
4.24 	5.69 	
4.35 	6.40 	
3.95 	6.23 	
3.65 	6.26 	
3.88 	6.52 	
3.90 	6.14 	
3.59 	6.25 	
3.84 	6.23 	
3.46 	5.84 	
3.41 	5.79 	
4.04 	5.96 	
3.63 	5.00 	
3.56 	5.61 	
3.59 	5.12 	
3.94 	5.53 	
3.99 	4.73 	
3.82 	6.39 	
3.36 	5.43 	
4.00 	5.41 	
3.96 	4.92 	
3.70 	5.69 	
4.13 	5.07 	
4.35 	5.17 	
3.81 	5.25 	
3.57 	4.75 	
3.77 	5.27 	
3.47 	6.11 	
3.59 	5.47 	
3.72 	6.51 	
3.27 	6.19 	
4.28 	6.28 	
3.99 	5.79 	
4.22 	6.41 	
3.83 	6.40 	
3.64 	6.47 	
3.36 	6.91 	
4.30 	5.59 	
3.84 	6.02 	
3.69 	5.70 	
3.51 	6.04 	
3.60 	5.94 	
3.84 	6.02 	
4.16 	4.57 	
2.92 	4.73 	
3.77 	5.48 	
3.99 	5.14 	
4.04 	5.63 	
3.98 	5.32 	
3.66 	6.03 	
4.35 	5.28 	
4.31 	5.08 	
3.86 	5.45 	
3.29 	6.07 	
3.96 	6.04 	
4.24 	5.59 	
4.40 	4.94 	
4.33 	4.87 	
3.70 	5.48 	
4.03 	5.29 	
3.83 	5.50 	
4.06 	5.35 	
4.10 	5.02 	
3.83 	5.67 	
4.33 	6.04 	
3.53 	5.43 	
4.17 	4.85 	
3.30 	5.13 	
3.65 	4.97 	
3.77 	4.91 	
3.50 	5.29 	
3.61 	5.78 	
3.14 	4.94 	
3.33 	5.20 	
3.67 	4.93 	
3.72 	5.31 	
3.24 	5.28 	
3.89 	4.39 	
4.62 	4.38 	
4.05 	5.11 	
4.17 	6.00 	
3.77 	5.33 	
3.65 	4.44 	
4.12 	4.82 	
3.90 	5.51 	
3.70 	4.99 	
3.17 	4.86 	
3.66 	4.55 	
3.15 	4.71 	
3.77 	3.80 	
3.11 	3.48 	
3.80 	4.91 	
3.36 	5.62 	
3.02 	4.52 	
3.07 	5.08 	
2.90 	4.91 	
3.58 	5.54 	
4.00 	5.07 	
3.71 	5.04 	
3.38 	5.12 	
3.73 	4.86 	
3.51 	3.86 	
3.57 	4.68 	
4.28 	5.04 	
3.62 	4.04 	
4.84 	4.70 	
4.03 	4.53 	
4.45 	4.33 	
4.11 	4.13 	
4.24 	4.79 	
4.71 	4.10 	
4.81 	4.35 	
4.56 	5.40 	
4.62 	5.16 	
4.81 	5.13 	
3.25 	5.53 	
3.96 	4.47 	
3.76 	4.60 	
3.76 	4.96 	
3.64 	4.51 	
3.42 	4.46 	
4.37 	3.99 	
4.48 	3.74 	
3.95 	4.71 	
3.80 	4.01 	
3.80 	5.12 	
3.92 	5.72 	
4.27 	4.81 	
3.81 	3.78 	
4.77 	4.66 	
3.54 	5.48 	
4.70 	5.46 	
4.14 	5.36 	
4.71 	5.08 	
4.13 	5.09 	
4.29 	4.39 	
4.46 	5.25 	
4.46 	5.84 	
5.03 	5.43 	
5.05 	4.84 	
4.53 	5.27 	
5.39 	5.52 	
4.24 	5.23 	
4.73 	5.32 	
4.83 	4.92 	
3.97 	5.26 	
4.27 	5.48 	
4.12 	5.24 	
4.54 	5.25 	
4.56 	5.33 	
4.46 	5.58 	
3.60 	5.31 	
3.55 	5.32 	
3.30 	5.38 	
3.51 	5.10 	
4.47 	5.14 	
3.69 	5.15 	
4.46 	5.14 	
4.10 	5.38 	
4.64 	5.47 	
4.31 	5.48 	
4.54 	5.53 	
4.55 	5.05 	
4.33 	4.88 	
4.56 	5.07 	
4.19 	5.07 	
3.94 	6.16 	
3.95 	5.86 	
3.92 	5.49 	
4.37 	5.15 	
4.53 	5.61 	
4.37 	5.53 	
4.06 	5.28 	
4.41 	5.13 	
4.70 	4.98 	
4.86 	4.63 	
4.57 	5.61 	
4.77 	5.02 	
4.48 	5.15 	
4.81 	5.05 	
4.49 	5.59 	
4.20 	5.06 	
4.55 	6.03 	
4.37 	5.59 	
4.68 	5.48 	
4.34 	5.12 	
4.43 	5.08 	
4.16 	4.55 	
4.64 	5.32 	
4.80 	5.73 	
5.00 	6.14 	
4.98 	5.68 	
4.08 	6.14 	
4.17 	5.06 	
4.56 	5.54 	
4.52 	5.41 	
4.21 	5.61 	
4.31 	5.11 	
4.55 	5.67 	
4.22 	5.59 	
4.24 	6.21 	
4.33 	5.55 	
4.74 	6.11 	
4.29 	5.86 	
4.25 	5.91 	
4.30 	6.45 	
4.14 	5.43 	
3.96 	5.82 	
4.21 	6.05 	
4.16 	5.99 	
4.80 	6.28 	
4.74 	5.92 	
4.52 	6.19 	
4.40 	5.83 	
4.55 	6.09 	
4.25 	5.77 	
4.76 	5.70 	
4.65 	6.66 	
4.82 	6.09 	
4.19 	5.43 	
3.67 	6.13 	
4.53 	5.78 	
4.60 	5.42 	
4.28 	5.29 	
4.25 	6.01 	
4.12 	6.61 	
4.20 	5.65 	
4.35 	6.38 	
3.90 	6.59 	
4.59 	5.65 	
4.74 	5.45 	
4.68 	5.79 	
4.68 	5.62 	
4.47 	5.25 	
4.83 	5.53 	
4.69 	5.60 	
4.79 	5.27 	
4.20 	4.09 	
3.93 	6.02 	
4.63 	4.19 	
3.99 	3.59 	
4.10 	3.95 	
4.12 	4.04 	
5.10 	4.44 	
3.82 	4.59 	
4.22 	4.87 	
4.20 	4.25 	
3.95 	4.26 	
4.07 	4.45 	
4.13 	4.56 	
3.40 	4.77 	
4.13 	5.08 	
4.14 	5.07 	
4.41 	4.87 	
4.36 	5.14 	
4.38 	4.44 	
3.90 	4.43 	
3.52 	4.97 	
4.19 	4.54 	
3.79 	5.10 	
3.37 	4.49 	
3.24 	4.36 	
3.45 	4.46 	
4.05 	5.78 	
3.21 	5.05 	
3.01 	4.77 	
3.77 	4.27 	
3.50 	5.18 	
3.87 	5.27 	
3.52 	5.31 	
3.70 	6.23 	
3.62 	5.31 	
3.73 	5.87 	
4.19 	4.96 	
4.45 	5.03 	
4.06 	5.38 	
3.45 	4.92 	
3.52 	5.88 	
3.37 	6.39 	
3.49 	5.73 	
3.70 	5.84 	
2.88 	5.04 	
3.59 	5.63 	
4.41 	5.43 	
3.94 	4.97 	
3.67 	5.10 	
3.86 	5.38 	
3.65 	3.90 	
3.83 	4.47 	
3.77 	4.58 	
3.25 	4.35 	
3.45 	4.00 	
3.45 	3.98 	
3.65 	4.37 	
3.91 	3.71 	
3.39 	4.16 	
3.79 	4.26 	
3.39 	4.55 	
3.29 	4.19 	
3.61 	4.52 	
3.11 	3.55 	
3.12 	4.18 	
2.65 	4.89 	
3.17 	3.98 	
3.51 	4.81 	
4.01 	4.43 	
3.25 	4.89 	
3.83 	4.40 	
4.03 	3.95 	
3.88 	4.27 	
3.72 	4.35 	
3.83 	4.51 	
4.10 	4.00 	
3.77 	4.31 	
4.30 	4.20 	
4.36 	4.37 	
4.00 	4.37 	
4.97 	4.39 	
4.87 	4.69 	
4.38 	4.47 	
3.95 	5.11 	
4.65 	4.29 	
4.33 	4.30 	
4.36 	5.60 	
4.10 	4.66 	
3.86 	4.91 	
4.48 	5.90 	
4.69 	5.78 	
4.23 	5.28 	
4.44 	4.93 	
4.76 	4.41 	
4.01 	4.06 	
4.36 	4.64 	
4.12 	4.47 	
3.71 	5.73 	
4.13 	4.31 	
3.83 	4.50 	
4.03 	4.86 	
3.95 	4.12 	
4.53 	4.59 	
3.80 	5.18 	
3.92 	4.53 	
3.52 	4.60 	
3.10 	5.17 	
3.91 	5.19 	
3.71 	5.25 	
3.73 	6.00 	
4.13 	5.60 	
4.07 	4.45 	
4.51 	4.42 	
4.36 	5.53 	
4.40 	4.86 	
4.67 	4.99 	
4.46 	4.97 	
4.16 	5.30 	
4.28 	5.40 	
4.41 	4.92 	
4.37 	5.21 	
3.43 	5.22 	
3.40 	4.11 	
4.11 	4.90 	
4.19 	5.79 	
4.61 	5.72 	
4.46 	5.52 	
3.66 	5.89 	
4.22 	5.06 	
3.91 	4.93 	
3.67 	5.47 	
3.55 	6.01 	
3.99 	6.11 	
3.57 	5.53 	
4.01 	5.46 	
4.70 	6.78 	
3.77 	5.73 	
3.79 	6.27 	
3.85 	5.57 	
3.36 	5.70 	
3.55 	5.63 	
3.57 	6.10 	
3.17 	4.05 	
3.28 	6.08 	
3.67 	6.11 	
3.95 	5.85 	
2.89 	5.58 	
3.00 	5.54 	
3.81 	4.76 	
3.12 	5.64 	
3.23 	6.29 	
3.49 	5.69 	
3.85 	5.80 	
3.90 	5.81 	
4.02 	5.77 	
4.02 	6.68 	
3.83 	6.17 	
3.86 	5.71 	
4.26 	5.64 	
4.31 	5.89 	
3.58 	5.36 	
3.44 	5.43 	
3.51 	4.89 	
3.40 	4.59 	
3.73 	5.16 	
4.05 	5.53 	
3.43 	4.93 	
3.80 	5.23 	
3.73 	4.83 	
3.49 	4.70 	
3.09 	4.53 	
3.00 	4.31 	
2.75 	4.57 	
2.88 	4.37 	
3.19 	3.99 	
3.38 	4.41 	
3.70 	4.52 	
2.73 	4.07 	
3.44 	4.64 	
3.57 	3.55 	
3.43 	3.74 	
3.47 	4.48 	
3.19 	4.16 	
3.49 	3.66 	
3.56 	3.38 	
2.78 	3.48 	
3.15 	4.05 	
3.40 	3.77 	
3.87 	4.48 	
4.04 	3.73 	
3.77 	3.45 	
3.50 	3.68 	
3.80 	3.48 	
3.30 	3.65 	
3.55 	4.41 	
3.47 	3.32 	
3.64 	4.40 	
3.74 	3.58 	
4.08 	3.51 	
3.61 	3.96 	
3.66 	4.47 	
4.01 	4.44 	
3.10 	4.04 	
3.36 	3.88 	
4.21 	4.81 	
3.94 	4.83 	
2.99 	4.21 	
3.26 	4.38 	
3.87 	4.55 	
3.58 	4.14 	
3.83 	4.34 	
3.57 	3.85 	
3.57 	4.30 	
3.72 	4.15 	
3.72 	4.88 	
4.34 	4.32 	
4.22 	5.35 	
3.93 	5.29 	
4.15 	6.06 	
3.55 	4.53 	
4.15 	5.04 	
3.71 	6.25 	
4.28 	4.58 	
4.11 	5.08 	
3.58 	6.16 	
4.18 	6.33 	
3.85 	6.09 	
4.19 	5.40 	
4.09 	3.98 	
4.55 	3.63 	
3.98 	4.64 	
4.61 	4.02 	
3.91 	4.90 	
3.68 	5.42 	
4.49 	5.64 	
4.47 	5.21 	
3.37 	5.52 	
3.85 	5.51 	
4.04 	6.05 	
4.65 	5.76 	
4.04 	5.18 	
4.22 	6.13 	
3.96 	6.01 	
4.22 	5.86 	
3.98 	6.53 	
4.14 	5.38 	
4.01 	4.94 	
4.03 	4.74 	
3.45 	5.23 	
4.35 	4.07 	
4.16 	4.91 	
3.02 	4.19 	
3.47 	4.53 	
3.73 	5.23 	
4.24 	4.58 	
3.53 	4.12 	
3.42 	4.43 	
3.95 	3.43 	
4.04 	4.52 	
4.15 	3.94 	
3.97 	3.75 	
4.07 	4.22 	
3.82 	3.54 	
3.98 	3.48 	
3.98 	3.51 	
4.08 	4.14 	
4.31 	3.68 	
4.42 	3.68 	
4.28 	3.73 	
4.17 	3.98 	
3.93 	4.10 	
4.13 	3.99 	
4.49 	3.89 	
4.65 	3.95 	
4.05 	3.92 	
4.35 	3.92 	
3.92 	4.00 	
4.49 	3.37 	
3.92 	3.79 	
4.41 	4.40 	
3.60 	3.93 	
3.97 	3.77 	
3.30 	4.14 	
3.68 	4.16 	
3.53 	3.41 	
3.49 	4.49 	
3.69 	4.31 	
2.99 	4.07 	
3.51 	4.62 	
3.53 	4.58 	
3.61 	4.31 	
3.33 	4.53 	
3.86 	3.98 	
3.65 	4.09 	
3.93 	4.38 	
2.94 	4.19 	
3.24 	4.75 	
2.63 	4.36 	
3.50 	4.62 	
2.81 	4.51 	
3.40 	3.54 	
3.21 	4.11 	
2.80 	3.60 	
3.07 	4.19 	
2.64 	4.34 	
3.81 	4.57 	
2.94 	3.91 	
3.67 	3.92 	
3.28 	4.63 	
3.03 	4.26 	
2.86 	4.10 	
2.63 	4.81 	
3.86 	4.22 	
3.57 	4.52 	
3.27 	4.48 	
3.81 	4.38 	
3.14 	4.22 	
2.87 	4.02 	
2.69 	5.11 	
3.02 	4.22 	
2.73 	3.79 	
2.94 	3.89 	
2.72 	3.98 	
3.01 	4.27 	
3.72 	4.08 	
3.20 	4.34 	
3.76 	4.74 	
2.82 	4.45 	
3.47 	4.41 	
3.07 	4.30 	
3.14 	4.63 	
3.28 	4.40 	
3.17 	4.02 	
2.57 	4.18 	
3.27 	4.83 	
3.22 	4.72 	
3.05 	4.21 	
2.74 	4.00 	
3.31 	4.00 	
2.98 	4.12 	
3.26 	4.03 	
3.05 	4.57 	
2.69 	4.82 	
3.05 	4.26 	
3.89 	3.49 	
3.34 	4.18 	
3.08 	4.29 	
2.93 	4.15 	
2.72 	3.58 	
2.89 	4.52 	
3.06 	3.83 	
2.93 	3.85 	
3.39 	3.73 	
3.07 	3.90 	
2.93 	4.17 	
3.71 	3.89 	
3.04 	4.27 	
4.27 	3.80 	
3.82 	3.96 	
4.18 	3.92 	
3.87 	4.50 	
3.30 	3.93 	
4.07 	4.54 	
3.19 	3.96 	
4.04 	3.83 	
4.18 	3.95 	
4.63 	3.96 	
4.10 	4.33 	
3.74 	3.99 	
4.20 	3.97 	
4.04 	3.98 	
4.42 	4.18 	
3.65 	4.61 	
4.10 	3.80 	
4.19 	4.03 	
3.50 	4.01 	
3.88 	4.16 	
3.97 	3.99 	
4.29 	4.27 	
3.99 	4.67 	
3.76 	4.33 	
3.94 	4.15 	
4.00 	4.02 	
3.80 	4.10 	
4.06 	4.41 	
3.94 	3.88 	
4.14 	3.98 	
3.11 	4.09 	
3.87 	4.24 	
3.81 	4.22 	
4.10 	3.97 	
3.11 	3.91 	
3.70 	4.38 	
3.56 	4.01 	
3.68 	4.00 	
2.99 	3.99 	
3.28 	4.17 	
3.34 	4.04 	
3.38 	4.37 	
3.17 	4.46 	
3.43 	4.83 	
3.38 	4.38 	
2.72 	4.17 	
3.62 	4.67 	
2.93 	4.36 	
3.04 	4.07 	
3.23 	4.92 	
3.07 	4.55 	
3.65 	4.48 	
3.21 	4.29 	
3.62 	4.63 	
3.53 	4.68 	
3.74 	4.16 	
2.89 	4.09 	
3.31 	4.09 	
4.46 	4.74 	
3.30 	4.35 	
3.48 	4.57 	
2.87 	4.05 	
3.24 	4.40 	
3.08 	4.24 	
2.81 	4.13 	
3.39 	3.93 	
3.01 	4.18 	
3.47 	4.02 	
3.26 	4.68 	
3.94 	4.83 	
3.19 	4.40 	
3.75 	4.02 	
3.03 	3.69 	
2.98 	4.13 	
3.19 	4.17 	
2.72 	4.19 	
3.02 	4.78 	
3.07 	4.61 	
3.81 	4.56 	
3.38 	4.44 	
3.17 	4.45 	
3.16 	4.56 	
3.31 	5.03 	
3.22 	4.33 	
3.17 	4.20 	
3.16 	4.77 	
2.68 	4.47 	
3.50 	4.49 	
3.36 	4.38 	
3.71 	4.19 	
3.86 	4.47 	
4.10 	3.86 	
3.14 	4.39 	
3.35 	4.32 	
4.02 	4.39 	
4.15 	4.46 	
3.68 	4.57 	
3.96 	3.97 	
3.59 	4.36 	
3.67 	4.40 	
3.77 	4.53 	
3.47 	4.08 	
4.01 	4.06 	
4.27 	4.15 	
4.28 	4.40 	
3.65 	4.68 	
3.68 	3.97 	
4.09 	4.56 	
3.14 	4.38 	
2.82 	4.22 	
2.85 	4.44 	
3.02 	4.01 	
3.38 	4.01 	
3.37 	3.75 	
3.29 	4.05 	
3.25 	3.77 	
3.42 	3.57 	
2.95 	3.82 	
3.29 	3.72 	
3.55 	3.57 	
2.97 	3.94 	
2.65 	4.40 	
2.85 	3.48 	
3.85 	4.11 	
3.18 	3.90 	
3.38 	3.79 	
3.16 	3.87 	
3.10 	3.61 	
3.20 	4.42 	
3.00 	3.65 	
3.48 	4.15 	
2.69 	4.01 	
3.09 	4.28 	
2.44 	4.34 	
3.15 	3.86 	
2.77 	4.35 	
2.68 	3.42 	
2.58 	3.85 	
2.93 	3.52 	
2.67 	3.68 	
2.81 	3.55 	
3.72 	3.86 	
3.16 	3.69 	
2.78 	4.25 	
2.92 	3.75 	
3.05 	4.09 	
3.10 	4.39 	
3.10 	3.45 	
3.82 	3.84 	
3.63 	4.08 	
3.13 	3.88 	
3.49 	3.77 	
3.42 	3.63 	
3.43 	3.63 	
3.65 	3.78 	
3.82 	3.91 	
3.40 	4.15 	
3.43 	4.10 	
3.35 	3.84 	
2.96 	4.02 	
3.14 	3.77 	
3.01 	4.03 	
2.86 	4.67 	
3.49 	4.16 	
3.20 	4.03 	
3.59 	4.03 	
3.02 	4.14 	
2.78 	3.69 	
2.82 	4.45 	
3.49 	3.77 	
2.91 	3.57 	
2.88 	4.08 	
2.85 	4.02 	
2.72 	3.84 	
2.92 	3.65 	
2.94 	3.86 	
3.16 	4.09 	
2.82 	4.05 	
3.27 	3.87 	
3.13 	4.22 	
2.83 	4.12 	
2.92 	4.10 	
3.11 	3.74 	
3.61 	3.72 	
3.19 	3.66 	
3.55 	3.51 	
3.34 	3.55 	
2.88 	3.92 	
3.28 	4.22 	
3.27 	4.18 	
3.62 	3.88 	
3.22 	4.28 	
3.61 	4.12 	
3.22 	4.06 	
3.69 	3.74 	
3.23 	4.12 	
3.38 	3.75 	
3.23 	4.20 	
3.27 	4.55 	
3.07 	3.90 	
3.02 	4.05 	
3.25 	4.21 	
3.21 	3.89 	
3.61 	3.93 	
3.32 	4.28 	
2.96 	4.40 	
3.16 	4.38 	
3.04 	4.29 	
3.06 	4.43 	
3.64 	4.16 	
3.31 	3.91 	
3.28 	3.90 	
3.35 	3.67 	
3.02 	4.34 	
3.11 	3.79 	
3.63 	4.21 	
3.29 	3.78 	
3.51 	3.82 	
3.32 	4.29 	
3.51 	3.98 	
3.63 	3.96 	
3.16 	4.57 	
3.11 	3.94 	
2.91 	3.88 	
3.28 	3.55 	
3.35 	3.67 	
3.42 	5.31 	
2.89 	4.60 	
3.09 	4.79 	
3.36 	5.28 	
3.03 	5.43 	
3.62 	4.58 	
3.34 	4.71 	
2.88 	5.10 	
3.36 	4.71 	
3.23 	4.57 	
3.32 	4.53 	
2.98 	4.40 	
3.60 	4.84 	
2.77 	4.41 	
3.18 	5.31 	
2.76 	5.31 	
3.23 	4.84 	
3.13 	4.59 	
2.93 	4.73 	
3.62 	5.61 	
3.04 	5.13 	
3.67 	4.77 	
3.60 	4.86 	
3.34 	4.83 	
3.69 	4.83 	
4.01 	5.23 	
3.05 	4.41 	
3.08 	4.43 	
3.40 	4.51 	
3.12 	4.60 	
3.07 	4.60 	
3.23 	4.07 	
2.78 	4.80 	
3.71 	5.06 	
3.17 	4.59 	
3.12 	4.17 	
3.57 	4.67 	
3.16 	4.97 	
3.43 	4.86 	
3.01 	4.10 	
2.65 	4.27 	
3.07 	4.62 	
2.70 	4.58 	
2.67 	4.94 	
3.14 	4.95 	
3.17 	4.16 	
3.71 	4.23 	
3.42 	4.50 	
3.56 	4.35 	
2.86 	5.00 	
2.95 	4.35 	
3.30 	5.05 	
3.69 	4.69 	
3.81 	4.49 	
3.23 	4.89 	
3.48 	4.05 	
3.76 	5.53 	
3.39 	4.51 	
3.79 	4.39 	
3.61 	4.14 	
3.63 	4.52 	
3.34 	4.87 	
3.13 	5.18 	
3.11 	4.66 	
3.30 	4.24 	
3.06 	3.83 	
2.82 	4.35 	
2.76 	3.95 	
3.15 	4.21 	
3.26 	4.01 	
3.56 	5.05 	
3.00 	3.86 	
3.63 	5.42 	
3.77 	4.13 	
4.43 	4.64 	
3.45 	4.68 	
3.50 	5.36 	
3.63 	4.48 	
3.41 	5.19 	
3.87 	4.46 	
3.70 	3.95 	
3.84 	4.60 	
3.61 	4.87 	
4.14 	4.57 	
3.46 	4.45 	
4.18 	4.20 	
3.58 	4.36 	
4.81 	4.06 	
3.54 	4.03 	
5.10 	3.87 	
4.78 	4.62 	
4.68 	4.71 	
4.89 	4.12 	
5.50 	4.38 	
4.39 	4.35 	
4.72 	3.82 	
5.01 	4.56 	
4.45 	4.91 	
4.73 	4.02 	
3.95 	4.42 	
3.75 	4.54 	
4.51 	3.97 	
4.28 	4.33 	
4.11 	4.67 	
5.00 	3.33 	
4.47 	4.91 	
3.82 	5.02 	
4.56 	4.43 	
4.06 	5.54 	
3.30 	5.98 	
3.47 	5.41 	
3.40 	5.56 	
3.53 	5.82 	
4.52 	6.24 	
3.61 	6.30 	
3.17 	5.61 	
3.22 	6.14 	
3.24 	6.40 	
2.77 	6.09 	
2.60 	6.02 	
3.28 	6.41 	
3.37 	6.70 	
3.58 	5.91 	
3.19 	5.11 	
3.43 	6.24 	
4.09 	5.55 	
3.33 	6.37 	
3.49 	6.21 	
4.05 	5.55 	
3.80 	5.94 	
3.89 	5.54 	
4.08 	6.29 	
4.60 	5.98 	
4.54 	6.17 	
4.54 	6.44 	
4.75 	5.68 	
4.97 	5.61 	
4.74 	5.89 	
4.28 	4.63 	
3.61 	4.95 	
4.47 	5.49 	
3.81 	5.89 	
4.10 	6.49 	
3.81 	6.39 	
2.52 	6.26 	
3.13 	5.68 	
3.03 	5.72 	
3.13 	5.85 	
2.91 	5.18 	
3.61 	5.77 	
3.71 	5.50 	
3.41 	5.48 	
3.27 	5.45 	
3.12 	5.62 	
3.85 	5.86 	
3.23 	5.20 	
3.54 	5.48 	
4.12 	5.29 	
3.75 	5.24 	
3.13 	5.44 	
3.27 	4.96 	
3.21 	5.33 	
3.24 	5.57 	
2.89 	5.89 	
2.76 	5.97 	
3.14 	5.40 	
3.04 	5.40 	
3.08 	5.19 	
3.49 	5.00 	
3.21 	5.30 	
3.26 	5.82 	
3.59 	5.72 	
3.66 	5.64 	
3.29 	5.01 	
3.39 	5.62 	
2.88 	5.47 	
3.78 	5.33 	
3.36 	5.68 	
3.20 	5.74 	
3.83 	5.83 	
3.99 	6.00 	
3.41 	4.76 	
3.42 	5.67 	
3.65 	5.71 	
3.49 	6.05 	
3.03 	5.56 	
3.08 	5.65 	
3.81 	5.38 	
3.27 	5.83 	
2.74 	5.02 	
3.03 	4.89 	
3.20 	5.52 	
3.16 	5.49 	
3.05 	5.23 	
3.20 	5.58 	
3.18 	5.45 	
3.70 	5.20 	
3.20 	5.81 	
3.17 	5.46 	
3.34 	5.74 	
3.16 	6.62 	
3.11 	6.00 	
3.14 	5.40 	
3.23 	5.47 	
3.10 	6.63 	
3.19 	4.69 	
3.32 	5.06 	
3.61 	6.22 	
3.00 	5.51 	
3.32 	5.76 	
3.07 	6.05 	
3.67 	5.77 	
3.06 	4.83 	
3.91 	5.56 	
2.90 	6.08 	
3.08 	6.09 	
3.60 	5.46 	
3.52 	5.59 	
3.08 	5.53 	
3.13 	5.50 	
3.05 	5.68 	
2.82 	5.64 	
2.71 	5.32 	
3.69 	5.21 	
2.84 	5.16 	
2.94 	5.55 	
2.68 	5.55 	
3.45 	5.91 	
2.97 	5.46 	
3.86 	6.01 	
3.41 	5.25 	
3.05 	5.85 	
3.29 	4.28 	
3.78 	5.49 	
3.35 	5.51 	
3.75 	5.75 	
3.86 	5.50 	
3.64 	5.53 	
3.95 	5.53 	
3.94 	5.61 	
3.67 	5.13 	
4.22 	4.82 	
