2.07 	2.41 	
2.19 	1.94 	
2.48 	1.77 	
2.20 	1.80 	
1.97 	1.76 	
2.34 	1.92 	
2.26 	2.07 	
2.26 	2.03 	
1.88 	1.87 	
2.08 	2.09 	
2.17 	1.78 	
2.18 	1.74 	
2.14 	1.73 	
2.22 	1.81 	
2.11 	1.96 	
2.67 	1.88 	
2.69 	1.91 	
2.44 	2.08 	
1.82 	2.16 	
2.02 	1.88 	
1.99 	1.64 	
2.36 	2.21 	
2.45 	2.23 	
2.42 	2.32 	
1.99 	2.28 	
2.22 	2.42 	
1.91 	2.73 	
2.16 	2.40 	
2.21 	2.31 	
2.33 	2.46 	
2.03 	2.12 	
2.28 	2.44 	
2.02 	2.28 	
2.14 	2.27 	
2.22 	2.18 	
2.06 	2.05 	
2.02 	2.01 	
2.05 	2.27 	
2.12 	2.09 	
1.89 	2.21 	
1.82 	2.21 	
2.62 	1.94 	
2.34 	2.25 	
2.27 	1.79 	
1.97 	2.08 	
2.05 	1.77 	
2.22 	2.24 	
1.93 	2.11 	
2.18 	2.07 	
2.02 	2.13 	
2.02 	2.02 	
2.42 	1.64 	
1.98 	2.00 	
2.07 	1.79 	
2.10 	2.03 	
2.22 	2.14 	
2.19 	1.67 	
2.30 	2.07 	
2.08 	2.05 	
2.19 	2.14 	
1.90 	2.07 	
1.86 	2.09 	
2.14 	2.57 	
2.21 	2.16 	
2.08 	1.91 	
2.14 	2.30 	
2.17 	2.16 	
2.27 	2.25 	
2.13 	2.38 	
1.91 	2.45 	
2.12 	2.23 	
2.18 	2.36 	
2.16 	2.14 	
1.79 	2.65 	
2.01 	2.45 	
1.98 	2.19 	
2.02 	2.26 	
1.81 	2.24 	
2.07 	2.61 	
1.96 	2.31 	
2.06 	2.64 	
2.05 	2.65 	
1.91 	2.33 	
2.44 	2.23 	
1.63 	2.81 	
2.22 	2.49 	
2.12 	2.38 	
2.39 	2.50 	
2.09 	2.74 	
2.47 	2.65 	
2.44 	2.35 	
2.38 	2.52 	
2.58 	2.78 	
2.46 	2.48 	
2.11 	1.95 	
1.76 	2.51 	
2.04 	2.32 	
1.90 	2.34 	
2.11 	2.20 	
2.24 	2.67 	
2.26 	2.60 	
2.44 	2.38 	
2.36 	2.14 	
2.06 	2.02 	
2.34 	1.84 	
2.01 	2.35 	
2.12 	1.85 	
1.85 	1.84 	
2.26 	1.69 	
1.95 	2.16 	
1.96 	1.91 	
2.39 	2.02 	
2.13 	1.48 	
1.99 	1.87 	
2.17 	1.74 	
2.26 	2.26 	
2.13 	1.73 	
2.26 	1.69 	
2.12 	2.14 	
2.38 	2.18 	
1.88 	2.21 	
2.20 	2.17 	
2.21 	2.00 	
2.45 	2.39 	
2.40 	2.15 	
2.11 	1.54 	
2.25 	1.73 	
1.98 	2.12 	
2.38 	2.15 	
2.08 	2.21 	
2.36 	2.02 	
2.29 	1.96 	
2.21 	2.02 	
2.29 	1.91 	
2.04 	1.92 	
2.22 	2.27 	
2.34 	2.03 	
2.14 	2.12 	
2.44 	1.88 	
2.23 	1.98 	
2.29 	1.95 	
2.22 	2.01 	
2.19 	1.96 	
2.39 	2.03 	
2.37 	1.91 	
2.13 	1.95 	
2.26 	1.83 	
2.21 	2.05 	
2.12 	2.06 	
2.47 	1.90 	
2.33 	1.87 	
2.16 	1.91 	
2.32 	2.20 	
2.11 	2.37 	
2.38 	2.37 	
2.19 	2.51 	
2.12 	2.68 	
1.94 	2.50 	
2.46 	2.44 	
2.30 	2.49 	
2.20 	2.59 	
2.33 	2.61 	
2.23 	2.35 	
2.22 	2.57 	
2.41 	2.56 	
2.17 	2.25 	
2.39 	2.47 	
2.39 	2.60 	
2.29 	2.36 	
2.43 	2.50 	
2.53 	2.08 	
2.44 	2.25 	
1.91 	2.19 	
2.10 	2.45 	
2.40 	2.37 	
2.60 	2.18 	
2.35 	2.76 	
2.25 	2.84 	
2.26 	2.66 	
2.09 	2.59 	
2.22 	2.96 	
2.30 	2.43 	
2.46 	2.64 	
2.27 	2.35 	
2.31 	2.52 	
2.45 	2.63 	
2.27 	2.81 	
2.19 	2.64 	
2.26 	2.60 	
2.06 	2.36 	
2.35 	2.60 	
2.19 	2.81 	
2.18 	2.08 	
1.91 	2.04 	
2.21 	2.55 	
2.23 	2.05 	
2.29 	2.21 	
2.23 	2.17 	
2.16 	2.26 	
2.15 	1.98 	
2.13 	2.66 	
2.03 	1.79 	
1.97 	2.00 	
2.23 	2.04 	
2.08 	2.21 	
2.27 	1.84 	
2.09 	2.14 	
2.12 	2.65 	
2.24 	2.58 	
2.22 	2.56 	
2.14 	2.36 	
2.21 	2.54 	
2.36 	2.63 	
2.35 	2.06 	
2.32 	1.94 	
2.37 	2.10 	
2.43 	2.16 	
2.34 	1.79 	
2.19 	1.98 	
2.17 	2.31 	
2.30 	2.10 	
2.21 	1.91 	
2.12 	2.11 	
2.18 	2.26 	
2.51 	1.47 	
2.16 	1.87 	
2.32 	1.26 	
2.21 	2.10 	
2.13 	1.90 	
2.00 	2.11 	
2.16 	2.22 	
2.32 	2.18 	
2.19 	2.18 	
2.25 	2.21 	
2.56 	2.20 	
2.34 	2.20 	
2.12 	2.03 	
2.21 	2.33 	
2.00 	2.38 	
2.11 	2.17 	
2.76 	1.64 	
2.28 	2.09 	
2.41 	1.74 	
2.52 	1.62 	
2.33 	1.65 	
2.42 	1.44 	
2.50 	1.33 	
2.28 	1.65 	
2.23 	1.45 	
2.23 	1.51 	
2.24 	1.31 	
2.24 	1.11 	
2.41 	1.55 	
2.50 	2.50 	
2.10 	2.08 	
2.12 	1.46 	
2.23 	1.71 	
2.18 	2.06 	
2.07 	1.53 	
2.28 	1.61 	
2.30 	1.93 	
2.20 	1.80 	
2.41 	1.86 	
2.21 	2.15 	
2.54 	1.92 	
2.40 	2.24 	
2.43 	2.01 	
2.37 	2.36 	
2.33 	2.40 	
2.09 	2.22 	
2.27 	2.09 	
2.34 	2.37 	
2.40 	2.28 	
2.26 	1.97 	
1.92 	1.80 	
2.23 	2.26 	
2.22 	2.29 	
2.23 	2.11 	
2.14 	2.23 	
2.35 	1.95 	
2.31 	2.01 	
2.02 	2.09 	
2.43 	2.52 	
2.15 	1.75 	
1.78 	2.14 	
2.22 	1.92 	
1.95 	1.89 	
2.16 	1.49 	
1.98 	1.87 	
2.21 	2.38 	
2.13 	2.08 	
2.28 	2.10 	
2.43 	1.90 	
2.41 	1.88 	
2.21 	1.82 	
2.08 	1.94 	
2.31 	2.17 	
2.59 	2.21 	
2.44 	2.23 	
2.40 	2.01 	
2.39 	1.95 	
2.42 	1.74 	
2.54 	1.60 	
2.21 	1.18 	
2.40 	1.73 	
2.87 	1.69 	
2.55 	1.98 	
2.27 	1.85 	
2.25 	2.13 	
2.42 	1.86 	
2.63 	1.91 	
2.21 	1.66 	
2.33 	1.85 	
2.53 	1.49 	
2.49 	1.77 	
2.42 	1.92 	
2.67 	2.27 	
2.56 	2.24 	
2.48 	2.24 	
2.49 	2.11 	
2.51 	1.73 	
2.61 	1.75 	
2.58 	1.74 	
2.54 	1.99 	
2.47 	1.72 	
2.40 	1.73 	
2.37 	1.90 	
2.40 	1.79 	
2.38 	1.96 	
2.43 	1.91 	
2.45 	1.88 	
2.31 	1.94 	
2.34 	1.67 	
2.43 	2.35 	
2.35 	2.25 	
2.40 	2.20 	
2.29 	2.02 	
2.40 	2.28 	
2.31 	2.20 	
2.37 	2.30 	
2.38 	2.15 	
2.47 	1.98 	
2.51 	2.39 	
2.46 	2.27 	
2.55 	2.39 	
2.36 	2.67 	
2.29 	2.39 	
2.32 	2.38 	
2.55 	2.18 	
2.53 	2.32 	
2.48 	2.62 	
2.64 	2.56 	
2.63 	2.06 	
2.27 	2.23 	
2.38 	1.75 	
2.49 	2.10 	
2.29 	2.33 	
2.35 	2.05 	
2.31 	2.42 	
2.36 	2.15 	
2.18 	2.14 	
2.22 	2.02 	
2.00 	1.91 	
2.34 	2.23 	
2.57 	2.24 	
2.60 	2.12 	
2.34 	2.34 	
2.39 	2.09 	
2.68 	2.38 	
2.66 	2.47 	
2.43 	2.22 	
2.24 	2.23 	
2.18 	2.26 	
2.25 	1.82 	
2.21 	2.10 	
2.33 	1.70 	
2.42 	1.96 	
2.15 	1.91 	
2.36 	2.02 	
2.33 	1.69 	
2.41 	1.68 	
2.42 	1.83 	
2.34 	1.94 	
2.51 	1.91 	
2.55 	1.81 	
2.48 	1.79 	
2.47 	1.61 	
2.46 	1.93 	
2.28 	1.99 	
2.20 	1.88 	
2.28 	1.89 	
2.18 	1.82 	
2.37 	1.91 	
2.22 	1.70 	
2.26 	1.52 	
2.24 	1.83 	
2.29 	1.94 	
2.49 	2.16 	
1.92 	2.08 	
2.54 	2.02 	
2.17 	1.51 	
2.37 	1.92 	
2.40 	1.78 	
2.38 	1.79 	
2.42 	1.92 	
2.45 	1.72 	
2.32 	1.84 	
2.32 	2.04 	
2.42 	1.67 	
2.41 	1.26 	
2.34 	1.18 	
2.34 	1.72 	
2.45 	1.68 	
2.29 	1.81 	
2.19 	1.79 	
2.24 	2.20 	
2.17 	1.92 	
2.38 	1.90 	
2.29 	1.67 	
2.31 	1.64 	
2.16 	1.91 	
2.23 	1.66 	
2.38 	1.68 	
2.09 	1.71 	
2.33 	1.80 	
2.27 	1.98 	
2.36 	1.82 	
2.56 	1.75 	
2.19 	1.78 	
2.43 	1.79 	
2.10 	1.78 	
2.33 	1.90 	
2.15 	2.00 	
2.46 	1.83 	
2.49 	1.77 	
2.43 	1.69 	
2.64 	1.83 	
2.36 	1.74 	
2.21 	2.01 	
2.65 	2.44 	
2.54 	1.89 	
2.57 	2.02 	
2.68 	2.11 	
2.45 	1.78 	
2.57 	1.74 	
2.40 	1.81 	
2.42 	2.18 	
2.67 	2.00 	
2.53 	1.68 	
2.43 	1.99 	
2.74 	1.80 	
2.53 	1.83 	
2.25 	1.63 	
2.38 	1.80 	
2.55 	1.95 	
2.63 	1.92 	
2.36 	2.05 	
2.33 	1.59 	
2.23 	2.13 	
2.14 	1.89 	
2.77 	1.76 	
2.77 	1.68 	
2.62 	2.01 	
2.34 	1.79 	
2.72 	1.92 	
2.45 	1.98 	
2.37 	2.13 	
2.29 	2.00 	
2.40 	2.33 	
2.39 	2.09 	
2.28 	1.77 	
2.31 	2.26 	
2.49 	2.19 	
2.40 	1.92 	
2.01 	1.85 	
2.21 	1.81 	
2.02 	1.85 	
2.22 	1.66 	
2.24 	1.90 	
1.99 	2.08 	
2.26 	2.11 	
2.03 	1.79 	
2.43 	2.15 	
2.46 	2.26 	
2.07 	1.95 	
2.08 	1.93 	
2.04 	2.36 	
1.99 	2.52 	
2.21 	1.78 	
2.17 	2.16 	
2.17 	1.83 	
1.99 	2.31 	
2.23 	2.24 	
2.10 	1.84 	
2.33 	2.25 	
2.32 	2.04 	
2.40 	1.97 	
2.46 	2.04 	
2.28 	2.35 	
2.22 	1.68 	
1.98 	1.69 	
2.11 	1.66 	
2.10 	1.68 	
2.09 	1.46 	
2.14 	1.89 	
2.32 	2.01 	
2.04 	1.86 	
2.44 	1.70 	
2.14 	1.93 	
2.15 	1.76 	
2.20 	1.71 	
1.97 	1.75 	
1.95 	2.07 	
2.05 	1.76 	
2.05 	1.75 	
2.09 	1.89 	
2.10 	1.68 	
2.34 	1.73 	
2.01 	1.92 	
1.90 	1.89 	
2.17 	1.68 	
2.17 	1.66 	
2.05 	1.77 	
2.18 	1.79 	
2.09 	1.76 	
2.13 	1.85 	
2.28 	1.74 	
2.21 	2.01 	
2.27 	1.75 	
2.22 	1.84 	
2.18 	1.89 	
2.07 	1.64 	
2.18 	1.82 	
2.42 	1.68 	
2.17 	1.66 	
2.25 	1.68 	
2.29 	1.74 	
2.20 	1.93 	
2.21 	1.79 	
2.07 	1.86 	
1.90 	1.81 	
2.31 	1.84 	
2.07 	1.71 	
2.43 	1.76 	
2.17 	1.88 	
2.05 	1.81 	
2.14 	1.91 	
2.43 	1.73 	
2.15 	1.82 	
2.05 	1.80 	
2.12 	1.88 	
2.22 	1.82 	
2.01 	1.68 	
2.15 	2.04 	
2.26 	1.79 	
2.13 	1.97 	
2.27 	1.87 	
2.61 	2.02 	
2.42 	1.74 	
2.05 	1.44 	
2.14 	1.81 	
2.33 	2.14 	
2.20 	1.71 	
2.12 	1.78 	
2.12 	2.06 	
2.20 	1.61 	
2.09 	1.80 	
1.98 	1.86 	
2.24 	2.21 	
2.19 	2.09 	
2.28 	1.95 	
2.31 	1.71 	
2.13 	2.11 	
2.32 	2.13 	
2.21 	1.92 	
2.23 	1.95 	
2.14 	2.13 	
2.18 	1.92 	
2.37 	1.77 	
2.07 	2.13 	
2.22 	2.26 	
2.02 	2.22 	
2.06 	2.01 	
2.14 	2.16 	
2.17 	1.43 	
2.00 	2.09 	
1.96 	1.88 	
2.13 	2.21 	
2.25 	2.12 	
2.28 	1.31 	
1.91 	1.94 	
2.01 	2.17 	
2.25 	2.14 	
2.19 	2.02 	
2.15 	2.40 	
2.27 	2.25 	
2.31 	1.85 	
2.22 	1.79 	
2.34 	1.63 	
2.39 	1.59 	
2.14 	1.82 	
1.93 	1.94 	
2.06 	1.67 	
2.28 	1.77 	
2.04 	1.88 	
2.11 	1.93 	
2.05 	2.03 	
2.02 	2.05 	
2.22 	1.89 	
2.22 	1.56 	
2.11 	2.19 	
2.09 	1.89 	
2.12 	1.68 	
2.12 	2.04 	
2.01 	1.99 	
2.32 	1.91 	
2.23 	2.23 	
2.18 	1.95 	
2.29 	2.57 	
1.96 	2.19 	
1.79 	2.08 	
2.17 	2.04 	
2.35 	2.16 	
2.14 	1.92 	
2.09 	1.79 	
2.12 	2.13 	
2.17 	2.05 	
1.99 	2.29 	
1.96 	2.46 	
2.01 	2.61 	
2.19 	2.21 	
2.24 	2.34 	
2.02 	2.57 	
2.22 	2.38 	
2.02 	2.40 	
2.10 	2.41 	
2.22 	2.49 	
2.03 	1.79 	
2.16 	2.08 	
2.20 	2.35 	
2.20 	2.03 	
2.09 	1.91 	
2.22 	1.59 	
2.10 	1.85 	
2.15 	2.05 	
2.15 	2.08 	
2.15 	2.38 	
2.13 	1.90 	
2.29 	2.10 	
2.10 	2.10 	
2.02 	1.92 	
2.05 	1.97 	
2.11 	2.18 	
2.26 	2.30 	
1.90 	2.01 	
2.12 	2.13 	
2.33 	1.78 	
2.07 	2.00 	
2.14 	1.79 	
2.34 	1.85 	
2.26 	2.11 	
2.20 	2.20 	
2.05 	1.56 	
2.05 	1.86 	
2.42 	1.74 	
2.19 	1.81 	
2.20 	1.94 	
2.47 	1.45 	
2.27 	1.80 	
2.34 	1.34 	
2.39 	1.66 	
2.29 	1.63 	
2.26 	1.70 	
2.17 	1.67 	
2.12 	1.56 	
2.29 	1.89 	
2.02 	1.98 	
2.25 	1.50 	
2.49 	1.78 	
1.96 	1.77 	
2.27 	1.56 	
1.93 	2.03 	
2.02 	1.81 	
2.25 	1.66 	
2.21 	2.23 	
2.59 	1.70 	
2.52 	2.26 	
2.83 	1.61 	
2.56 	1.67 	
2.93 	1.73 	
2.89 	1.56 	
2.38 	1.86 	
2.63 	1.77 	
2.54 	1.65 	
2.39 	1.77 	
2.69 	1.56 	
2.78 	2.20 	
2.61 	2.10 	
2.32 	2.42 	
2.32 	2.07 	
2.43 	2.09 	
2.37 	2.32 	
2.60 	2.20 	
2.53 	1.78 	
2.31 	2.12 	
2.68 	2.02 	
2.71 	2.35 	
2.02 	3.05 	
2.46 	2.26 	
2.42 	2.22 	
1.99 	1.99 	
1.89 	2.11 	
2.31 	1.90 	
2.69 	2.00 	
2.48 	1.86 	
2.49 	1.80 	
2.31 	1.52 	
2.43 	1.91 	
2.06 	1.95 	
1.86 	1.82 	
2.25 	2.19 	
2.12 	1.64 	
1.99 	1.67 	
2.27 	1.62 	
2.30 	1.67 	
1.97 	1.85 	
2.56 	1.95 	
2.37 	2.13 	
2.51 	2.00 	
2.27 	1.94 	
2.14 	1.83 	
2.21 	2.19 	
2.34 	2.19 	
1.98 	2.24 	
2.12 	1.96 	
2.04 	1.97 	
2.32 	1.95 	
2.39 	1.64 	
2.29 	2.28 	
2.15 	2.65 	
2.36 	2.11 	
2.35 	2.24 	
2.45 	1.96 	
2.42 	1.57 	
2.31 	2.01 	
2.48 	1.93 	
2.50 	1.92 	
2.39 	2.12 	
2.11 	2.06 	
2.13 	2.00 	
2.50 	1.58 	
2.25 	1.98 	
2.29 	1.74 	
2.26 	1.89 	
2.34 	2.23 	
2.38 	1.87 	
2.27 	2.05 	
2.47 	1.94 	
2.22 	1.79 	
2.28 	1.81 	
2.40 	1.73 	
2.28 	1.94 	
2.11 	2.20 	
2.26 	2.10 	
2.44 	2.29 	
2.37 	1.75 	
2.58 	1.84 	
2.30 	2.30 	
2.20 	2.20 	
2.23 	2.58 	
2.24 	2.05 	
2.32 	2.48 	
2.47 	3.06 	
2.55 	2.26 	
2.62 	2.09 	
2.02 	1.77 	
2.52 	2.06 	
2.37 	2.47 	
2.30 	2.37 	
2.39 	2.42 	
2.57 	2.17 	
2.56 	2.05 	
2.43 	2.14 	
2.36 	1.99 	
2.37 	2.48 	
2.32 	2.34 	
2.34 	2.18 	
2.33 	2.03 	
2.11 	2.02 	
2.41 	2.24 	
2.76 	2.72 	
2.28 	2.87 	
2.12 	2.35 	
2.24 	2.78 	
2.45 	1.97 	
2.50 	2.42 	
2.24 	2.11 	
2.51 	1.87 	
2.08 	2.02 	
2.31 	2.24 	
2.31 	2.07 	
2.39 	2.20 	
2.36 	2.11 	
2.15 	2.50 	
2.61 	2.91 	
2.26 	3.10 	
2.35 	2.64 	
2.10 	3.21 	
2.13 	3.00 	
2.65 	2.64 	
2.47 	3.13 	
2.26 	2.68 	
2.50 	2.88 	
2.27 	3.05 	
2.23 	2.85 	
2.97 	2.37 	
2.64 	2.77 	
2.40 	2.59 	
2.41 	2.71 	
2.39 	3.35 	
2.61 	2.86 	
2.55 	2.87 	
2.34 	2.25 	
2.38 	2.79 	
2.48 	2.52 	
2.45 	3.07 	
2.68 	2.48 	
2.69 	2.23 	
2.46 	2.66 	
2.80 	2.35 	
2.60 	2.38 	
2.68 	2.12 	
2.74 	2.13 	
2.66 	2.12 	
2.92 	1.99 	
2.72 	2.31 	
2.50 	2.04 	
2.58 	2.30 	
2.60 	2.43 	
2.72 	2.07 	
2.31 	2.68 	
2.46 	2.37 	
2.36 	2.27 	
2.20 	2.29 	
2.37 	2.26 	
2.52 	2.28 	
2.52 	2.19 	
2.25 	2.27 	
2.16 	2.95 	
2.52 	2.57 	
2.12 	2.35 	
2.59 	2.49 	
2.07 	1.68 	
2.17 	2.18 	
2.21 	2.29 	
2.19 	2.24 	
2.38 	2.06 	
2.53 	2.27 	
2.47 	2.05 	
2.15 	2.20 	
2.31 	1.74 	
2.36 	2.28 	
2.54 	2.46 	
2.47 	2.14 	
2.19 	1.99 	
2.47 	2.31 	
2.44 	2.06 	
2.42 	2.23 	
2.29 	2.24 	
2.24 	2.15 	
2.29 	2.35 	
2.12 	2.10 	
2.43 	1.56 	
2.14 	1.81 	
1.88 	1.64 	
2.68 	1.75 	
2.47 	1.69 	
2.63 	1.91 	
2.36 	1.70 	
2.52 	1.61 	
2.55 	1.90 	
2.57 	1.89 	
2.77 	1.67 	
2.02 	1.43 	
2.38 	1.70 	
2.56 	1.65 	
2.64 	1.67 	
2.58 	1.75 	
2.34 	2.02 	
2.61 	1.48 	
2.48 	1.63 	
2.47 	1.67 	
2.31 	1.55 	
2.39 	1.57 	
2.40 	1.54 	
2.37 	1.73 	
2.50 	1.61 	
2.72 	1.67 	
2.62 	1.87 	
2.82 	1.79 	
2.43 	1.01 	
2.65 	1.68 	
2.59 	1.93 	
2.80 	1.73 	
2.47 	1.56 	
2.69 	1.61 	
2.58 	1.62 	
2.66 	1.68 	
2.42 	1.27 	
2.54 	1.28 	
2.90 	1.19 	
2.92 	0.97 	
2.72 	1.15 	
2.58 	1.33 	
2.76 	1.40 	
2.27 	1.56 	
2.41 	1.41 	
2.50 	1.31 	
2.66 	1.52 	
2.41 	1.49 	
2.55 	1.37 	
2.47 	1.17 	
2.53 	1.72 	
2.51 	1.46 	
2.48 	1.67 	
2.23 	1.34 	
2.43 	1.78 	
2.24 	1.63 	
2.10 	1.51 	
2.06 	1.38 	
2.22 	1.52 	
2.17 	1.06 	
2.07 	1.48 	
2.35 	1.47 	
2.32 	1.15 	
2.23 	1.54 	
2.16 	1.13 	
2.00 	1.25 	
2.42 	1.26 	
2.28 	1.28 	
2.35 	1.49 	
2.28 	1.24 	
2.36 	1.66 	
2.50 	1.26 	
2.21 	1.25 	
2.43 	1.27 	
2.51 	1.00 	
2.52 	0.99 	
2.71 	1.13 	
2.24 	1.55 	
2.67 	1.04 	
2.66 	1.38 	
2.24 	1.58 	
2.41 	1.63 	
2.50 	1.52 	
2.28 	1.76 	
2.13 	1.74 	
2.13 	1.04 	
2.09 	1.56 	
2.54 	1.11 	
2.46 	1.47 	
2.25 	1.38 	
2.60 	1.20 	
2.17 	1.71 	
2.55 	1.15 	
2.33 	1.55 	
2.14 	1.34 	
2.71 	1.68 	
2.29 	1.36 	
2.06 	1.41 	
2.39 	1.71 	
2.65 	1.11 	
2.62 	1.57 	
2.49 	1.58 	
2.52 	1.68 	
2.64 	1.67 	
2.24 	1.74 	
2.42 	1.47 	
2.69 	1.51 	
2.56 	1.76 	
2.69 	1.34 	
2.30 	1.40 	
2.50 	2.06 	
1.97 	1.90 	
2.16 	2.38 	
2.46 	2.19 	
2.42 	1.83 	
2.29 	2.07 	
2.25 	1.69 	
2.18 	1.25 	
2.55 	1.69 	
2.61 	1.65 	
2.34 	1.73 	
2.43 	1.45 	
2.55 	1.34 	
2.40 	1.21 	
2.51 	1.20 	
2.42 	1.39 	
2.35 	1.80 	
2.41 	1.53 	
2.53 	1.81 	
2.42 	1.50 	
2.54 	1.78 	
2.51 	1.61 	
2.43 	1.52 	
2.32 	1.70 	
2.23 	1.91 	
2.03 	1.71 	
2.20 	1.79 	
2.40 	1.54 	
2.31 	1.87 	
2.20 	1.85 	
2.19 	1.93 	
2.59 	1.73 	
2.06 	2.20 	
1.97 	1.36 	
2.28 	1.62 	
2.15 	1.94 	
2.09 	1.93 	
1.78 	2.03 	
2.14 	1.92 	
1.93 	2.00 	
2.19 	2.24 	
2.11 	2.22 	
2.15 	2.16 	
2.12 	1.71 	
2.19 	1.87 	
2.14 	1.97 	
2.10 	2.05 	
2.17 	1.38 	
2.50 	2.25 	
2.42 	2.43 	
2.21 	2.50 	
2.34 	2.28 	
2.13 	1.79 	
2.02 	2.25 	
1.89 	1.37 	
2.26 	2.16 	
2.05 	1.89 	
2.20 	2.02 	
2.29 	2.30 	
2.12 	2.25 	
1.85 	1.50 	
2.15 	1.47 	
2.27 	2.11 	
1.91 	2.11 	
2.03 	2.17 	
2.06 	2.13 	
2.71 	3.10 	
2.11 	2.38 	
2.07 	2.65 	
2.37 	2.05 	
2.07 	2.74 	
2.11 	3.04 	
2.00 	2.53 	
2.00 	2.33 	
2.12 	1.05 	
1.85 	1.28 	
2.23 	1.28 	
1.98 	1.53 	
2.27 	1.13 	
2.10 	1.24 	
1.95 	1.24 	
2.34 	1.25 	
2.22 	1.78 	
2.25 	2.22 	
2.37 	1.71 	
2.01 	1.86 	
1.85 	1.70 	
2.34 	1.86 	
2.05 	1.33 	
2.21 	1.84 	
2.26 	1.76 	
2.04 	1.65 	
2.10 	1.14 	
2.01 	1.58 	
1.98 	1.37 	
2.14 	1.53 	
2.14 	1.55 	
2.43 	1.84 	
2.22 	1.67 	
1.83 	1.14 	
1.95 	1.09 	
2.20 	1.20 	
2.45 	1.43 	
2.17 	1.27 	
2.26 	1.34 	
2.17 	2.01 	
2.35 	1.04 	
2.23 	1.72 	
2.10 	1.63 	
2.41 	1.49 	
1.85 	0.66 	
2.51 	1.54 	
2.26 	1.47 	
1.89 	1.53 	
2.27 	1.55 	
2.07 	0.85 	
1.88 	2.26 	
2.13 	1.71 	
2.11 	2.04 	
2.54 	2.20 	
2.62 	1.82 	
2.89 	2.24 	
2.60 	1.95 	
2.54 	2.07 	
2.57 	1.86 	
2.57 	1.55 	
2.55 	1.67 	
2.03 	1.47 	
2.62 	1.29 	
2.57 	1.52 	
2.46 	1.54 	
2.70 	1.50 	
2.81 	1.80 	
2.34 	1.85 	
2.41 	1.91 	
2.38 	2.03 	
2.70 	1.60 	
2.23 	1.92 	
2.39 	1.47 	
2.49 	1.57 	
2.28 	1.53 	
2.50 	2.02 	
2.20 	1.89 	
2.48 	1.74 	
2.78 	0.83 	
2.61 	1.37 	
2.39 	1.56 	
2.78 	1.68 	
2.48 	1.76 	
2.41 	1.83 	
2.62 	1.60 	
2.70 	1.64 	
2.49 	1.62 	
2.44 	1.67 	
2.46 	1.77 	
2.29 	1.68 	
2.45 	1.76 	
2.41 	1.76 	
2.65 	1.76 	
2.46 	1.77 	
2.45 	1.71 	
2.39 	1.97 	
2.68 	1.95 	
2.33 	1.94 	
2.34 	1.65 	
2.57 	1.65 	
2.80 	1.60 	
2.56 	1.53 	
2.40 	1.73 	
2.71 	1.45 	
2.23 	1.51 	
2.62 	1.75 	
2.26 	1.75 	
2.73 	1.70 	
2.25 	1.82 	
2.56 	1.79 	
2.36 	1.57 	
2.42 	1.84 	
2.37 	1.66 	
2.23 	1.94 	
2.62 	1.52 	
2.56 	1.72 	
2.51 	1.46 	
2.76 	1.64 	
2.58 	1.60 	
2.29 	1.62 	
2.44 	1.49 	
3.03 	1.71 	
2.55 	1.57 	
2.49 	1.50 	
2.49 	1.86 	
2.21 	2.03 	
2.05 	1.75 	
2.44 	1.63 	
2.47 	1.87 	
2.75 	1.76 	
2.71 	1.77 	
2.41 	1.76 	
2.78 	1.81 	
2.73 	1.54 	
2.20 	1.24 	
2.33 	1.58 	
2.40 	1.75 	
2.54 	1.55 	
2.61 	1.44 	
2.38 	2.09 	
2.60 	1.63 	
2.34 	1.58 	
2.39 	1.63 	
2.64 	1.83 	
2.41 	1.85 	
2.55 	1.57 	
2.60 	1.52 	
2.64 	1.61 	
2.39 	2.00 	
2.60 	1.89 	
2.35 	1.92 	
2.54 	2.20 	
2.49 	1.91 	
2.49 	1.72 	
2.69 	1.48 	
2.66 	1.59 	
2.80 	1.08 	
2.42 	1.40 	
2.43 	1.48 	
2.27 	1.35 	
2.56 	2.02 	
2.46 	1.31 	
2.55 	1.92 	
2.53 	2.06 	
2.58 	2.51 	
2.47 	2.15 	
2.43 	2.11 	
2.57 	1.88 	
2.42 	2.05 	
2.63 	1.99 	
2.63 	1.89 	
2.50 	2.11 	
2.54 	1.97 	
2.31 	1.93 	
2.35 	2.06 	
2.34 	1.27 	
2.61 	1.76 	
2.11 	1.76 	
2.43 	1.53 	
2.88 	1.57 	
2.69 	1.49 	
2.52 	1.89 	
2.38 	1.66 	
2.37 	2.61 	
2.36 	1.88 	
2.37 	1.98 	
2.44 	2.01 	
2.24 	2.25 	
2.69 	1.83 	
2.56 	1.82 	
2.78 	2.18 	
2.38 	1.64 	
2.70 	1.36 	
2.70 	1.37 	
2.73 	1.55 	
2.24 	1.46 	
2.50 	2.09 	
2.64 	1.70 	
2.47 	1.52 	
2.80 	1.52 	
2.58 	1.72 	
2.46 	1.48 	
2.50 	1.82 	
2.33 	1.11 	
2.38 	1.02 	
2.75 	1.39 	
2.56 	1.47 	
2.39 	1.55 	
1.98 	1.71 	
2.41 	1.60 	
2.64 	1.52 	
2.44 	1.64 	
2.68 	1.93 	
2.63 	1.54 	
2.71 	1.35 	
2.46 	1.29 	
2.39 	1.38 	
2.27 	1.26 	
2.52 	1.25 	
2.52 	1.67 	
2.66 	1.59 	
2.45 	1.63 	
2.83 	1.77 	
2.47 	1.15 	
2.64 	1.55 	
2.56 	1.41 	
2.42 	1.54 	
2.53 	1.50 	
2.45 	1.12 	
2.51 	1.23 	
2.53 	1.50 	
2.39 	1.21 	
2.52 	1.50 	
2.31 	1.38 	
2.45 	1.36 	
2.38 	1.49 	
2.54 	1.72 	
2.52 	1.25 	
2.36 	1.47 	
2.43 	1.43 	
2.23 	1.39 	
2.42 	1.47 	
2.48 	1.23 	
2.48 	1.53 	
2.52 	1.53 	
2.59 	1.41 	
2.36 	1.75 	
2.29 	1.41 	
2.45 	1.39 	
2.39 	1.40 	
2.40 	1.46 	
2.43 	1.45 	
2.38 	1.40 	
2.67 	1.41 	
2.56 	1.37 	
2.35 	1.18 	
2.51 	1.33 	
2.60 	1.27 	
2.61 	1.22 	
2.17 	1.41 	
2.54 	1.48 	
2.53 	1.50 	
2.24 	1.30 	
2.16 	1.62 	
2.36 	1.21 	
2.45 	1.46 	
2.75 	1.81 	
2.52 	1.16 	
2.44 	1.26 	
2.56 	1.61 	
2.52 	1.58 	
2.55 	1.40 	
2.08 	1.58 	
2.32 	1.47 	
2.32 	1.77 	
2.34 	1.40 	
2.51 	1.40 	
2.77 	1.66 	
2.39 	1.72 	
2.26 	1.42 	
2.33 	1.26 	
2.33 	1.40 	
2.30 	1.57 	
2.58 	1.15 	
2.04 	1.02 	
2.52 	1.08 	
2.33 	0.88 	
2.11 	0.93 	
2.25 	1.02 	
2.74 	0.90 	
2.63 	0.91 	
2.56 	0.89 	
2.54 	0.74 	
2.24 	0.77 	
2.50 	0.71 	
2.57 	1.19 	
2.41 	1.56 	
2.40 	1.73 	
2.47 	1.45 	
2.34 	1.35 	
2.49 	1.47 	
2.47 	1.61 	
2.38 	1.26 	
1.92 	0.98 	
2.09 	1.16 	
2.32 	1.54 	
2.40 	1.00 	
2.41 	1.21 	
2.42 	1.26 	
2.65 	1.47 	
2.36 	1.39 	
2.57 	1.14 	
2.09 	0.66 	
2.40 	1.52 	
2.03 	0.74 	
2.10 	1.07 	
2.25 	1.12 	
2.25 	1.38 	
2.20 	1.26 	
2.42 	1.40 	
2.83 	1.24 	
2.28 	0.95 	
2.07 	1.38 	
2.26 	1.27 	
2.17 	1.70 	
2.02 	0.96 	
2.15 	0.90 	
2.36 	1.24 	
2.77 	1.28 	
2.31 	1.34 	
2.22 	1.18 	
2.13 	1.05 	
2.49 	1.51 	
1.88 	1.32 	
2.22 	1.12 	
2.70 	1.12 	
2.52 	1.08 	
2.19 	1.27 	
2.17 	1.39 	
2.53 	1.58 	
2.51 	0.83 	
2.39 	0.80 	
2.27 	1.27 	
2.18 	1.01 	
1.98 	1.01 	
2.47 	1.23 	
2.30 	1.17 	
2.34 	1.06 	
2.25 	1.55 	
2.46 	1.44 	
2.46 	1.53 	
2.09 	1.34 	
2.08 	1.37 	
1.94 	1.26 	
2.27 	1.26 	
2.00 	1.46 	
1.90 	1.45 	
2.06 	1.68 	
2.04 	1.20 	
1.96 	1.78 	
1.90 	1.50 	
2.16 	1.40 	
2.60 	1.48 	
2.70 	1.41 	
2.06 	1.72 	
2.88 	1.40 	
2.46 	1.79 	
2.31 	1.50 	
2.12 	1.67 	
2.72 	1.34 	
2.59 	1.16 	
2.45 	1.28 	
2.37 	0.85 	
2.49 	0.70 	
2.59 	1.10 	
2.30 	0.99 	
2.39 	1.25 	
2.41 	1.36 	
2.08 	1.27 	
2.42 	1.40 	
1.91 	0.88 	
2.32 	0.92 	
2.44 	0.94 	
2.69 	0.93 	
2.28 	1.29 	
2.23 	0.98 	
2.50 	0.96 	
2.49 	1.37 	
2.51 	0.94 	
2.48 	0.99 	
2.64 	1.28 	
2.61 	0.96 	
2.64 	1.02 	
2.11 	1.47 	
1.94 	1.34 	
2.09 	0.87 	
1.99 	0.92 	
2.28 	1.23 	
2.04 	0.94 	
2.36 	0.94 	
2.25 	0.93 	
2.47 	1.00 	
2.22 	1.46 	
2.30 	1.53 	
2.21 	1.34 	
2.56 	1.21 	
1.98 	1.40 	
2.37 	1.28 	
2.22 	1.01 	
2.35 	1.34 	
2.30 	1.01 	
2.29 	1.31 	
2.39 	1.32 	
2.21 	1.78 	
2.69 	1.39 	
2.10 	1.85 	
2.53 	1.10 	
2.19 	0.92 	
2.45 	0.96 	
2.12 	1.22 	
2.04 	1.09 	
2.46 	1.40 	
2.57 	1.66 	
2.26 	1.34 	
2.34 	1.20 	
2.56 	1.35 	
2.36 	1.13 	
2.08 	1.16 	
2.34 	0.96 	
2.13 	0.91 	
2.36 	0.90 	
1.97 	0.57 	
2.60 	0.66 	
2.36 	0.80 	
2.25 	0.82 	
2.10 	0.89 	
2.93 	0.98 	
2.21 	1.42 	
2.19 	1.00 	
2.32 	0.98 	
2.57 	1.13 	
2.78 	0.97 	
2.49 	0.96 	
2.60 	1.13 	
2.55 	1.27 	
2.32 	1.10 	
2.24 	1.13 	
1.86 	1.12 	
2.47 	1.02 	
2.30 	1.34 	
2.44 	1.19 	
1.99 	1.38 	
2.41 	1.42 	
2.44 	1.48 	
2.12 	1.49 	
1.79 	1.51 	
1.86 	1.90 	
1.95 	1.33 	
1.85 	1.40 	
2.01 	1.30 	
1.87 	1.22 	
1.90 	1.00 	
2.02 	1.19 	
1.97 	0.94 	
1.83 	1.58 	
2.27 	1.20 	
2.74 	1.46 	
2.26 	1.25 	
2.08 	1.70 	
2.33 	1.26 	
2.30 	1.05 	
2.12 	1.01 	
2.55 	1.23 	
2.50 	0.64 	
2.52 	1.14 	
2.23 	0.91 	
2.33 	1.04 	
2.21 	1.14 	
1.93 	0.97 	
1.90 	1.12 	
2.21 	0.80 	
2.15 	0.71 	
2.11 	0.84 	
2.13 	1.15 	
1.97 	1.40 	
2.29 	1.44 	
2.19 	1.58 	
2.18 	1.04 	
2.55 	1.15 	
2.36 	1.03 	
2.33 	1.75 	
2.49 	1.82 	
2.36 	1.74 	
2.36 	1.66 	
2.40 	1.51 	
2.53 	1.74 	
2.32 	0.81 	
2.49 	1.71 	
2.16 	1.69 	
2.68 	1.54 	
2.23 	1.40 	
2.09 	1.68 	
2.07 	1.64 	
2.49 	1.42 	
2.38 	1.68 	
2.33 	1.70 	
2.55 	1.00 	
2.60 	1.53 	
2.49 	1.12 	
2.62 	0.87 	
2.32 	1.33 	
2.33 	1.19 	
2.12 	1.07 	
2.34 	1.72 	
2.57 	1.74 	
2.54 	1.46 	
2.25 	1.58 	
2.36 	1.50 	
2.69 	0.94 	
2.63 	0.97 	
2.42 	1.73 	
2.23 	1.42 	
2.57 	1.16 	
2.81 	1.03 	
2.58 	1.01 	
2.31 	0.71 	
2.11 	1.07 	
2.44 	1.44 	
2.15 	1.03 	
2.36 	1.37 	
2.57 	1.27 	
2.25 	1.41 	
2.73 	1.43 	
2.17 	1.22 	
2.63 	1.46 	
2.47 	1.30 	
2.61 	1.52 	
2.72 	1.61 	
2.25 	1.62 	
2.37 	1.88 	
2.21 	1.46 	
2.54 	0.90 	
2.63 	2.32 	
2.58 	2.27 	
2.44 	2.03 	
2.16 	2.27 	
1.99 	3.08 	
2.52 	2.34 	
2.50 	2.17 	
2.11 	2.20 	
2.60 	2.34 	
2.75 	1.86 	
2.48 	1.55 	
1.91 	1.51 	
2.04 	1.28 	
2.72 	1.33 	
2.15 	0.98 	
2.58 	1.25 	
2.28 	1.26 	
2.22 	0.98 	
2.20 	1.05 	
2.23 	1.19 	
2.45 	1.20 	
2.18 	1.40 	
2.57 	1.42 	
2.26 	0.92 	
2.61 	1.36 	
2.53 	0.92 	
2.37 	1.40 	
2.34 	1.09 	
2.11 	1.10 	
2.57 	1.27 	
2.12 	1.14 	
2.28 	1.12 	
2.50 	1.30 	
2.52 	1.08 	
1.99 	1.19 	
2.11 	1.42 	
2.57 	1.11 	
2.20 	1.32 	
2.29 	1.21 	
2.41 	1.24 	
2.36 	1.43 	
2.26 	0.83 	
2.43 	1.18 	
2.39 	1.46 	
2.55 	1.01 	
2.39 	1.36 	
2.72 	1.71 	
2.11 	0.84 	
2.36 	1.06 	
2.50 	1.54 	
2.40 	1.54 	
2.57 	1.72 	
2.79 	1.16 	
2.33 	1.10 	
2.27 	1.09 	
2.48 	1.15 	
2.56 	1.05 	
2.35 	1.08 	
2.41 	0.93 	
2.12 	0.97 	
2.30 	0.99 	
2.40 	0.91 	
2.22 	1.24 	
1.96 	1.82 	
2.16 	0.97 	
2.38 	0.85 	
2.49 	0.97 	
2.75 	1.46 	
2.32 	1.42 	
2.19 	1.27 	
2.57 	1.38 	
2.22 	1.16 	
2.44 	1.28 	
2.15 	0.94 	
2.20 	1.47 	
2.36 	1.44 	
2.35 	1.34 	
2.09 	1.89 	
2.31 	2.02 	
2.14 	1.54 	
2.26 	1.14 	
2.28 	1.60 	
2.29 	1.24 	
2.19 	1.56 	
2.11 	1.17 	
2.43 	1.38 	
2.40 	1.43 	
2.42 	0.79 	
2.31 	0.92 	
2.39 	0.75 	
2.25 	0.91 	
2.40 	1.01 	
2.24 	0.93 	
2.40 	1.01 	
2.46 	0.91 	
2.62 	1.08 	
2.40 	0.99 	
2.32 	0.93 	
2.06 	1.12 	
2.28 	1.01 	
2.07 	0.99 	
2.49 	1.08 	
2.25 	1.04 	
2.36 	1.02 	
2.18 	1.08 	
2.24 	1.05 	
1.98 	1.12 	
2.30 	1.08 	
2.25 	0.95 	
2.38 	0.86 	
2.31 	0.75 	
2.12 	0.72 	
2.23 	0.86 	
2.40 	0.95 	
2.38 	0.71 	
2.33 	0.69 	
2.40 	0.97 	
2.43 	0.78 	
2.21 	1.05 	
2.34 	0.93 	
2.75 	1.11 	
2.40 	0.68 	
2.70 	1.29 	
2.32 	1.00 	
2.43 	1.20 	
2.64 	0.90 	
2.58 	0.98 	
2.49 	0.99 	
2.20 	0.93 	
2.25 	1.63 	
2.65 	1.22 	
2.57 	0.99 	
2.21 	1.24 	
2.24 	1.48 	
2.53 	1.45 	
2.43 	1.25 	
2.22 	1.02 	
2.36 	1.15 	
2.40 	1.14 	
2.18 	0.99 	
2.41 	0.88 	
2.36 	0.78 	
2.31 	1.03 	
2.26 	1.27 	
2.36 	0.82 	
2.40 	1.36 	
2.03 	0.64 	
2.32 	0.60 	
1.93 	1.14 	
2.17 	0.79 	
2.34 	0.69 	
1.92 	0.73 	
2.14 	1.09 	
1.97 	1.00 	
1.86 	0.84 	
1.80 	1.05 	
1.94 	0.77 	
2.42 	1.03 	
2.33 	0.73 	
1.78 	1.01 	
2.14 	0.80 	
1.89 	0.81 	
1.68 	0.93 	
2.24 	0.78 	
2.31 	0.77 	
2.09 	1.07 	
2.22 	1.04 	
2.04 	0.95 	
2.08 	0.96 	
1.60 	0.98 	
1.73 	0.96 	
1.89 	0.95 	
1.91 	0.90 	
1.91 	0.91 	
1.36 	0.87 	
2.09 	1.21 	
2.18 	1.30 	
2.32 	0.89 	
2.55 	1.12 	
2.37 	1.21 	
2.71 	0.99 	
2.31 	0.79 	
2.64 	0.78 	
1.85 	1.00 	
2.20 	0.66 	
2.48 	0.86 	
2.54 	1.08 	
2.28 	1.06 	
2.45 	1.54 	
2.51 	1.26 	
2.73 	1.44 	
2.62 	1.16 	
2.57 	1.32 	
2.20 	1.07 	
2.60 	1.52 	
2.24 	1.76 	
2.57 	1.89 	
2.39 	1.84 	
2.57 	1.40 	
2.48 	1.13 	
2.58 	0.99 	
2.41 	1.08 	
2.03 	1.40 	
2.52 	1.07 	
2.56 	1.47 	
2.48 	1.33 	
2.46 	1.73 	
2.40 	2.10 	
2.45 	1.72 	
2.47 	1.89 	
2.48 	2.32 	
2.36 	2.56 	
2.41 	2.54 	
2.51 	1.98 	
2.69 	2.42 	
2.49 	1.80 	
2.40 	1.13 	
2.29 	1.95 	
2.76 	2.13 	
2.62 	2.50 	
2.17 	2.22 	
2.01 	1.72 	
2.41 	0.78 	
1.93 	1.15 	
2.37 	1.32 	
2.52 	1.53 	
2.45 	1.12 	
2.33 	0.89 	
2.52 	1.10 	
2.28 	1.17 	
2.22 	1.20 	
2.34 	1.09 	
2.42 	1.50 	
2.62 	1.48 	
2.48 	1.93 	
2.16 	1.56 	
2.24 	1.78 	
2.25 	1.25 	
2.19 	1.35 	
2.12 	1.35 	
1.91 	1.24 	
1.65 	1.10 	
2.15 	1.42 	
2.03 	1.44 	
1.62 	1.26 	
1.70 	1.30 	
1.79 	2.01 	
2.37 	1.64 	
1.96 	1.44 	
1.74 	1.27 	
1.97 	1.39 	
2.01 	1.46 	
1.70 	1.57 	
2.01 	1.05 	
2.15 	1.44 	
1.88 	1.23 	
1.75 	1.19 	
1.93 	0.92 	
1.89 	1.36 	
2.08 	1.15 	
1.79 	1.13 	
1.57 	1.06 	
1.80 	1.17 	
2.05 	1.13 	
2.19 	1.56 	
1.98 	1.07 	
2.10 	1.15 	
1.97 	1.39 	
2.13 	0.90 	
2.02 	1.09 	
1.99 	1.11 	
2.03 	0.95 	
1.87 	1.77 	
1.86 	0.99 	
2.19 	1.07 	
2.07 	1.10 	
2.24 	1.16 	
2.04 	1.21 	
2.16 	0.96 	
2.07 	1.13 	
1.94 	1.22 	
2.05 	0.99 	
1.97 	0.82 	
2.38 	1.00 	
2.08 	0.94 	
2.50 	1.00 	
2.31 	1.16 	
2.13 	1.15 	
2.08 	1.13 	
2.09 	1.26 	
1.92 	1.19 	
2.05 	1.16 	
2.00 	0.92 	
2.04 	0.83 	
1.95 	1.00 	
2.06 	1.12 	
2.35 	1.21 	
2.07 	1.09 	
2.37 	1.29 	
2.35 	1.00 	
1.98 	1.05 	
2.25 	0.91 	
2.17 	0.94 	
2.03 	1.48 	
1.62 	2.04 	
2.16 	1.23 	
1.82 	1.16 	
1.93 	1.25 	
1.85 	1.16 	
1.99 	1.18 	
1.98 	1.04 	
2.15 	1.31 	
2.23 	1.16 	
1.77 	1.10 	
1.87 	1.19 	
2.10 	1.33 	
1.91 	1.59 	
1.98 	1.04 	
1.83 	1.13 	
2.10 	1.22 	
2.03 	0.89 	
2.08 	1.24 	
2.06 	0.99 	
2.03 	1.10 	
2.06 	1.10 	
1.98 	1.19 	
2.19 	1.10 	
2.05 	1.09 	
2.15 	0.97 	
1.77 	1.24 	
2.07 	1.26 	
1.98 	1.53 	
2.00 	1.23 	
2.03 	1.06 	
1.89 	1.05 	
2.11 	1.20 	
2.08 	1.06 	
1.88 	1.06 	
1.96 	1.06 	
1.86 	1.01 	
1.95 	0.89 	
2.47 	1.27 	
1.81 	1.29 	
1.82 	1.19 	
2.03 	1.04 	
1.97 	1.04 	
1.72 	1.17 	
2.32 	1.15 	
2.40 	1.02 	
1.93 	0.82 	
1.91 	1.09 	
1.78 	1.13 	
1.99 	1.31 	
2.01 	0.84 	
1.82 	0.82 	
1.91 	0.94 	
2.06 	0.90 	
2.30 	0.78 	
2.04 	0.93 	
1.93 	0.88 	
1.74 	0.88 	
1.92 	0.92 	
2.03 	0.90 	
1.59 	0.86 	
1.90 	0.85 	
1.80 	0.86 	
2.11 	0.94 	
1.64 	1.08 	
1.99 	1.08 	
1.96 	0.97 	
2.02 	1.16 	
2.07 	1.16 	
2.73 	1.17 	
2.12 	0.82 	
2.32 	0.99 	
2.67 	1.29 	
2.72 	0.86 	
2.60 	0.92 	
2.46 	0.96 	
2.40 	1.02 	
2.37 	0.74 	
2.61 	0.99 	
2.18 	0.74 	
2.59 	0.99 	
2.62 	0.66 	
2.55 	0.85 	
2.53 	0.87 	
2.50 	0.96 	
2.48 	0.90 	
2.26 	0.79 	
2.36 	0.91 	
2.22 	0.95 	
2.49 	0.81 	
2.16 	0.91 	
2.39 	1.06 	
2.37 	0.74 	
2.41 	0.94 	
2.32 	1.00 	
2.01 	0.92 	
2.30 	1.00 	
2.49 	1.03 	
2.37 	1.01 	
2.40 	0.93 	
2.24 	0.97 	
2.16 	0.85 	
2.31 	1.01 	
2.34 	0.86 	
2.41 	0.95 	
2.33 	0.94 	
2.21 	0.85 	
2.48 	0.86 	
2.44 	0.97 	
2.00 	1.04 	
2.51 	0.94 	
2.53 	1.38 	
2.46 	1.26 	
2.41 	0.84 	
2.32 	1.03 	
2.27 	1.06 	
2.23 	1.16 	
2.22 	0.99 	
2.25 	0.78 	
2.47 	0.73 	
2.33 	0.90 	
2.25 	0.84 	
2.38 	0.89 	
2.32 	0.84 	
2.23 	0.78 	
2.19 	1.01 	
2.20 	0.95 	
1.98 	0.85 	
2.54 	0.90 	
2.59 	0.95 	
2.55 	0.76 	
2.65 	0.77 	
2.40 	0.85 	
2.22 	1.06 	
2.43 	0.63 	
2.43 	0.90 	
2.61 	0.95 	
2.68 	0.93 	
2.46 	0.79 	
2.31 	0.77 	
2.33 	0.83 	
2.39 	0.76 	
2.15 	0.95 	
2.44 	0.88 	
2.26 	0.79 	
2.54 	0.82 	
2.29 	0.88 	
2.35 	0.85 	
2.75 	0.81 	
2.50 	0.89 	
2.49 	0.80 	
2.72 	0.96 	
2.60 	0.89 	
2.43 	0.83 	
2.46 	0.86 	
2.35 	0.90 	
2.26 	0.90 	
2.37 	0.89 	
2.65 	0.85 	
2.31 	0.88 	
2.40 	0.90 	
2.65 	0.77 	
2.41 	0.87 	
2.37 	0.89 	
2.37 	0.86 	
2.35 	0.84 	
2.68 	0.84 	
2.66 	0.85 	
2.50 	0.85 	
2.71 	0.79 	
2.54 	0.88 	
2.33 	0.80 	
2.62 	0.83 	
2.56 	0.92 	
2.67 	0.83 	
2.67 	0.78 	
2.38 	0.79 	
2.45 	0.89 	
2.46 	0.91 	
2.31 	0.80 	
2.38 	0.83 	
2.54 	0.87 	
2.30 	0.90 	
2.43 	0.85 	
2.30 	0.81 	
2.54 	0.95 	
2.42 	0.80 	
2.75 	0.85 	
2.46 	0.87 	
2.33 	0.99 	
2.41 	0.88 	
2.62 	0.84 	
2.37 	0.93 	
2.34 	0.92 	
2.22 	0.91 	
2.57 	0.80 	
2.16 	0.78 	
2.17 	0.83 	
2.29 	0.91 	
2.26 	0.83 	
2.08 	0.74 	
2.08 	0.91 	
2.14 	0.83 	
2.39 	0.88 	
2.18 	0.77 	
2.40 	0.78 	
1.92 	0.89 	
2.02 	0.85 	
2.14 	0.87 	
2.31 	0.82 	
2.24 	0.84 	
2.01 	0.90 	
2.16 	0.81 	
2.27 	0.75 	
1.86 	0.66 	
1.95 	0.56 	
2.07 	0.67 	
2.11 	0.66 	
2.00 	0.66 	
1.99 	0.88 	
1.97 	0.85 	
1.92 	0.91 	
1.96 	0.95 	
1.98 	1.27 	
1.95 	1.31 	
1.98 	0.63 	
2.07 	0.77 	
2.04 	0.79 	
1.90 	1.01 	
1.97 	1.11 	
1.81 	0.79 	
1.89 	0.63 	
1.91 	0.80 	
1.85 	0.70 	
1.86 	0.70 	
2.04 	0.64 	
1.96 	0.93 	
2.06 	0.84 	
2.00 	0.92 	
2.02 	0.67 	
2.06 	0.67 	
2.15 	0.99 	
1.90 	0.96 	
2.26 	0.82 	
2.22 	0.96 	
2.20 	0.97 	
2.19 	0.81 	
2.24 	0.57 	
2.18 	0.73 	
2.09 	0.88 	
2.05 	0.84 	
2.04 	0.96 	
2.04 	0.82 	
2.04 	0.97 	
2.12 	0.90 	
1.99 	0.89 	
2.10 	0.91 	
2.12 	1.03 	
2.27 	0.90 	
2.28 	0.76 	
2.17 	0.70 	
2.07 	0.88 	
2.14 	0.66 	
2.14 	0.91 	
2.07 	0.90 	
2.35 	0.85 	
1.90 	0.90 	
2.11 	0.94 	
2.04 	0.79 	
2.24 	0.96 	
2.17 	1.03 	
2.04 	0.77 	
2.25 	0.83 	
2.51 	1.08 	
2.14 	0.77 	
2.44 	0.83 	
1.96 	0.96 	
2.14 	0.67 	
1.97 	0.78 	
2.14 	0.81 	
2.24 	0.86 	
2.28 	0.67 	
2.23 	0.74 	
2.16 	0.92 	
1.92 	0.88 	
1.95 	0.85 	
2.00 	0.75 	
1.98 	0.84 	
1.93 	0.85 	
1.94 	0.62 	
1.88 	0.87 	
1.97 	0.84 	
2.01 	0.81 	
1.97 	0.77 	
1.91 	0.75 	
2.02 	0.88 	
1.83 	0.71 	
2.18 	0.92 	
2.05 	0.70 	
1.80 	0.74 	
1.90 	0.72 	
1.86 	0.99 	
1.77 	0.99 	
2.13 	0.71 	
1.93 	1.02 	
1.92 	0.91 	
1.96 	0.71 	
2.11 	1.15 	
2.00 	1.32 	
2.15 	1.34 	
2.11 	1.36 	
1.89 	1.26 	
2.01 	1.16 	
1.99 	1.11 	
1.99 	1.15 	
2.03 	1.30 	
1.94 	1.14 	
1.92 	1.17 	
1.98 	0.99 	
2.03 	1.26 	
2.07 	0.84 	
2.23 	0.79 	
1.96 	1.06 	
2.17 	0.99 	
1.99 	0.91 	
2.05 	0.99 	
2.04 	0.69 	
2.12 	0.79 	
2.00 	1.05 	
2.04 	0.92 	
2.10 	0.87 	
2.26 	0.86 	
2.09 	0.86 	
2.04 	0.86 	
2.08 	0.84 	
1.96 	0.65 	
1.89 	0.80 	
2.10 	0.69 	
2.08 	0.81 	
1.93 	0.71 	
1.90 	0.79 	
2.09 	0.71 	
1.95 	0.68 	
1.90 	0.82 	
2.14 	0.73 	
2.10 	0.74 	
2.05 	0.89 	
1.95 	0.96 	
1.96 	0.95 	
1.70 	1.04 	
2.18 	0.96 	
1.93 	0.87 	
1.96 	0.90 	
2.19 	0.93 	
1.90 	0.99 	
2.05 	1.06 	
2.14 	0.71 	
1.98 	0.86 	
1.79 	0.92 	
2.06 	0.90 	
1.96 	1.16 	
2.07 	0.93 	
2.02 	0.89 	
1.92 	0.89 	
2.05 	1.00 	
2.03 	1.11 	
2.22 	0.78 	
2.23 	0.95 	
2.02 	0.75 	
2.14 	0.70 	
1.88 	0.78 	
2.06 	1.07 	
2.03 	0.95 	
2.10 	0.76 	
1.99 	1.06 	
2.10 	0.78 	
2.11 	0.82 	
2.02 	0.91 	
2.13 	0.71 	
2.24 	0.72 	
2.08 	0.82 	
2.13 	0.83 	
1.99 	0.68 	
2.12 	0.73 	
2.15 	0.64 	
2.03 	0.68 	
2.08 	0.71 	
2.00 	0.87 	
2.15 	0.94 	
2.05 	0.97 	
1.99 	0.84 	
2.12 	1.04 	
2.17 	0.65 	
2.07 	1.02 	
2.05 	0.76 	
1.99 	1.09 	
1.82 	0.67 	
1.97 	0.74 	
1.98 	0.88 	
2.02 	0.67 	
2.21 	1.23 	
2.16 	1.06 	
1.99 	1.30 	
1.98 	0.93 	
2.27 	0.90 	
2.08 	0.90 	
2.06 	0.93 	
2.13 	0.76 	
2.15 	0.75 	
2.05 	0.78 	
2.16 	1.11 	
2.08 	0.98 	
2.10 	1.09 	
1.99 	0.89 	
2.16 	1.18 	
2.25 	1.16 	
2.07 	1.02 	
2.04 	1.29 	
2.15 	1.40 	
1.98 	0.75 	
1.94 	1.00 	
2.11 	0.80 	
2.00 	0.77 	
2.19 	1.04 	
2.04 	0.95 	
1.90 	0.65 	
2.24 	0.79 	
2.12 	0.88 	
1.78 	0.76 	
2.04 	0.81 	
1.95 	0.72 	
2.30 	0.89 	
2.00 	0.59 	
1.98 	0.65 	
2.27 	0.88 	
2.07 	0.86 	
1.94 	0.79 	
2.05 	0.67 	
2.00 	0.80 	
1.97 	0.86 	
2.15 	0.92 	
1.88 	0.96 	
2.01 	0.73 	
2.05 	0.66 	
2.03 	0.77 	
1.98 	0.73 	
2.10 	0.70 	
1.81 	0.86 	
2.10 	0.58 	
1.98 	0.70 	
1.90 	0.90 	
1.99 	0.83 	
2.09 	0.92 	
2.15 	0.69 	
2.06 	0.88 	
1.98 	0.71 	
2.17 	0.73 	
2.02 	0.66 	
1.98 	0.66 	
2.12 	0.65 	
2.14 	0.71 	
1.98 	0.68 	
2.35 	0.70 	
2.11 	0.64 	
2.06 	0.67 	
1.94 	0.69 	
2.25 	0.63 	
2.18 	0.64 	
2.30 	0.62 	
2.27 	0.60 	
2.16 	0.64 	
2.28 	0.68 	
2.24 	0.69 	
2.38 	0.70 	
2.08 	0.77 	
1.91 	0.78 	
1.92 	0.61 	
2.11 	0.73 	
1.84 	0.69 	
2.11 	0.66 	
2.00 	0.74 	
2.11 	0.69 	
2.20 	0.78 	
2.12 	0.72 	
2.30 	0.69 	
2.44 	0.78 	
1.97 	0.73 	
1.97 	0.74 	
1.99 	0.70 	
1.87 	0.71 	
2.16 	0.72 	
1.88 	0.71 	
2.01 	0.65 	
2.01 	0.60 	
2.07 	0.72 	
1.93 	0.66 	
2.01 	0.74 	
2.08 	0.74 	
1.91 	0.83 	
2.09 	0.70 	
2.07 	0.76 	
2.04 	0.70 	
2.17 	0.80 	
1.88 	0.63 	
2.10 	0.69 	
2.14 	0.66 	
1.95 	0.76 	
2.05 	0.69 	
1.93 	0.67 	
2.08 	0.74 	
2.10 	0.68 	
2.12 	0.69 	
1.99 	0.70 	
2.08 	0.64 	
2.03 	0.78 	
2.04 	0.82 	
2.29 	0.69 	
2.30 	0.66 	
2.20 	0.76 	
2.30 	0.66 	
2.44 	0.71 	
2.15 	0.66 	
2.33 	0.70 	
2.41 	0.74 	
2.15 	0.68 	
2.29 	0.64 	
2.40 	0.70 	
2.12 	0.65 	
2.40 	0.77 	
2.47 	0.70 	
2.30 	0.70 	
2.33 	0.78 	
2.41 	0.72 	
2.44 	0.67 	
2.16 	0.70 	
2.32 	0.68 	
2.54 	0.66 	
2.47 	0.59 	
2.39 	0.62 	
2.10 	0.73 	
2.16 	0.69 	
2.43 	0.68 	
2.29 	0.70 	
2.39 	1.17 	
2.46 	0.75 	
2.06 	0.73 	
2.42 	0.68 	
2.32 	0.71 	
2.41 	0.86 	
2.22 	0.92 	
2.26 	0.88 	
2.38 	0.70 	
2.48 	0.69 	
2.21 	0.70 	
2.32 	0.69 	
2.45 	0.94 	
2.20 	1.13 	
2.24 	1.05 	
2.35 	1.12 	
2.49 	1.31 	
2.30 	1.17 	
2.25 	0.65 	
2.44 	0.67 	
2.19 	0.69 	
2.37 	0.66 	
2.47 	0.62 	
2.11 	0.70 	
2.44 	0.79 	
2.36 	0.71 	
2.36 	0.71 	
2.22 	0.69 	
2.30 	0.69 	
2.28 	0.69 	
2.56 	0.73 	
2.42 	0.68 	
2.21 	0.94 	
2.05 	0.89 	
2.31 	0.93 	
2.24 	1.07 	
2.13 	1.09 	
2.14 	0.80 	
2.23 	1.09 	
2.44 	0.81 	
2.30 	0.94 	
2.20 	1.24 	
2.14 	1.37 	
2.08 	0.98 	
2.20 	1.03 	
2.27 	1.08 	
2.11 	1.25 	
2.29 	1.16 	
2.41 	1.17 	
2.17 	1.36 	
2.20 	1.22 	
2.27 	1.15 	
2.22 	1.30 	
2.30 	1.21 	
2.12 	1.33 	
2.31 	1.30 	
2.25 	1.28 	
2.24 	1.20 	
2.11 	1.06 	
2.21 	0.96 	
2.54 	1.28 	
2.08 	1.22 	
2.19 	0.93 	
2.23 	1.18 	
2.20 	0.86 	
2.22 	1.02 	
2.12 	0.76 	
1.93 	0.96 	
2.12 	0.79 	
2.07 	1.00 	
2.11 	0.91 	
2.11 	1.06 	
2.27 	1.02 	
1.99 	1.08 	
2.18 	0.97 	
2.17 	0.86 	
2.41 	1.02 	
2.18 	0.89 	
2.14 	0.99 	
2.20 	0.75 	
1.95 	0.83 	
2.01 	0.84 	
2.24 	1.01 	
2.01 	0.92 	
1.88 	1.10 	
2.05 	0.81 	
1.98 	1.02 	
1.90 	1.13 	
1.87 	0.85 	
2.17 	1.12 	
2.35 	0.89 	
2.29 	1.05 	
2.24 	0.91 	
2.23 	0.85 	
2.32 	1.15 	
2.43 	0.96 	
2.40 	1.00 	
2.13 	0.96 	
2.72 	0.99 	
2.57 	0.95 	
2.67 	0.97 	
2.32 	0.78 	
2.15 	0.67 	
2.59 	0.70 	
2.56 	0.90 	
2.65 	0.87 	
2.56 	1.15 	
2.50 	1.48 	
2.45 	1.00 	
2.20 	0.99 	
2.48 	0.99 	
2.53 	1.28 	
2.35 	1.14 	
2.72 	1.07 	
2.75 	0.83 	
2.23 	0.80 	
2.83 	1.19 	
2.52 	1.05 	
2.13 	1.06 	
2.35 	1.13 	
2.21 	0.89 	
2.31 	1.00 	
2.48 	0.90 	
2.32 	0.93 	
2.40 	0.86 	
2.42 	0.95 	
2.64 	1.14 	
2.17 	0.80 	
2.13 	1.08 	
2.17 	0.83 	
2.13 	0.84 	
2.51 	0.89 	
2.28 	1.03 	
2.22 	1.41 	
2.39 	1.09 	
2.40 	0.92 	
2.24 	0.79 	
2.15 	1.06 	
2.44 	0.87 	
2.56 	1.01 	
2.57 	0.97 	
2.58 	0.95 	
2.44 	0.94 	
2.17 	0.91 	
2.43 	0.91 	
2.19 	1.31 	
2.11 	1.06 	
2.29 	1.03 	
2.14 	1.29 	
2.18 	1.14 	
2.62 	1.12 	
2.39 	1.16 	
1.88 	1.11 	
2.05 	0.91 	
2.05 	1.66 	
2.00 	1.12 	
2.07 	1.70 	
1.86 	1.29 	
1.95 	1.03 	
1.82 	1.24 	
2.04 	1.48 	
1.75 	1.17 	
1.84 	1.61 	
1.77 	1.16 	
1.65 	1.10 	
1.75 	0.82 	
1.93 	1.11 	
1.84 	0.66 	
2.16 	0.68 	
2.15 	0.73 	
2.31 	0.80 	
1.95 	0.70 	
1.80 	0.85 	
1.98 	0.72 	
2.05 	0.73 	
2.20 	1.08 	
2.08 	0.83 	
2.24 	0.72 	
2.40 	1.20 	
2.29 	0.63 	
2.77 	0.67 	
2.74 	0.70 	
2.52 	1.18 	
2.09 	1.04 	
2.06 	0.91 	
2.25 	0.64 	
2.61 	0.87 	
2.29 	0.70 	
2.00 	0.87 	
2.13 	0.84 	
2.10 	0.98 	
2.44 	0.72 	
2.04 	0.60 	
2.16 	1.02 	
2.35 	1.01 	
2.17 	0.61 	
2.16 	0.88 	
2.31 	1.12 	
1.79 	1.13 	
2.32 	0.75 	
2.26 	0.75 	
1.94 	0.74 	
2.05 	0.72 	
2.18 	0.81 	
2.32 	0.66 	
2.15 	0.69 	
2.38 	0.81 	
2.29 	1.10 	
1.99 	0.90 	
2.09 	0.94 	
2.31 	0.63 	
2.45 	0.94 	
2.41 	0.96 	
2.18 	0.78 	
2.31 	0.78 	
2.05 	1.21 	
1.59 	0.61 	
2.16 	0.77 	
2.26 	0.69 	
2.13 	0.74 	
2.54 	0.89 	
2.32 	0.90 	
1.90 	0.60 	
2.41 	0.92 	
2.12 	0.74 	
1.93 	0.90 	
2.19 	0.66 	
2.15 	0.74 	
2.14 	0.91 	
2.14 	0.85 	
2.05 	0.87 	
2.37 	0.87 	
2.03 	1.04 	
1.98 	1.12 	
2.27 	0.86 	
1.93 	0.83 	
2.10 	0.81 	
2.00 	1.20 	
2.07 	1.08 	
1.87 	0.82 	
1.91 	0.82 	
2.04 	0.61 	
2.24 	0.62 	
2.10 	1.07 	
2.12 	0.84 	
2.22 	0.79 	
2.15 	0.91 	
1.95 	0.68 	
2.05 	0.71 	
2.11 	0.80 	
1.89 	0.95 	
2.07 	0.87 	
2.19 	0.83 	
2.29 	0.69 	
2.19 	0.69 	
1.79 	1.14 	
1.64 	0.77 	
1.76 	0.78 	
1.63 	0.67 	
1.75 	0.82 	
1.49 	0.91 	
1.80 	0.92 	
1.67 	0.65 	
1.91 	1.10 	
1.71 	0.66 	
1.88 	0.87 	
1.69 	0.78 	
1.59 	0.91 	
1.83 	0.73 	
1.80 	0.76 	
1.77 	0.96 	
1.66 	0.65 	
1.88 	0.85 	
1.61 	0.79 	
1.62 	0.68 	
1.88 	0.86 	
1.72 	1.05 	
1.83 	0.79 	
1.77 	1.37 	
1.83 	0.75 	
1.76 	1.10 	
1.82 	1.26 	
1.82 	1.48 	
1.58 	1.63 	
1.75 	1.40 	
1.76 	1.56 	
1.88 	1.60 	
1.70 	1.44 	
1.80 	1.56 	
1.62 	1.48 	
1.89 	1.54 	
1.73 	1.50 	
1.85 	1.30 	
1.67 	0.72 	
1.73 	0.83 	
1.64 	0.95 	
1.66 	0.63 	
1.72 	0.74 	
1.75 	0.68 	
1.66 	0.68 	
1.76 	0.65 	
1.58 	0.72 	
1.68 	0.77 	
1.74 	0.79 	
1.84 	0.70 	
1.73 	0.83 	
1.86 	0.75 	
1.83 	0.68 	
1.64 	0.92 	
1.72 	0.95 	
1.62 	0.95 	
1.93 	0.96 	
1.46 	1.14 	
1.70 	1.06 	
1.57 	0.95 	
1.59 	0.89 	
2.19 	1.26 	
1.83 	0.83 	
2.28 	0.98 	
1.54 	1.00 	
2.08 	0.98 	
2.31 	1.17 	
1.81 	1.02 	
1.90 	1.12 	
1.88 	0.96 	
1.88 	1.05 	
1.74 	1.09 	
1.86 	0.93 	
1.82 	0.99 	
1.85 	1.04 	
1.82 	1.14 	
1.72 	0.97 	
2.15 	0.90 	
1.91 	1.03 	
2.06 	1.11 	
1.80 	0.97 	
1.80 	1.05 	
1.99 	0.92 	
1.77 	1.01 	
2.15 	0.97 	
1.69 	0.98 	
2.07 	0.91 	
1.91 	1.04 	
2.01 	1.06 	
1.71 	0.94 	
1.71 	0.84 	
1.73 	1.00 	
1.72 	0.97 	
1.64 	0.83 	
1.59 	1.01 	
1.78 	1.11 	
1.80 	0.94 	
2.14 	1.03 	
1.95 	1.01 	
1.72 	0.99 	
2.11 	0.93 	
1.75 	1.00 	
1.96 	0.94 	
1.92 	0.95 	
1.82 	0.82 	
2.01 	0.91 	
1.76 	1.06 	
1.92 	0.88 	
1.99 	0.93 	
1.94 	0.99 	
1.84 	1.10 	
2.27 	0.96 	
2.08 	1.00 	
1.79 	1.02 	
1.88 	0.94 	
1.86 	0.96 	
1.92 	0.97 	
1.77 	0.98 	
1.82 	1.01 	
1.83 	1.07 	
1.74 	1.12 	
1.87 	0.83 	
1.76 	1.02 	
2.22 	0.97 	
1.89 	0.97 	
1.88 	1.19 	
1.96 	1.01 	
2.29 	1.10 	
1.99 	1.04 	
2.05 	0.95 	
2.26 	1.04 	
2.19 	1.10 	
2.19 	0.77 	
2.06 	1.07 	
2.35 	0.90 	
2.05 	0.93 	
2.24 	1.02 	
2.30 	1.10 	
2.00 	1.05 	
1.90 	0.98 	
1.72 	1.01 	
2.23 	0.85 	
1.86 	0.97 	
2.04 	0.92 	
1.78 	1.01 	
2.12 	1.08 	
1.81 	1.02 	
1.80 	1.09 	
1.96 	1.11 	
1.94 	1.01 	
1.69 	1.06 	
1.82 	0.92 	
1.88 	1.03 	
1.90 	1.04 	
2.17 	1.21 	
1.95 	0.94 	
2.03 	0.93 	
1.95 	1.06 	
2.05 	1.08 	
2.00 	0.95 	
1.93 	0.99 	
2.12 	0.97 	
1.83 	0.98 	
1.97 	0.72 	
1.97 	0.84 	
1.79 	0.83 	
2.04 	0.67 	
1.90 	0.99 	
2.07 	1.05 	
1.94 	1.08 	
1.85 	1.07 	
1.92 	1.06 	
1.80 	1.03 	
1.93 	1.02 	
2.01 	1.03 	
1.95 	1.01 	
2.52 	0.92 	
2.04 	0.94 	
1.84 	1.07 	
2.05 	1.08 	
2.48 	0.91 	
2.25 	0.99 	
2.17 	1.04 	
2.33 	0.99 	
2.17 	1.12 	
2.18 	0.97 	
2.18 	0.99 	
2.28 	0.97 	
2.40 	1.02 	
2.20 	0.94 	
2.13 	1.20 	
2.12 	0.72 	
2.42 	0.98 	
2.40 	0.80 	
2.27 	0.73 	
2.24 	0.93 	
2.23 	0.83 	
2.22 	0.80 	
2.42 	0.80 	
2.37 	1.07 	
2.38 	0.93 	
2.15 	0.88 	
2.28 	1.11 	
2.16 	0.94 	
2.11 	1.32 	
2.22 	0.90 	
2.34 	0.75 	
2.43 	0.67 	
2.36 	0.77 	
2.03 	0.66 	
2.15 	0.61 	
2.05 	0.76 	
2.45 	1.02 	
2.55 	0.65 	
2.29 	0.78 	
2.38 	0.64 	
2.28 	0.85 	
2.12 	0.60 	
2.17 	0.64 	
2.12 	0.47 	
2.08 	0.99 	
2.14 	0.54 	
2.28 	1.00 	
2.44 	0.88 	
2.53 	1.28 	
2.59 	1.09 	
2.39 	0.81 	
2.65 	1.05 	
2.58 	0.81 	
2.33 	0.72 	
2.46 	1.29 	
2.36 	0.90 	
2.24 	0.89 	
2.22 	0.60 	
2.23 	1.11 	
1.83 	0.61 	
2.14 	1.84 	
1.73 	1.45 	
1.86 	0.87 	
1.97 	1.05 	
2.08 	0.90 	
2.09 	1.13 	
2.19 	1.04 	
2.14 	0.96 	
2.16 	0.85 	
2.19 	0.78 	
1.91 	1.00 	
2.33 	0.94 	
2.12 	0.77 	
2.07 	1.43 	
2.18 	1.21 	
2.30 	1.19 	
2.17 	0.98 	
2.39 	1.23 	
2.08 	1.30 	
1.96 	1.26 	
2.21 	1.31 	
2.06 	1.08 	
2.32 	0.67 	
2.17 	1.05 	
2.28 	0.95 	
2.16 	1.01 	
2.35 	0.97 	
2.27 	1.19 	
2.27 	0.97 	
1.95 	1.02 	
2.38 	0.82 	
2.16 	0.80 	
2.13 	0.66 	
2.63 	0.74 	
2.33 	0.72 	
2.36 	0.76 	
2.56 	0.90 	
2.36 	0.82 	
2.23 	0.82 	
2.61 	0.94 	
2.22 	0.99 	
2.44 	0.92 	
2.53 	0.76 	
2.13 	0.89 	
2.21 	0.98 	
2.70 	0.92 	
2.12 	0.73 	
2.38 	0.84 	
2.27 	0.91 	
2.22 	0.86 	
2.21 	0.85 	
2.49 	0.82 	
2.10 	0.81 	
2.70 	0.92 	
2.35 	0.89 	
2.65 	0.83 	
2.05 	0.70 	
2.12 	0.60 	
2.12 	0.63 	
2.50 	0.68 	
2.12 	0.78 	
2.17 	0.71 	
2.50 	0.76 	
2.52 	0.78 	
2.32 	0.74 	
2.26 	0.83 	
2.27 	0.66 	
2.07 	0.93 	
2.02 	0.67 	
1.77 	0.84 	
2.10 	0.77 	
2.42 	0.61 	
2.08 	0.62 	
2.22 	0.65 	
1.98 	0.72 	
2.37 	0.64 	
2.05 	0.66 	
2.21 	0.68 	
2.19 	0.82 	
2.25 	0.84 	
2.49 	0.92 	
2.15 	0.82 	
2.13 	0.84 	
2.52 	0.77 	
2.31 	0.71 	
2.18 	0.64 	
2.46 	0.64 	
2.18 	0.66 	
2.28 	0.60 	
2.36 	1.08 	
2.07 	0.77 	
2.26 	0.90 	
2.05 	0.98 	
2.17 	1.06 	
2.37 	1.00 	
2.19 	0.91 	
2.39 	0.91 	
2.22 	0.85 	
2.13 	0.89 	
2.27 	0.92 	
2.36 	1.12 	
1.88 	0.99 	
2.14 	1.01 	
2.22 	0.79 	
1.98 	0.95 	
2.29 	1.00 	
1.90 	0.90 	
2.17 	0.96 	
2.21 	0.89 	
2.32 	0.94 	
2.19 	1.05 	
2.06 	1.01 	
2.15 	0.74 	
2.29 	1.03 	
2.44 	0.99 	
2.30 	0.95 	
2.11 	0.97 	
2.01 	1.07 	
2.25 	0.91 	
2.29 	0.83 	
1.98 	1.01 	
2.17 	0.94 	
2.38 	1.02 	
2.16 	1.08 	
2.13 	1.01 	
1.74 	1.09 	
2.02 	0.87 	
1.88 	0.70 	
2.03 	0.98 	
1.89 	0.99 	
1.78 	0.70 	
2.41 	0.91 	
2.12 	1.27 	
2.24 	0.95 	
2.02 	1.06 	
2.08 	0.91 	
2.23 	0.99 	
2.17 	0.99 	
2.15 	0.98 	
2.02 	0.94 	
2.10 	0.90 	
1.99 	0.95 	
1.88 	0.99 	
2.23 	1.14 	
1.90 	0.82 	
2.16 	0.64 	
1.97 	0.61 	
1.94 	0.71 	
1.88 	0.85 	
2.23 	0.70 	
1.93 	0.94 	
2.16 	0.80 	
2.13 	0.84 	
2.01 	0.93 	
2.20 	0.82 	
2.24 	0.63 	
1.87 	0.56 	
2.29 	1.20 	
2.07 	0.79 	
2.19 	0.78 	
1.94 	0.64 	
1.91 	0.79 	
1.97 	0.64 	
1.95 	0.85 	
1.66 	0.88 	
1.95 	0.61 	
2.11 	0.59 	
2.07 	0.97 	
1.94 	0.96 	
1.98 	0.84 	
2.04 	0.72 	
2.05 	0.98 	
2.27 	0.96 	
1.92 	0.95 	
2.35 	0.90 	
1.93 	0.82 	
2.28 	0.91 	
2.05 	0.77 	
2.26 	0.91 	
2.05 	0.83 	
2.24 	1.01 	
2.00 	1.30 	
2.07 	1.05 	
1.83 	0.91 	
1.88 	1.15 	
1.68 	0.90 	
1.68 	0.85 	
1.77 	0.85 	
1.70 	1.04 	
2.16 	0.99 	
1.89 	0.92 	
2.27 	0.83 	
2.30 	0.78 	
2.24 	0.95 	
2.04 	0.85 	
2.36 	1.06 	
1.89 	0.88 	
1.74 	0.83 	
1.60 	0.88 	
1.97 	0.99 	
1.70 	0.96 	
1.81 	0.81 	
1.84 	0.94 	
2.17 	0.91 	
2.07 	0.91 	
1.91 	0.99 	
1.98 	1.05 	
1.88 	0.96 	
2.00 	1.08 	
1.95 	0.84 	
1.60 	0.93 	
1.99 	0.82 	
1.56 	0.81 	
1.47 	0.87 	
1.92 	0.99 	
1.78 	0.82 	
1.91 	0.98 	
1.99 	1.02 	
2.08 	1.03 	
1.99 	1.17 	
2.02 	0.81 	
1.94 	0.64 	
2.20 	1.08 	
1.89 	0.93 	
1.87 	0.94 	
1.68 	0.85 	
1.64 	0.76 	
1.75 	0.81 	
1.90 	0.65 	
2.06 	0.81 	
2.21 	0.99 	
1.79 	0.85 	
1.96 	0.92 	
2.25 	0.80 	
2.01 	1.02 	
2.18 	1.07 	
1.73 	0.96 	
2.15 	0.94 	
2.17 	0.94 	
2.09 	1.00 	
2.02 	0.95 	
2.01 	0.93 	
2.09 	0.86 	
2.20 	0.93 	
2.06 	0.97 	
2.15 	0.83 	
2.36 	0.93 	
1.93 	0.83 	
2.24 	0.95 	
1.87 	0.74 	
1.82 	0.73 	
2.01 	0.68 	
1.93 	0.80 	
2.28 	0.67 	
2.06 	0.99 	
1.90 	0.69 	
1.81 	0.71 	
2.00 	1.01 	
2.05 	0.92 	
1.99 	0.78 	
2.07 	0.69 	
1.90 	0.74 	
1.76 	0.77 	
1.63 	0.75 	
1.90 	0.77 	
1.86 	0.89 	
2.00 	0.81 	
1.80 	0.78 	
2.13 	0.89 	
2.15 	0.73 	
2.18 	0.84 	
2.17 	0.82 	
1.96 	0.75 	
2.19 	0.79 	
2.13 	0.62 	
1.85 	0.66 	
1.96 	0.62 	
1.86 	0.82 	
1.90 	0.82 	
2.05 	0.79 	
1.96 	0.92 	
2.18 	0.83 	
2.03 	0.69 	
2.13 	0.71 	
2.06 	0.92 	
2.13 	0.88 	
2.08 	0.85 	
2.06 	0.59 	
1.91 	0.94 	
2.16 	0.94 	
2.09 	1.02 	
2.18 	0.79 	
2.26 	0.75 	
1.96 	0.75 	
2.18 	0.77 	
2.13 	0.88 	
1.82 	0.93 	
2.10 	0.92 	
1.93 	1.05 	
2.12 	1.01 	
2.20 	0.78 	
2.01 	0.80 	
1.93 	0.88 	
2.04 	0.73 	
2.39 	0.86 	
2.10 	0.77 	
1.86 	0.67 	
2.25 	0.81 	
2.02 	1.03 	
2.05 	1.02 	
1.77 	0.90 	
1.92 	0.93 	
2.17 	1.02 	
2.04 	0.87 	
1.88 	0.81 	
2.01 	1.15 	
1.91 	0.95 	
1.96 	0.98 	
1.79 	0.83 	
1.79 	1.04 	
1.82 	0.89 	
1.89 	0.93 	
1.65 	0.94 	
1.72 	1.00 	
1.73 	1.03 	
1.84 	0.81 	
1.68 	0.88 	
2.04 	1.13 	
1.80 	1.04 	
1.74 	1.06 	
1.85 	0.84 	
1.74 	0.85 	
1.65 	1.03 	
1.58 	0.89 	
1.72 	1.00 	
1.68 	0.86 	
1.56 	1.03 	
1.52 	0.99 	
1.58 	0.88 	
1.66 	0.92 	
1.50 	0.79 	
1.80 	1.09 	
1.54 	0.81 	
1.80 	0.94 	
1.58 	0.87 	
1.84 	0.79 	
1.91 	0.81 	
1.78 	0.73 	
1.79 	0.75 	
1.77 	0.72 	
1.72 	0.75 	
1.69 	0.81 	
1.84 	0.78 	
1.78 	0.82 	
1.78 	1.04 	
1.76 	0.99 	
1.62 	0.61 	
1.72 	0.79 	
1.77 	0.94 	
1.76 	0.81 	
1.79 	0.78 	
1.66 	0.83 	
1.90 	0.70 	
1.89 	0.65 	
1.80 	0.78 	
1.82 	0.68 	
1.88 	0.87 	
1.83 	1.01 	
1.84 	0.73 	
1.72 	0.69 	
1.85 	0.75 	
1.69 	0.86 	
1.73 	1.13 	
1.74 	0.79 	
1.33 	0.62 	
1.73 	0.94 	
1.79 	1.06 	
1.65 	0.63 	
1.91 	0.72 	
1.59 	0.73 	
1.80 	0.70 	
1.92 	0.72 	
1.91 	0.73 	
1.96 	0.74 	
1.83 	0.95 	
1.79 	0.73 	
1.87 	0.96 	
1.78 	0.86 	
1.73 	0.86 	
1.72 	0.73 	
1.79 	0.70 	
1.71 	0.70 	
1.63 	0.63 	
1.75 	0.91 	
1.83 	0.67 	
1.66 	1.10 	
1.72 	0.59 	
1.84 	0.75 	
1.71 	0.84 	
1.52 	0.83 	
1.88 	0.75 	
1.93 	0.95 	
1.93 	0.94 	
1.98 	0.79 	
1.98 	1.02 	
1.65 	0.78 	
1.55 	0.81 	
1.51 	0.65 	
1.64 	0.69 	
1.99 	1.03 	
1.64 	0.72 	
1.31 	0.80 	
1.40 	0.96 	
1.60 	0.95 	
1.87 	0.85 	
1.81 	0.72 	
1.73 	0.64 	
1.89 	0.57 	
1.64 	0.75 	
1.66 	0.88 	
1.67 	0.72 	
1.71 	0.57 	
1.80 	0.90 	
1.76 	0.72 	
1.50 	0.71 	
1.81 	0.58 	
1.94 	0.78 	
1.92 	0.71 	
1.83 	0.79 	
1.67 	0.67 	
1.68 	0.69 	
1.85 	0.67 	
1.59 	0.72 	
1.84 	0.59 	
1.87 	0.85 	
1.49 	0.73 	
1.58 	0.67 	
1.83 	0.72 	
1.52 	0.82 	
1.86 	0.69 	
1.51 	0.66 	
1.82 	0.64 	
1.56 	0.90 	
1.72 	0.92 	
1.80 	0.88 	
1.79 	0.64 	
1.72 	0.69 	
1.50 	0.62 	
1.70 	1.13 	
2.03 	0.82 	
1.81 	0.78 	
1.76 	0.87 	
1.77 	0.84 	
1.67 	0.83 	
1.78 	0.79 	
1.69 	0.68 	
1.80 	0.94 	
1.65 	0.68 	
1.78 	0.83 	
1.84 	0.96 	
1.95 	0.79 	
1.76 	0.78 	
1.58 	0.87 	
1.95 	0.96 	
1.75 	0.86 	
1.93 	0.88 	
1.69 	0.83 	
1.70 	0.81 	
1.84 	0.99 	
1.93 	0.82 	
1.78 	0.87 	
1.89 	0.73 	
1.86 	0.78 	
1.80 	0.68 	
1.89 	0.70 	
1.84 	0.70 	
1.82 	0.70 	
1.83 	0.68 	
1.68 	0.85 	
1.78 	0.72 	
1.75 	0.69 	
1.95 	0.81 	
1.70 	0.93 	
1.97 	0.71 	
1.87 	0.83 	
1.91 	0.71 	
1.89 	1.00 	
2.06 	0.74 	
1.75 	0.78 	
1.87 	0.67 	
1.81 	0.69 	
1.89 	0.79 	
1.80 	0.62 	
1.51 	0.75 	
1.97 	0.77 	
1.82 	0.72 	
1.98 	0.66 	
2.00 	0.78 	
1.60 	0.88 	
1.71 	0.96 	
1.51 	0.68 	
1.52 	0.72 	
1.80 	0.65 	
1.93 	0.69 	
2.12 	0.63 	
1.90 	0.60 	
1.79 	0.65 	
1.80 	0.69 	
1.94 	0.62 	
1.62 	0.63 	
1.78 	0.59 	
2.06 	0.60 	
2.02 	0.58 	
2.03 	0.82 	
1.71 	0.66 	
1.73 	0.73 	
1.55 	0.60 	
1.65 	0.85 	
1.65 	0.74 	
1.75 	0.81 	
1.58 	0.95 	
1.65 	0.84 	
1.71 	0.62 	
1.70 	0.60 	
1.65 	0.65 	
1.81 	1.04 	
1.69 	1.30 	
1.86 	1.22 	
1.80 	1.21 	
1.82 	1.16 	
1.76 	1.15 	
2.06 	1.10 	
1.48 	0.87 	
1.73 	1.02 	
1.67 	0.95 	
1.69 	0.95 	
1.92 	0.85 	
1.94 	0.80 	
1.85 	1.04 	
1.88 	0.90 	
1.62 	1.05 	
1.59 	0.98 	
1.95 	0.94 	
1.72 	0.90 	
2.09 	0.78 	
1.67 	0.74 	
1.91 	0.70 	
1.59 	0.85 	
1.59 	0.93 	
1.73 	0.84 	
1.55 	0.69 	
1.65 	0.66 	
1.85 	0.69 	
1.84 	0.69 	
1.55 	0.96 	
1.68 	0.91 	
1.77 	1.17 	
1.88 	0.89 	
1.73 	0.64 	
1.60 	0.60 	
1.50 	0.93 	
1.46 	0.88 	
1.58 	0.69 	
1.38 	0.74 	
1.45 	0.93 	
1.49 	1.03 	
1.69 	1.16 	
1.65 	1.12 	
1.59 	1.28 	
1.44 	1.24 	
1.38 	1.08 	
1.80 	0.87 	
1.74 	1.07 	
1.57 	1.05 	
1.35 	0.77 	
1.32 	1.39 	
1.72 	1.27 	
2.00 	1.29 	
1.62 	0.91 	
1.64 	1.41 	
1.68 	1.38 	
1.56 	1.20 	
1.59 	1.27 	
1.82 	1.20 	
1.89 	1.17 	
1.61 	1.29 	
1.85 	1.05 	
1.66 	1.04 	
1.55 	1.18 	
1.77 	1.39 	
1.71 	1.22 	
1.68 	1.24 	
1.62 	0.88 	
1.58 	1.14 	
1.65 	1.01 	
1.96 	1.28 	
1.72 	1.34 	
1.66 	0.95 	
1.50 	1.24 	
1.70 	1.09 	
1.42 	1.16 	
1.69 	1.58 	
1.90 	1.50 	
1.60 	1.45 	
1.84 	1.13 	
1.87 	1.87 	
1.68 	2.07 	
1.62 	1.37 	
1.44 	1.76 	
1.57 	1.49 	
1.88 	1.23 	
1.58 	1.55 	
1.61 	1.83 	
1.72 	1.67 	
1.52 	1.78 	
1.71 	1.64 	
1.58 	1.19 	
1.52 	1.31 	
1.78 	1.63 	
1.65 	1.30 	
1.65 	1.30 	
1.84 	1.67 	
1.74 	1.30 	
1.60 	1.35 	
1.45 	1.54 	
1.59 	1.79 	
2.24 	1.54 	
1.68 	1.80 	
1.70 	1.68 	
1.72 	1.63 	
1.68 	1.18 	
1.50 	1.18 	
1.66 	1.28 	
1.55 	1.39 	
1.77 	1.18 	
1.65 	1.40 	
1.58 	1.16 	
1.62 	1.61 	
1.62 	0.99 	
1.59 	1.07 	
1.31 	1.12 	
1.61 	1.21 	
1.54 	1.28 	
1.50 	1.10 	
1.52 	1.05 	
1.48 	1.27 	
1.56 	1.33 	
1.43 	1.58 	
1.58 	1.38 	
1.47 	1.37 	
1.54 	1.52 	
1.69 	1.59 	
1.71 	1.45 	
1.60 	1.38 	
1.52 	1.46 	
1.59 	1.46 	
1.65 	1.47 	
1.43 	0.80 	
1.57 	0.96 	
1.59 	1.24 	
1.54 	0.98 	
1.61 	1.08 	
1.53 	1.19 	
1.70 	0.96 	
1.65 	0.82 	
1.44 	0.71 	
1.58 	0.85 	
1.81 	1.10 	
1.79 	1.15 	
1.69 	1.05 	
1.36 	1.18 	
1.48 	1.08 	
1.52 	0.87 	
1.53 	0.97 	
1.65 	0.99 	
1.55 	1.38 	
1.55 	0.92 	
1.37 	1.48 	
1.65 	1.38 	
1.63 	1.34 	
1.42 	1.48 	
1.58 	1.38 	
1.59 	1.47 	
1.60 	1.48 	
1.51 	1.35 	
1.52 	0.89 	
1.64 	1.06 	
1.44 	1.25 	
1.44 	1.32 	
1.57 	0.93 	
1.48 	1.45 	
1.28 	1.29 	
1.46 	1.10 	
1.48 	1.09 	
1.41 	0.71 	
1.67 	1.02 	
1.63 	0.75 	
1.65 	0.88 	
1.61 	0.96 	
1.77 	1.06 	
1.68 	0.91 	
1.74 	1.00 	
1.46 	0.64 	
1.43 	1.06 	
1.38 	0.88 	
1.46 	1.22 	
1.51 	0.86 	
1.57 	0.91 	
1.63 	0.80 	
1.53 	1.11 	
1.75 	0.62 	
1.70 	0.76 	
1.41 	0.82 	
1.55 	0.77 	
1.48 	0.82 	
1.54 	0.67 	
1.56 	0.65 	
1.47 	0.80 	
1.69 	0.83 	
1.47 	0.69 	
1.71 	0.63 	
1.55 	0.72 	
1.59 	0.64 	
1.71 	0.62 	
1.62 	0.80 	
1.61 	0.73 	
1.74 	0.72 	
1.68 	0.63 	
1.64 	0.83 	
1.42 	0.65 	
1.53 	0.65 	
1.56 	0.83 	
1.37 	0.89 	
1.61 	1.02 	
1.39 	0.73 	
1.55 	0.71 	
1.24 	0.61 	
1.55 	0.68 	
1.62 	0.76 	
1.65 	0.63 	
1.35 	0.84 	
1.69 	0.64 	
1.64 	0.67 	
1.54 	0.93 	
1.45 	0.61 	
1.63 	0.76 	
1.67 	0.67 	
1.83 	0.84 	
1.39 	0.74 	
1.43 	0.67 	
1.49 	0.81 	
1.50 	0.90 	
1.32 	0.71 	
1.47 	0.79 	
1.50 	0.95 	
1.45 	0.78 	
1.79 	0.68 	
1.72 	0.62 	
1.46 	0.69 	
1.56 	0.62 	
1.52 	0.72 	
1.60 	0.67 	
1.64 	0.74 	
1.53 	0.70 	
1.65 	0.66 	
1.62 	0.82 	
1.67 	0.67 	
1.58 	0.68 	
1.51 	0.70 	
1.90 	0.76 	
1.78 	0.78 	
1.56 	0.96 	
1.75 	0.71 	
1.69 	1.07 	
1.73 	0.91 	
1.46 	0.93 	
1.66 	1.08 	
1.73 	1.01 	
1.70 	0.60 	
1.79 	0.86 	
1.88 	0.68 	
2.00 	0.83 	
1.96 	0.73 	
1.87 	0.76 	
2.00 	0.77 	
1.97 	0.66 	
1.90 	0.75 	
1.80 	0.78 	
2.00 	0.59 	
2.00 	0.70 	
2.15 	0.66 	
1.86 	0.76 	
1.65 	0.90 	
1.93 	0.67 	
1.81 	0.92 	
1.85 	0.89 	
2.06 	1.02 	
1.99 	1.07 	
1.87 	0.75 	
1.84 	0.96 	
1.77 	0.95 	
1.77 	0.83 	
1.61 	0.67 	
2.40 	0.75 	
2.14 	0.69 	
2.25 	0.79 	
1.86 	0.66 	
1.79 	0.73 	
1.85 	0.71 	
1.80 	0.62 	
1.86 	0.57 	
1.81 	0.74 	
1.77 	0.87 	
1.98 	0.67 	
1.71 	1.06 	
1.73 	0.95 	
1.81 	0.69 	
1.94 	0.77 	
1.50 	0.65 	
1.81 	0.79 	
1.82 	0.77 	
2.22 	0.98 	
1.91 	0.59 	
1.83 	0.63 	
1.93 	0.67 	
1.75 	0.68 	
1.80 	0.69 	
1.85 	0.75 	
2.17 	0.74 	
2.31 	0.66 	
1.94 	0.88 	
2.09 	1.01 	
1.82 	1.14 	
1.91 	0.92 	
1.86 	1.15 	
1.95 	1.22 	
1.49 	1.26 	
1.66 	1.20 	
1.79 	1.09 	
1.94 	0.94 	
1.58 	1.27 	
1.86 	1.26 	
1.70 	1.11 	
1.78 	1.25 	
2.01 	1.09 	
1.70 	0.91 	
1.92 	0.65 	
1.83 	0.73 	
1.82 	0.80 	
1.57 	1.12 	
1.68 	0.91 	
2.19 	1.23 	
2.20 	1.12 	
2.30 	1.24 	
1.79 	1.17 	
2.02 	1.12 	
2.10 	1.28 	
2.37 	1.00 	
2.05 	1.09 	
2.25 	1.25 	
2.17 	1.04 	
2.13 	1.13 	
2.15 	1.10 	
1.97 	1.11 	
2.23 	0.71 	
2.42 	0.70 	
2.27 	0.65 	
2.19 	0.67 	
2.01 	0.74 	
2.47 	0.87 	
1.84 	0.71 	
2.22 	0.57 	
2.28 	0.72 	
2.06 	0.70 	
1.91 	0.66 	
2.22 	0.81 	
2.11 	0.71 	
1.87 	0.66 	
1.91 	0.76 	
1.82 	0.81 	
2.27 	0.75 	
2.04 	0.70 	
2.10 	0.82 	
2.08 	0.73 	
2.16 	0.68 	
2.18 	0.76 	
2.34 	0.60 	
1.95 	0.62 	
2.33 	0.78 	
2.11 	0.73 	
2.10 	0.92 	
2.18 	0.76 	
2.28 	0.62 	
2.41 	0.72 	
2.38 	0.79 	
2.06 	0.63 	
1.93 	0.57 	
2.34 	0.84 	
2.11 	0.90 	
2.44 	0.85 	
2.27 	0.81 	
2.20 	0.90 	
2.09 	0.84 	
1.98 	0.85 	
2.25 	0.88 	
2.23 	0.74 	
1.84 	0.76 	
2.22 	0.94 	
2.14 	0.83 	
1.98 	0.66 	
2.22 	0.67 	
2.23 	0.71 	
2.07 	0.99 	
2.11 	0.72 	
2.34 	0.81 	
2.04 	0.78 	
2.02 	0.72 	
2.11 	1.27 	
2.23 	0.98 	
2.33 	0.82 	
2.13 	1.00 	
2.49 	1.24 	
2.32 	0.91 	
2.24 	0.80 	
2.28 	0.67 	
2.21 	0.59 	
2.16 	0.63 	
2.37 	0.72 	
2.26 	0.77 	
2.30 	0.70 	
2.02 	0.85 	
2.22 	0.68 	
2.12 	0.65 	
2.05 	0.74 	
2.09 	0.83 	
2.33 	0.67 	
2.19 	0.72 	
2.07 	0.64 	
1.82 	0.95 	
1.87 	0.59 	
2.34 	0.81 	
1.65 	0.99 	
2.12 	1.10 	
2.32 	0.90 	
2.28 	0.94 	
1.89 	1.08 	
2.13 	0.92 	
1.97 	0.92 	
1.97 	1.13 	
2.33 	0.82 	
2.15 	0.74 	
2.65 	0.55 	
2.17 	0.61 	
2.21 	0.83 	
2.17 	0.89 	
2.25 	0.86 	
2.29 	1.12 	
2.43 	0.79 	
2.25 	0.83 	
2.28 	0.92 	
1.78 	1.09 	
2.33 	0.73 	
2.16 	0.73 	
1.97 	0.63 	
2.17 	0.80 	
2.10 	0.64 	
1.90 	0.69 	
2.08 	0.68 	
1.94 	0.78 	
2.07 	0.76 	
2.03 	0.73 	
1.84 	0.74 	
2.14 	0.69 	
2.01 	0.71 	
2.13 	0.96 	
2.11 	0.68 	
2.22 	0.59 	
1.91 	0.66 	
2.02 	0.75 	
1.91 	0.80 	
2.11 	0.72 	
2.26 	0.69 	
2.25 	0.65 	
2.15 	0.70 	
2.37 	0.83 	
2.15 	0.67 	
1.96 	0.61 	
2.16 	0.66 	
2.16 	0.67 	
1.75 	0.77 	
2.27 	0.66 	
2.21 	0.79 	
2.26 	0.75 	
2.22 	0.87 	
1.92 	0.81 	
2.00 	0.62 	
2.12 	0.61 	
1.75 	0.85 	
2.13 	0.85 	
2.00 	0.94 	
2.07 	0.72 	
1.82 	0.76 	
2.27 	0.73 	
2.07 	0.76 	
2.00 	0.78 	
2.00 	0.60 	
2.02 	0.65 	
2.19 	0.62 	
2.33 	0.66 	
2.02 	0.68 	
1.86 	1.14 	
2.11 	0.87 	
1.99 	0.74 	
1.94 	0.82 	
2.17 	0.86 	
1.90 	0.69 	
2.23 	0.71 	
1.84 	0.66 	
2.05 	0.73 	
1.89 	0.58 	
2.29 	0.57 	
1.99 	0.74 	
2.15 	0.66 	
2.18 	0.74 	
2.06 	0.71 	
2.27 	0.63 	
2.22 	0.70 	
2.13 	0.77 	
1.96 	0.76 	
2.02 	0.64 	
1.98 	0.65 	
2.17 	0.61 	
2.12 	0.71 	
1.94 	0.65 	
1.93 	0.80 	
2.07 	0.67 	
2.39 	0.76 	
2.00 	0.73 	
2.40 	0.80 	
2.14 	0.75 	
2.30 	0.75 	
2.21 	0.66 	
1.81 	0.81 	
2.36 	0.68 	
2.36 	0.73 	
2.16 	0.80 	
1.99 	0.68 	
2.42 	0.66 	
2.25 	0.69 	
1.93 	0.72 	
2.14 	0.58 	
2.17 	0.75 	
2.17 	0.73 	
1.90 	0.87 	
2.22 	1.00 	
2.12 	0.64 	
2.29 	0.76 	
2.33 	0.76 	
2.24 	0.88 	
2.04 	0.67 	
2.18 	0.99 	
2.09 	0.98 	
2.38 	0.90 	
2.17 	1.02 	
2.34 	1.37 	
2.12 	0.89 	
2.30 	0.67 	
2.08 	0.75 	
1.78 	0.71 	
2.25 	0.82 	
2.21 	0.88 	
2.30 	1.19 	
2.27 	1.26 	
2.41 	1.11 	
2.09 	1.14 	
2.16 	0.91 	
2.39 	1.37 	
1.89 	1.32 	
2.37 	0.94 	
2.17 	1.09 	
2.22 	1.44 	
2.10 	1.16 	
2.01 	1.07 	
2.09 	0.97 	
2.23 	0.81 	
2.40 	0.79 	
2.33 	0.91 	
2.08 	0.90 	
2.13 	0.72 	
1.96 	0.80 	
2.09 	0.85 	
1.94 	0.75 	
2.13 	0.76 	
1.97 	0.91 	
1.83 	0.70 	
2.03 	0.87 	
2.12 	0.71 	
1.86 	0.80 	
1.75 	0.69 	
1.62 	0.77 	
1.80 	0.86 	
1.76 	0.71 	
1.64 	0.60 	
1.99 	0.73 	
1.76 	0.59 	
1.76 	0.78 	
1.85 	0.86 	
1.97 	0.55 	
1.95 	0.77 	
1.93 	0.87 	
1.74 	0.65 	
1.59 	0.73 	
1.60 	0.79 	
1.75 	0.66 	
1.62 	0.71 	
1.68 	0.75 	
1.64 	0.72 	
1.68 	0.59 	
1.71 	0.53 	
1.72 	0.78 	
1.72 	0.61 	
1.71 	0.73 	
1.62 	0.70 	
1.83 	0.75 	
1.79 	0.75 	
2.00 	0.88 	
1.96 	1.01 	
1.85 	0.68 	
1.76 	0.91 	
1.82 	0.76 	
1.88 	0.66 	
1.94 	0.68 	
1.76 	0.74 	
2.16 	0.68 	
2.16 	1.04 	
2.18 	0.78 	
1.80 	1.08 	
1.70 	0.84 	
2.16 	1.06 	
1.92 	1.13 	
1.88 	0.85 	
2.14 	0.80 	
2.27 	0.64 	
2.76 	1.10 	
2.47 	1.03 	
1.78 	0.86 	
2.02 	0.92 	
2.01 	1.09 	
1.82 	0.52 	
2.16 	0.79 	
1.94 	0.90 	
1.70 	0.81 	
2.22 	0.74 	
2.20 	1.07 	
1.94 	1.02 	
1.78 	0.87 	
2.20 	1.00 	
1.85 	0.95 	
1.85 	0.81 	
2.25 	1.02 	
1.75 	0.96 	
1.87 	0.81 	
2.23 	0.83 	
1.97 	0.84 	
1.83 	0.98 	
1.74 	0.67 	
2.00 	0.77 	
1.76 	0.80 	
1.80 	0.73 	
2.06 	0.80 	
1.83 	0.75 	
1.85 	0.63 	
1.84 	0.81 	
1.68 	1.15 	
2.13 	1.40 	
2.22 	1.19 	
2.02 	1.01 	
1.83 	1.06 	
2.15 	1.16 	
1.84 	2.02 	
1.79 	1.77 	
2.01 	1.60 	
2.10 	1.38 	
2.19 	1.58 	
2.09 	1.60 	
1.74 	1.33 	
1.81 	1.15 	
1.86 	1.31 	
1.85 	1.15 	
2.12 	1.19 	
1.85 	1.02 	
1.70 	1.46 	
1.94 	1.01 	
1.77 	0.94 	
1.91 	0.89 	
1.98 	0.87 	
1.89 	1.02 	
2.10 	0.90 	
2.05 	1.20 	
1.76 	0.97 	
2.05 	0.78 	
1.78 	1.42 	
2.08 	0.83 	
1.79 	1.41 	
1.82 	0.97 	
1.81 	1.04 	
1.94 	0.69 	
1.97 	0.79 	
1.97 	0.62 	
1.84 	0.65 	
1.74 	0.64 	
1.91 	0.72 	
1.80 	0.62 	
1.95 	0.91 	
2.27 	0.64 	
1.93 	0.56 	
2.00 	0.75 	
1.93 	0.63 	
1.76 	0.59 	
1.81 	0.58 	
1.81 	0.95 	
2.03 	0.88 	
1.78 	0.93 	
1.72 	0.72 	
1.90 	0.61 	
1.97 	0.98 	
1.87 	0.95 	
2.05 	0.78 	
2.42 	0.78 	
2.14 	0.95 	
1.99 	0.98 	
2.15 	0.79 	
2.10 	0.68 	
2.72 	0.87 	
2.68 	0.96 	
2.46 	0.90 	
2.75 	0.90 	
2.63 	0.93 	
2.22 	0.67 	
2.01 	0.80 	
2.21 	0.74 	
2.27 	0.80 	
2.33 	0.77 	
2.30 	0.55 	
2.86 	0.67 	
2.09 	0.82 	
2.44 	0.77 	
2.30 	0.90 	
2.09 	0.89 	
2.56 	0.85 	
2.46 	0.67 	
2.71 	0.64 	
2.40 	0.69 	
2.37 	0.71 	
2.22 	0.96 	
2.17 	0.81 	
2.25 	0.82 	
2.10 	0.78 	
2.07 	0.69 	
2.81 	0.72 	
2.15 	0.63 	
2.25 	0.65 	
2.27 	0.57 	
2.24 	0.60 	
2.53 	0.89 	
2.62 	1.04 	
2.22 	0.69 	
2.51 	0.74 	
2.78 	0.69 	
2.81 	0.66 	
2.51 	1.13 	
2.58 	0.79 	
2.49 	0.76 	
2.43 	0.66 	
2.30 	0.78 	
2.57 	0.73 	
2.62 	0.68 	
2.21 	0.69 	
2.43 	0.68 	
2.28 	0.59 	
2.19 	0.56 	
2.47 	0.77 	
2.00 	0.90 	
2.52 	0.93 	
1.83 	0.70 	
2.59 	0.71 	
2.46 	0.65 	
2.48 	0.69 	
2.27 	0.70 	
2.84 	0.57 	
1.80 	0.75 	
2.57 	0.66 	
2.63 	0.77 	
2.29 	0.79 	
2.36 	0.72 	
2.50 	0.83 	
2.61 	0.79 	
2.29 	0.78 	
2.55 	1.05 	
2.42 	0.83 	
2.58 	0.96 	
1.95 	0.87 	
2.23 	0.92 	
2.59 	0.92 	
2.30 	1.07 	
2.40 	0.92 	
2.37 	0.84 	
2.97 	0.98 	
2.95 	0.96 	
2.11 	0.86 	
2.15 	0.96 	
2.49 	0.86 	
2.52 	1.15 	
2.47 	0.91 	
2.85 	0.93 	
2.21 	0.92 	
2.52 	0.83 	
2.22 	0.53 	
2.13 	0.56 	
2.08 	0.69 	
2.58 	0.64 	
2.54 	0.96 	
2.46 	0.90 	
2.55 	0.72 	
2.57 	0.70 	
2.29 	0.89 	
1.90 	0.99 	
2.37 	0.78 	
2.27 	0.67 	
2.04 	0.68 	
2.01 	0.75 	
2.12 	0.63 	
2.16 	0.64 	
2.44 	0.77 	
2.04 	0.73 	
2.22 	0.88 	
2.42 	0.81 	
2.41 	0.64 	
2.77 	0.79 	
2.49 	0.67 	
2.66 	0.54 	
2.70 	0.56 	
2.49 	0.77 	
2.28 	0.56 	
2.34 	0.80 	
2.31 	0.76 	
2.24 	0.84 	
2.29 	0.75 	
2.44 	0.72 	
2.38 	0.66 	
2.17 	0.76 	
2.30 	0.68 	
2.29 	0.57 	
2.09 	0.59 	
2.20 	0.64 	
2.44 	0.68 	
1.82 	0.68 	
2.63 	0.81 	
2.14 	0.81 	
1.72 	0.77 	
2.00 	0.72 	
2.07 	0.71 	
2.15 	0.82 	
2.43 	0.58 	
2.31 	0.72 	
2.26 	0.70 	
2.29 	0.73 	
2.40 	0.74 	
2.36 	0.63 	
2.42 	0.70 	
2.36 	1.10 	
2.17 	0.97 	
2.34 	0.77 	
2.10 	0.74 	
2.08 	0.62 	
2.90 	0.64 	
2.65 	0.85 	
2.22 	0.74 	
2.21 	0.74 	
2.28 	0.89 	
2.20 	0.78 	
2.57 	0.64 	
2.51 	0.62 	
2.30 	0.75 	
2.06 	0.75 	
2.03 	0.82 	
2.14 	0.93 	
1.91 	0.79 	
2.07 	0.60 	
1.99 	0.66 	
2.11 	0.79 	
1.92 	0.76 	
2.02 	0.73 	
2.07 	0.63 	
2.12 	0.81 	
2.16 	0.72 	
2.29 	0.91 	
2.27 	0.75 	
2.25 	0.89 	
2.31 	0.85 	
1.98 	0.78 	
2.01 	0.82 	
1.75 	0.78 	
1.97 	0.69 	
1.94 	0.70 	
1.67 	0.71 	
1.77 	0.73 	
2.02 	0.72 	
1.89 	0.69 	
1.97 	0.70 	
1.77 	0.76 	
1.66 	0.81 	
1.53 	0.62 	
1.51 	0.66 	
1.62 	0.77 	
2.02 	0.84 	
1.84 	0.57 	
2.17 	0.69 	
2.01 	0.52 	
1.84 	0.77 	
1.45 	0.67 	
1.59 	0.72 	
1.60 	0.76 	
1.63 	0.66 	
1.70 	0.63 	
1.24 	0.63 	
1.76 	0.66 	
1.81 	0.80 	
2.11 	0.70 	
1.78 	0.69 	
1.86 	0.67 	
1.60 	0.65 	
1.57 	0.64 	
1.46 	0.70 	
1.57 	0.67 	
1.53 	0.78 	
1.56 	0.82 	
1.48 	0.69 	
1.65 	0.72 	
1.37 	0.60 	
1.51 	0.78 	
1.53 	0.69 	
1.70 	0.65 	
1.72 	0.62 	
1.50 	0.59 	
1.30 	0.51 	
1.42 	0.71 	
1.64 	0.70 	
1.71 	0.67 	
1.67 	0.62 	
1.61 	0.73 	
1.51 	0.71 	
1.79 	0.70 	
1.97 	0.66 	
1.44 	0.72 	
1.61 	0.79 	
1.62 	0.58 	
1.26 	0.72 	
1.51 	0.83 	
1.43 	0.67 	
1.36 	0.78 	
1.29 	0.71 	
1.53 	0.64 	
1.52 	0.61 	
1.59 	0.83 	
1.41 	0.63 	
1.16 	0.70 	
1.58 	0.72 	
1.86 	0.63 	
1.84 	0.68 	
1.73 	0.66 	
1.51 	0.64 	
1.50 	0.67 	
1.79 	0.70 	
1.45 	0.83 	
2.19 	0.84 	
1.83 	0.83 	
2.19 	0.91 	
2.18 	0.71 	
1.68 	0.78 	
1.98 	0.70 	
1.99 	0.71 	
2.05 	0.87 	
2.09 	0.67 	
2.27 	0.74 	
2.08 	0.72 	
2.17 	0.75 	
2.29 	0.86 	
1.88 	0.81 	
2.55 	0.79 	
1.78 	0.77 	
1.71 	0.73 	
1.96 	0.75 	
1.92 	0.65 	
2.04 	0.79 	
2.00 	0.80 	
2.08 	0.70 	
2.08 	0.72 	
1.95 	0.68 	
1.68 	1.05 	
1.90 	0.93 	
2.02 	0.60 	
1.78 	0.83 	
1.80 	0.78 	
1.93 	0.96 	
2.23 	0.77 	
2.11 	0.71 	
2.24 	0.82 	
1.90 	0.85 	
2.16 	0.72 	
1.67 	0.71 	
2.12 	0.87 	
1.91 	0.65 	
1.97 	0.76 	
2.10 	0.79 	
2.41 	0.91 	
1.85 	0.88 	
1.93 	0.76 	
1.74 	0.92 	
1.67 	0.94 	
1.80 	0.92 	
2.17 	0.79 	
1.79 	0.79 	
2.21 	0.82 	
1.97 	0.84 	
1.75 	0.91 	
2.03 	0.87 	
2.26 	0.84 	
1.94 	0.91 	
2.23 	0.90 	
2.41 	0.93 	
2.17 	1.04 	
2.02 	1.11 	
1.65 	0.96 	
1.78 	0.89 	
2.20 	0.92 	
1.86 	0.82 	
1.41 	0.97 	
1.38 	0.63 	
2.00 	0.57 	
1.50 	1.03 	
1.49 	0.69 	
1.24 	0.78 	
1.17 	0.84 	
1.26 	0.76 	
1.24 	0.75 	
1.42 	0.93 	
1.03 	0.80 	
1.10 	0.67 	
1.72 	0.56 	
1.74 	0.68 	
1.57 	0.77 	
1.73 	0.58 	
1.27 	0.61 	
1.39 	0.68 	
1.19 	0.65 	
1.51 	0.63 	
1.75 	0.67 	
1.45 	0.66 	
1.11 	0.69 	
1.25 	0.60 	
1.81 	0.83 	
1.40 	0.94 	
1.77 	0.96 	
1.92 	0.85 	
1.78 	0.60 	
1.74 	0.67 	
1.74 	0.62 	
1.83 	0.63 	
1.79 	0.68 	
1.66 	0.77 	
1.52 	0.72 	
1.37 	0.64 	
