4.93 	4.14 	
4.60 	2.31 	
4.10 	4.20 	
4.25 	4.44 	
4.49 	3.99 	
4.25 	3.26 	
4.97 	3.41 	
4.24 	3.04 	
4.98 	3.87 	
4.72 	3.17 	
4.98 	4.37 	
4.76 	2.44 	
4.51 	3.84 	
4.67 	3.59 	
4.26 	3.29 	
4.68 	3.28 	
4.31 	3.53 	
4.92 	4.24 	
4.94 	4.44 	
5.25 	4.63 	
5.80 	4.04 	
5.97 	3.31 	
5.63 	4.36 	
5.91 	3.76 	
5.76 	3.62 	
5.31 	2.70 	
5.27 	3.27 	
5.93 	3.84 	
5.22 	3.29 	
5.33 	4.33 	
5.61 	4.33 	
5.64 	4.29 	
5.77 	4.07 	
5.91 	4.56 	
5.87 	3.92 	
5.35 	4.02 	
5.97 	3.85 	
5.43 	4.18 	
5.40 	3.71 	
5.69 	4.03 	
5.80 	4.40 	
5.47 	4.18 	
5.55 	3.42 	
6.32 	3.62 	
5.56 	2.62 	
5.07 	3.39 	
6.02 	3.13 	
5.81 	3.11 	
6.03 	3.54 	
5.39 	3.49 	
5.27 	3.29 	
5.23 	4.47 	
5.62 	3.80 	
5.20 	4.79 	
5.67 	4.55 	
5.82 	4.93 	
5.33 	4.09 	
5.34 	4.09 	
5.57 	4.80 	
5.77 	5.18 	
5.62 	5.21 	
5.25 	5.43 	
5.66 	5.39 	
5.58 	5.54 	
5.68 	5.31 	
5.77 	5.93 	
5.58 	5.37 	
5.88 	5.09 	
5.70 	4.86 	
5.53 	5.99 	
6.04 	4.83 	
6.93 	5.03 	
6.26 	4.50 	
6.89 	3.69 	
6.74 	4.66 	
6.60 	4.62 	
6.60 	4.86 	
6.98 	5.27 	
6.69 	4.27 	
6.90 	3.88 	
6.51 	4.04 	
7.20 	4.71 	
5.24 	5.07 	
6.31 	4.41 	
5.78 	4.61 	
6.64 	5.97 	
7.13 	5.90 	
6.72 	5.56 	
5.30 	6.44 	
6.40 	6.47 	
6.28 	5.85 	
4.99 	5.44 	
5.56 	5.48 	
5.57 	5.47 	
5.69 	5.94 	
5.58 	5.46 	
6.05 	5.82 	
5.45 	5.97 	
6.12 	6.45 	
5.96 	5.84 	
5.93 	5.81 	
5.71 	6.50 	
5.65 	6.45 	
5.42 	6.14 	
6.06 	5.98 	
6.09 	5.89 	
5.01 	5.88 	
5.62 	6.26 	
5.05 	6.23 	
5.60 	6.24 	
4.92 	5.63 	
5.33 	6.34 	
5.53 	6.71 	
5.07 	6.48 	
5.15 	6.53 	
5.27 	6.82 	
6.33 	6.22 	
6.08 	6.40 	
6.45 	5.78 	
5.86 	5.79 	
5.88 	6.19 	
5.92 	5.47 	
5.48 	6.05 	
5.21 	6.21 	
5.94 	5.91 	
6.20 	6.38 	
5.55 	5.57 	
5.16 	5.67 	
5.59 	6.35 	
6.36 	5.17 	
6.56 	5.45 	
6.19 	6.27 	
6.52 	5.72 	
6.06 	5.49 	
6.44 	6.41 	
6.72 	6.34 	
6.69 	6.29 	
6.31 	6.16 	
6.39 	6.18 	
6.17 	6.02 	
6.21 	5.85 	
6.10 	5.62 	
6.07 	5.60 	
5.97 	5.96 	
6.05 	6.16 	
5.46 	5.66 	
6.25 	5.86 	
6.13 	5.62 	
6.01 	5.74 	
5.73 	5.72 	
5.58 	5.99 	
6.27 	6.02 	
5.71 	4.97 	
6.09 	5.10 	
5.69 	6.23 	
6.06 	5.86 	
5.65 	6.70 	
5.93 	5.60 	
5.90 	4.88 	
5.73 	5.07 	
5.82 	4.84 	
6.07 	4.99 	
6.23 	5.42 	
5.93 	6.17 	
5.56 	5.62 	
5.32 	4.74 	
5.60 	5.07 	
6.46 	4.93 	
5.41 	5.87 	
5.48 	5.95 	
6.06 	5.96 	
5.92 	6.11 	
5.93 	6.00 	
5.89 	5.61 	
6.28 	5.58 	
5.77 	5.22 	
5.46 	5.93 	
5.69 	5.63 	
5.89 	6.21 	
5.81 	5.51 	
5.51 	5.04 	
5.73 	6.14 	
5.42 	5.70 	
5.37 	5.74 	
5.19 	5.30 	
5.60 	5.75 	
6.19 	4.18 	
5.55 	6.42 	
4.58 	5.96 	
4.59 	5.71 	
5.08 	5.98 	
5.32 	5.50 	
5.77 	5.73 	
5.71 	6.38 	
5.53 	6.74 	
5.02 	4.43 	
5.35 	5.47 	
5.65 	5.98 	
6.10 	5.14 	
5.95 	5.53 	
5.75 	4.97 	
6.62 	5.82 	
6.09 	5.85 	
6.02 	4.70 	
5.61 	4.29 	
5.66 	4.15 	
6.41 	6.04 	
5.37 	5.21 	
5.74 	5.66 	
6.24 	4.83 	
5.71 	4.83 	
5.27 	6.26 	
5.71 	6.76 	
6.01 	5.97 	
5.46 	5.59 	
5.61 	5.12 	
5.75 	5.95 	
5.46 	4.77 	
5.61 	5.09 	
5.82 	5.52 	
5.72 	4.96 	
5.57 	4.94 	
5.64 	5.71 	
5.82 	6.14 	
5.52 	5.79 	
5.14 	5.70 	
5.76 	5.14 	
5.65 	6.01 	
6.65 	5.40 	
5.23 	5.13 	
5.96 	4.99 	
5.33 	4.60 	
5.45 	4.18 	
5.53 	4.48 	
5.52 	4.84 	
6.34 	4.73 	
5.82 	4.73 	
6.14 	4.39 	
5.59 	5.02 	
5.43 	4.69 	
5.43 	4.44 	
6.19 	4.60 	
5.96 	4.87 	
5.89 	4.80 	
5.34 	4.44 	
6.37 	4.91 	
5.66 	4.81 	
6.06 	5.54 	
5.78 	5.16 	
5.02 	5.52 	
5.43 	5.64 	
5.60 	5.57 	
5.84 	5.65 	
5.58 	4.33 	
5.63 	5.04 	
5.81 	4.77 	
5.47 	5.33 	
5.22 	4.94 	
5.65 	4.54 	
6.11 	4.46 	
5.95 	4.58 	
5.83 	5.01 	
6.08 	4.84 	
5.27 	4.61 	
6.00 	4.10 	
5.56 	4.17 	
6.47 	5.33 	
5.98 	4.26 	
6.15 	4.62 	
6.00 	5.78 	
6.17 	4.07 	
5.82 	5.11 	
5.82 	4.98 	
4.25 	4.90 	
4.37 	4.70 	
5.51 	5.37 	
6.38 	5.17 	
6.22 	5.28 	
6.47 	4.79 	
6.21 	4.70 	
5.21 	4.26 	
5.81 	6.42 	
6.05 	5.86 	
6.30 	5.94 	
6.17 	6.01 	
6.16 	5.98 	
5.76 	5.72 	
5.56 	5.60 	
6.01 	5.57 	
5.57 	5.07 	
5.59 	5.31 	
5.52 	5.40 	
5.61 	5.29 	
5.38 	5.09 	
5.62 	4.99 	
5.35 	5.53 	
5.52 	4.95 	
6.34 	5.11 	
6.06 	5.34 	
5.69 	5.13 	
5.40 	5.37 	
5.67 	5.70 	
5.84 	6.15 	
5.95 	5.45 	
6.19 	5.19 	
6.07 	5.60 	
6.48 	5.26 	
5.60 	5.05 	
5.20 	5.69 	
5.64 	4.94 	
5.23 	5.19 	
6.32 	5.77 	
6.06 	4.68 	
6.23 	4.81 	
6.53 	6.02 	
6.15 	5.33 	
5.89 	5.96 	
5.67 	4.87 	
6.98 	5.88 	
5.30 	5.76 	
5.77 	6.18 	
5.32 	6.41 	
5.55 	6.59 	
6.26 	6.68 	
6.14 	5.95 	
5.52 	5.91 	
6.20 	5.25 	
5.88 	4.86 	
5.76 	4.19 	
6.05 	5.03 	
5.66 	5.21 	
6.31 	5.09 	
5.74 	5.30 	
6.18 	4.63 	
5.78 	5.69 	
6.35 	5.45 	
5.58 	6.07 	
6.03 	5.44 	
5.59 	5.82 	
6.13 	5.79 	
5.92 	5.31 	
6.12 	5.22 	
6.33 	4.41 	
6.23 	5.03 	
5.41 	4.45 	
5.90 	3.53 	
5.59 	5.62 	
5.13 	5.61 	
5.26 	3.95 	
5.87 	5.13 	
4.57 	4.27 	
5.74 	4.79 	
5.70 	4.05 	
7.02 	4.97 	
5.68 	4.45 	
5.89 	4.56 	
5.55 	5.37 	
6.44 	3.73 	
5.31 	5.64 	
5.44 	4.45 	
5.32 	3.71 	
4.65 	4.40 	
5.84 	4.57 	
5.52 	6.24 	
5.49 	5.47 	
4.95 	5.77 	
5.47 	6.03 	
5.71 	5.86 	
5.38 	5.69 	
5.65 	6.94 	
5.67 	6.47 	
6.03 	4.73 	
5.52 	4.66 	
6.38 	4.96 	
6.49 	5.02 	
6.07 	5.21 	
6.48 	5.77 	
6.71 	5.44 	
6.32 	5.65 	
5.96 	5.10 	
5.58 	5.06 	
6.23 	4.97 	
5.99 	4.23 	
6.17 	4.46 	
6.50 	4.75 	
5.53 	4.54 	
5.88 	4.23 	
5.82 	3.95 	
5.35 	3.87 	
5.60 	4.97 	
6.10 	4.90 	
6.02 	4.96 	
5.75 	4.33 	
5.35 	2.99 	
5.10 	4.34 	
5.35 	4.59 	
6.20 	3.49 	
6.03 	4.44 	
5.29 	3.44 	
5.20 	4.57 	
5.68 	4.38 	
5.57 	3.27 	
6.00 	3.86 	
6.27 	4.33 	
6.45 	4.76 	
5.93 	5.04 	
6.35 	4.58 	
6.70 	4.28 	
6.01 	5.26 	
5.64 	5.57 	
6.09 	4.68 	
6.62 	4.51 	
6.22 	3.84 	
6.39 	5.14 	
6.04 	4.97 	
6.21 	4.46 	
5.69 	4.13 	
5.94 	4.13 	
6.16 	4.34 	
6.23 	4.43 	
5.87 	3.45 	
6.19 	4.15 	
6.42 	4.56 	
6.40 	4.48 	
6.25 	4.84 	
5.93 	3.67 	
5.85 	4.16 	
6.32 	4.12 	
5.76 	5.03 	
5.48 	4.83 	
6.04 	4.58 	
6.15 	5.53 	
6.30 	4.67 	
6.49 	4.47 	
6.66 	4.32 	
6.00 	5.34 	
6.26 	3.65 	
5.85 	3.43 	
5.05 	4.03 	
5.73 	4.22 	
5.25 	6.20 	
5.82 	5.42 	
5.78 	5.66 	
6.79 	5.95 	
5.89 	6.07 	
5.91 	5.68 	
6.20 	5.82 	
6.20 	5.73 	
6.35 	5.87 	
5.91 	6.15 	
6.19 	5.34 	
6.07 	5.72 	
5.67 	6.02 	
6.41 	5.03 	
6.30 	4.75 	
6.23 	5.06 	
6.43 	3.90 	
6.31 	4.04 	
6.78 	4.56 	
5.73 	3.39 	
7.41 	3.74 	
6.80 	2.97 	
6.68 	3.19 	
6.46 	4.37 	
6.26 	4.26 	
6.68 	3.11 	
6.43 	3.40 	
5.98 	3.16 	
6.28 	3.25 	
6.17 	3.03 	
6.18 	3.11 	
6.04 	2.92 	
5.71 	3.09 	
5.77 	3.26 	
5.44 	2.59 	
6.12 	2.56 	
5.39 	2.85 	
5.32 	4.25 	
5.69 	3.20 	
5.55 	3.17 	
6.24 	3.18 	
6.40 	3.86 	
5.94 	3.49 	
6.15 	4.21 	
5.87 	2.31 	
6.44 	3.20 	
5.80 	3.08 	
5.41 	2.68 	
5.88 	2.81 	
5.63 	3.35 	
5.59 	2.82 	
5.60 	3.04 	
6.74 	3.01 	
6.36 	3.19 	
6.81 	2.77 	
6.52 	3.44 	
6.66 	3.49 	
6.65 	3.71 	
6.21 	3.62 	
6.25 	2.67 	
6.30 	2.57 	
5.77 	3.09 	
6.00 	3.37 	
5.77 	3.34 	
5.78 	3.54 	
5.66 	2.44 	
5.95 	3.55 	
6.13 	3.19 	
6.92 	3.84 	
6.00 	3.72 	
6.07 	3.12 	
6.57 	3.18 	
6.83 	3.55 	
6.78 	2.76 	
6.09 	2.61 	
5.61 	2.15 	
6.26 	2.83 	
6.22 	2.90 	
5.22 	2.39 	
5.58 	2.43 	
5.48 	3.55 	
5.55 	2.48 	
5.48 	3.46 	
5.36 	2.81 	
5.58 	2.60 	
6.04 	2.47 	
6.20 	3.53 	
4.93 	3.64 	
5.49 	3.43 	
6.27 	3.18 	
5.16 	4.89 	
4.97 	4.76 	
5.37 	5.07 	
5.78 	4.73 	
5.59 	4.02 	
5.58 	3.58 	
5.98 	3.45 	
5.46 	4.11 	
5.70 	4.15 	
5.49 	3.90 	
6.20 	3.67 	
6.09 	3.84 	
6.18 	3.84 	
6.18 	4.21 	
6.16 	3.72 	
5.81 	4.44 	
5.83 	3.27 	
6.03 	2.87 	
6.27 	2.48 	
5.94 	3.04 	
5.61 	3.45 	
5.28 	3.31 	
5.78 	2.68 	
5.37 	2.90 	
5.63 	3.31 	
5.07 	2.08 	
5.54 	3.21 	
5.67 	4.03 	
5.53 	2.84 	
5.55 	3.71 	
5.42 	4.10 	
5.12 	4.63 	
5.76 	4.16 	
5.19 	4.38 	
5.49 	4.32 	
5.49 	4.57 	
5.55 	4.97 	
5.45 	4.66 	
5.80 	4.72 	
5.50 	4.78 	
5.63 	4.32 	
5.76 	4.04 	
5.68 	4.63 	
5.52 	4.99 	
5.54 	4.96 	
5.09 	3.96 	
5.40 	2.67 	
5.39 	3.15 	
5.42 	2.95 	
5.50 	3.36 	
5.54 	3.63 	
5.16 	3.82 	
5.65 	4.21 	
5.43 	4.48 	
4.92 	4.14 	
5.75 	3.99 	
5.58 	4.12 	
5.35 	2.68 	
6.30 	2.76 	
5.78 	3.64 	
5.29 	4.40 	
5.38 	4.18 	
5.62 	3.49 	
5.38 	3.80 	
5.52 	3.19 	
5.46 	4.40 	
4.90 	3.83 	
5.74 	4.51 	
5.49 	4.18 	
5.38 	4.30 	
5.45 	3.63 	
5.49 	3.75 	
5.57 	3.40 	
5.02 	3.10 	
5.36 	4.79 	
5.50 	3.91 	
5.48 	2.60 	
5.58 	4.48 	
5.53 	3.63 	
5.46 	3.82 	
5.56 	4.11 	
5.57 	3.92 	
5.57 	3.78 	
5.17 	3.64 	
5.58 	3.03 	
5.69 	3.79 	
6.71 	3.18 	
6.32 	3.85 	
5.46 	3.86 	
5.45 	3.86 	
5.51 	4.16 	
5.56 	4.29 	
5.74 	3.48 	
5.59 	4.30 	
5.15 	4.32 	
6.35 	3.96 	
5.85 	3.79 	
5.93 	3.50 	
5.48 	3.57 	
5.63 	3.85 	
5.88 	4.26 	
5.70 	4.32 	
5.46 	3.52 	
5.84 	3.76 	
5.55 	3.76 	
5.62 	3.51 	
5.49 	4.06 	
5.51 	3.88 	
5.13 	2.56 	
5.75 	2.80 	
5.24 	3.06 	
5.33 	2.39 	
6.00 	2.58 	
5.80 	2.12 	
6.10 	2.17 	
6.00 	2.72 	
5.60 	2.99 	
5.68 	2.88 	
5.45 	4.14 	
4.82 	3.87 	
5.38 	3.64 	
5.52 	3.12 	
5.01 	3.13 	
4.94 	3.77 	
5.15 	3.29 	
5.03 	3.51 	
5.21 	3.67 	
4.72 	2.76 	
4.90 	3.29 	
5.52 	3.62 	
4.88 	3.51 	
3.94 	3.44 	
4.66 	2.32 	
4.53 	4.07 	
4.06 	4.09 	
5.50 	3.39 	
4.30 	2.25 	
5.54 	2.83 	
4.67 	4.63 	
5.17 	4.90 	
4.93 	3.87 	
4.80 	3.98 	
5.48 	3.52 	
5.88 	5.11 	
5.34 	5.04 	
5.25 	5.40 	
4.84 	4.36 	
5.52 	4.59 	
5.29 	4.53 	
5.60 	5.07 	
5.49 	5.75 	
5.33 	5.34 	
6.20 	4.95 	
5.47 	5.84 	
5.74 	4.60 	
5.89 	4.39 	
6.33 	4.09 	
5.97 	4.52 	
5.58 	4.61 	
5.46 	4.73 	
5.96 	4.85 	
5.13 	4.77 	
5.28 	4.29 	
4.69 	4.21 	
5.62 	5.37 	
5.20 	3.82 	
5.04 	4.92 	
5.16 	4.24 	
5.38 	3.89 	
5.44 	3.84 	
5.01 	3.60 	
4.58 	4.97 	
4.98 	4.32 	
3.94 	3.90 	
5.20 	4.51 	
5.25 	3.68 	
5.69 	4.21 	
5.46 	4.47 	
6.27 	3.78 	
5.72 	4.52 	
5.92 	3.83 	
5.40 	3.91 	
5.72 	4.14 	
5.69 	4.21 	
5.60 	4.06 	
6.01 	3.96 	
5.81 	4.94 	
5.83 	4.69 	
5.47 	4.57 	
5.68 	4.68 	
5.25 	5.20 	
5.60 	4.73 	
5.54 	3.87 	
5.75 	3.85 	
5.08 	3.74 	
4.84 	4.41 	
4.92 	4.73 	
5.24 	5.14 	
5.34 	4.76 	
4.65 	5.66 	
5.17 	4.55 	
5.47 	5.19 	
5.76 	4.18 	
4.86 	4.16 	
4.93 	3.78 	
4.52 	4.45 	
5.55 	4.28 	
5.30 	3.95 	
5.15 	4.56 	
5.17 	4.37 	
5.55 	4.04 	
5.89 	4.56 	
5.61 	4.87 	
5.74 	5.63 	
5.58 	5.49 	
5.82 	4.38 	
6.25 	6.51 	
6.33 	4.25 	
4.95 	5.88 	
5.86 	3.97 	
4.87 	4.17 	
4.98 	4.59 	
5.29 	3.74 	
5.29 	5.40 	
6.19 	4.16 	
6.33 	4.22 	
5.39 	3.55 	
4.99 	5.27 	
5.50 	3.08 	
5.83 	5.19 	
5.27 	3.83 	
6.54 	4.70 	
6.14 	5.32 	
5.23 	3.61 	
5.65 	3.33 	
5.69 	4.00 	
5.45 	3.98 	
5.03 	3.60 	
5.73 	4.61 	
6.01 	5.91 	
6.12 	5.76 	
5.20 	4.81 	
5.00 	5.33 	
6.91 	5.49 	
5.70 	4.58 	
5.07 	3.31 	
6.85 	3.33 	
6.65 	4.05 	
5.36 	4.29 	
5.43 	4.76 	
5.83 	3.49 	
5.16 	4.96 	
5.40 	4.13 	
5.49 	4.00 	
6.07 	5.00 	
5.81 	4.65 	
4.92 	4.79 	
4.50 	6.00 	
5.57 	5.18 	
4.13 	3.85 	
5.59 	5.15 	
6.09 	4.69 	
5.59 	4.45 	
5.68 	4.17 	
6.06 	4.13 	
7.08 	5.00 	
6.29 	5.13 	
5.51 	4.94 	
5.80 	5.97 	
6.15 	6.12 	
5.94 	4.79 	
5.87 	4.15 	
5.94 	5.24 	
6.19 	3.50 	
5.88 	4.37 	
4.47 	3.55 	
4.51 	3.60 	
5.31 	4.13 	
4.26 	4.63 	
5.65 	3.81 	
5.91 	4.60 	
4.97 	4.60 	
5.03 	3.87 	
5.95 	4.96 	
5.49 	5.22 	
6.09 	3.81 	
6.16 	4.38 	
4.94 	5.18 	
5.75 	4.45 	
5.51 	5.20 	
5.32 	5.83 	
6.22 	5.51 	
6.06 	5.95 	
6.12 	3.90 	
6.07 	4.72 	
6.03 	4.65 	
6.52 	4.08 	
6.60 	4.79 	
6.36 	5.40 	
5.66 	4.10 	
6.16 	3.99 	
5.80 	3.75 	
5.91 	4.10 	
6.09 	3.90 	
4.86 	4.12 	
5.32 	3.32 	
6.17 	4.08 	
5.60 	4.01 	
5.89 	4.60 	
5.33 	3.09 	
5.49 	4.50 	
4.93 	4.38 	
5.28 	6.04 	
5.81 	5.88 	
5.28 	5.21 	
6.28 	5.32 	
6.19 	5.53 	
6.00 	5.11 	
6.43 	6.11 	
6.08 	6.35 	
5.82 	6.49 	
6.02 	5.59 	
4.94 	5.50 	
5.46 	6.08 	
5.68 	5.60 	
5.98 	4.95 	
5.81 	5.29 	
6.21 	5.68 	
5.98 	6.47 	
6.24 	5.77 	
6.38 	5.60 	
5.96 	5.43 	
6.48 	5.77 	
6.07 	4.63 	
5.62 	5.00 	
5.85 	4.71 	
5.32 	5.53 	
5.88 	5.46 	
5.17 	5.77 	
6.31 	5.75 	
5.98 	5.33 	
6.35 	5.41 	
6.65 	5.91 	
6.23 	4.88 	
7.08 	5.19 	
6.45 	5.65 	
6.66 	5.73 	
6.19 	5.43 	
6.01 	6.11 	
6.05 	6.13 	
6.22 	5.78 	
6.78 	5.96 	
6.22 	5.60 	
6.22 	5.95 	
6.27 	6.11 	
6.16 	5.96 	
5.87 	5.57 	
6.26 	5.27 	
6.38 	5.60 	
6.58 	5.62 	
6.23 	5.58 	
5.85 	6.06 	
6.08 	6.47 	
5.35 	6.02 	
6.15 	6.34 	
6.36 	6.19 	
6.35 	6.09 	
6.41 	5.81 	
5.85 	5.85 	
5.88 	5.54 	
5.69 	5.89 	
5.80 	5.74 	
5.45 	5.97 	
5.59 	5.87 	
5.93 	6.22 	
5.99 	5.98 	
6.26 	5.16 	
6.01 	5.87 	
6.09 	5.59 	
6.14 	5.11 	
6.60 	5.99 	
5.98 	6.24 	
5.84 	6.21 	
5.97 	6.02 	
5.60 	6.08 	
5.82 	6.08 	
6.05 	6.09 	
6.04 	6.31 	
6.15 	6.43 	
6.58 	5.54 	
6.22 	6.18 	
6.15 	5.77 	
6.19 	6.02 	
6.48 	6.03 	
6.39 	5.83 	
6.34 	6.17 	
6.74 	5.40 	
6.48 	5.66 	
6.62 	5.83 	
5.06 	5.84 	
5.02 	4.72 	
5.15 	4.75 	
4.13 	4.30 	
3.86 	5.67 	
4.41 	5.68 	
4.45 	5.98 	
4.51 	6.78 	
4.60 	5.60 	
5.02 	6.31 	
5.33 	6.29 	
5.08 	5.42 	
3.88 	5.32 	
4.78 	6.21 	
4.34 	6.32 	
4.95 	6.25 	
4.89 	4.84 	
5.72 	5.36 	
4.69 	5.32 	
4.98 	5.49 	
4.73 	5.89 	
4.83 	5.85 	
5.13 	5.64 	
4.49 	6.12 	
4.60 	6.43 	
4.42 	5.95 	
5.36 	5.61 	
5.45 	5.55 	
4.42 	5.55 	
4.68 	6.06 	
4.36 	5.18 	
3.93 	6.11 	
4.88 	6.12 	
4.88 	5.31 	
4.94 	5.80 	
4.34 	5.85 	
5.08 	5.30 	
4.93 	6.05 	
4.92 	4.97 	
4.87 	5.75 	
4.93 	6.07 	
4.47 	6.39 	
4.93 	5.92 	
4.99 	5.65 	
4.62 	5.84 	
4.86 	5.46 	
4.75 	5.65 	
4.35 	5.90 	
4.38 	6.22 	
4.31 	6.32 	
4.58 	6.18 	
4.68 	5.94 	
4.27 	6.08 	
4.47 	6.02 	
4.30 	5.70 	
4.67 	5.52 	
4.96 	6.20 	
4.62 	6.22 	
4.67 	6.11 	
4.01 	5.47 	
4.18 	6.27 	
4.25 	5.94 	
4.44 	6.08 	
4.02 	5.93 	
4.58 	5.91 	
4.60 	5.77 	
4.77 	5.57 	
4.20 	5.77 	
4.38 	5.67 	
4.88 	6.04 	
5.00 	6.06 	
4.56 	5.69 	
4.96 	5.65 	
4.69 	4.64 	
4.43 	4.26 	
4.61 	4.41 	
4.42 	4.12 	
4.29 	4.65 	
4.70 	4.06 	
4.28 	4.57 	
4.76 	2.95 	
4.52 	3.93 	
5.21 	5.58 	
4.88 	5.17 	
5.17 	5.44 	
5.86 	5.32 	
5.31 	5.05 	
5.98 	4.49 	
7.23 	4.51 	
6.63 	4.29 	
6.61 	4.58 	
6.01 	4.68 	
6.56 	4.93 	
6.77 	5.55 	
6.53 	5.03 	
6.54 	4.88 	
6.11 	4.73 	
6.76 	3.98 	
6.18 	4.94 	
7.00 	4.53 	
6.12 	5.51 	
7.27 	4.86 	
5.83 	4.60 	
6.26 	5.06 	
6.04 	4.40 	
6.40 	4.98 	
6.42 	4.97 	
6.16 	4.82 	
6.17 	4.71 	
6.59 	5.39 	
6.48 	4.95 	
6.03 	5.38 	
6.21 	4.84 	
5.75 	5.00 	
6.27 	5.10 	
6.17 	5.47 	
6.50 	4.78 	
6.37 	4.93 	
6.21 	4.51 	
6.22 	4.88 	
6.45 	4.96 	
6.13 	5.02 	
6.07 	4.74 	
6.28 	5.23 	
6.54 	5.49 	
6.19 	5.93 	
6.04 	5.34 	
6.45 	5.05 	
6.37 	4.86 	
6.86 	4.53 	
5.91 	5.43 	
6.16 	4.81 	
6.94 	4.84 	
6.03 	5.40 	
6.42 	5.56 	
6.88 	6.33 	
6.75 	6.55 	
7.08 	5.46 	
6.57 	5.74 	
5.91 	5.26 	
7.08 	6.39 	
6.24 	5.86 	
6.85 	5.86 	
6.28 	5.31 	
6.80 	5.05 	
6.21 	5.12 	
6.66 	6.06 	
6.40 	3.96 	
6.41 	5.99 	
6.24 	5.66 	
6.43 	5.92 	
6.48 	5.58 	
6.46 	5.25 	
7.13 	4.66 	
6.80 	5.89 	
6.69 	6.37 	
7.55 	5.60 	
7.31 	5.44 	
6.74 	5.06 	
6.95 	6.73 	
7.17 	6.93 	
6.76 	6.40 	
7.53 	5.74 	
7.05 	4.54 	
7.14 	6.04 	
6.94 	4.97 	
6.88 	4.94 	
6.76 	3.72 	
7.30 	4.99 	
7.16 	5.25 	
7.78 	5.06 	
7.06 	4.94 	
7.37 	6.42 	
6.85 	5.08 	
7.12 	5.27 	
7.29 	5.82 	
6.38 	4.74 	
7.82 	5.50 	
7.06 	4.64 	
6.94 	4.23 	
7.05 	5.53 	
6.90 	5.93 	
6.41 	4.40 	
7.19 	5.28 	
7.14 	5.79 	
7.00 	5.75 	
6.45 	6.78 	
6.54 	6.38 	
7.05 	5.82 	
6.53 	6.15 	
7.23 	5.08 	
7.21 	4.89 	
7.26 	5.72 	
6.68 	5.47 	
7.10 	6.61 	
6.43 	6.52 	
6.46 	6.49 	
6.90 	6.07 	
6.88 	5.64 	
6.83 	5.25 	
5.82 	5.41 	
6.69 	4.80 	
6.78 	6.08 	
5.64 	5.98 	
6.13 	4.60 	
7.12 	4.90 	
6.83 	5.94 	
6.46 	5.09 	
6.33 	5.27 	
6.35 	6.35 	
6.33 	6.05 	
7.14 	6.05 	
6.10 	5.96 	
6.36 	5.14 	
6.38 	5.39 	
6.36 	6.25 	
6.35 	5.60 	
6.38 	6.19 	
6.95 	6.46 	
7.50 	5.92 	
6.96 	6.07 	
6.32 	6.48 	
6.99 	6.00 	
6.60 	6.19 	
6.81 	6.51 	
7.08 	5.88 	
7.10 	5.70 	
6.52 	6.63 	
6.57 	6.20 	
7.52 	6.77 	
6.53 	6.36 	
7.29 	7.00 	
6.92 	6.84 	
6.59 	6.44 	
7.58 	6.09 	
6.63 	5.96 	
7.04 	4.80 	
6.43 	5.58 	
6.31 	6.40 	
6.65 	5.72 	
5.94 	6.58 	
6.01 	6.10 	
6.20 	6.27 	
5.56 	6.28 	
5.59 	6.94 	
6.22 	7.82 	
5.96 	5.23 	
6.33 	6.09 	
5.83 	5.67 	
5.47 	5.98 	
5.12 	5.89 	
5.76 	4.37 	
6.01 	5.22 	
5.85 	5.42 	
5.88 	5.99 	
5.66 	4.81 	
5.59 	5.67 	
5.99 	5.50 	
6.31 	5.41 	
5.32 	5.51 	
5.65 	5.56 	
5.83 	6.32 	
5.66 	6.91 	
5.90 	5.46 	
5.20 	6.41 	
6.44 	5.95 	
6.70 	6.85 	
6.22 	5.83 	
6.05 	6.69 	
5.68 	7.38 	
6.18 	6.75 	
6.57 	6.60 	
6.43 	6.31 	
7.02 	6.57 	
6.81 	6.48 	
7.25 	6.22 	
6.82 	7.82 	
6.68 	8.10 	
6.89 	7.04 	
6.67 	7.63 	
6.59 	7.06 	
6.62 	6.58 	
6.99 	6.18 	
7.01 	6.54 	
6.54 	6.99 	
6.20 	6.91 	
5.88 	6.63 	
6.36 	6.62 	
6.33 	4.97 	
6.47 	5.93 	
6.31 	6.27 	
6.41 	6.47 	
5.83 	5.58 	
6.09 	6.52 	
6.76 	6.74 	
6.41 	6.29 	
5.71 	6.48 	
5.80 	6.17 	
5.44 	5.52 	
6.31 	6.81 	
6.67 	7.20 	
6.36 	6.29 	
6.60 	7.09 	
6.21 	7.36 	
6.65 	6.80 	
6.61 	7.17 	
6.97 	6.75 	
6.66 	7.41 	
6.85 	5.90 	
6.63 	6.09 	
6.76 	6.20 	
6.60 	6.16 	
6.55 	6.52 	
6.61 	6.57 	
6.92 	5.57 	
6.93 	6.67 	
6.55 	6.71 	
7.06 	5.68 	
6.65 	6.22 	
7.22 	6.77 	
6.25 	7.07 	
6.46 	6.13 	
5.95 	6.87 	
6.30 	6.93 	
7.19 	6.03 	
7.25 	7.02 	
7.45 	7.17 	
7.76 	5.87 	
7.21 	5.89 	
7.37 	6.63 	
6.80 	5.52 	
7.40 	5.23 	
6.22 	5.70 	
5.94 	4.77 	
6.07 	5.90 	
6.35 	5.71 	
7.74 	5.84 	
7.04 	6.59 	
7.37 	7.76 	
6.79 	6.65 	
7.39 	6.41 	
7.09 	6.50 	
7.14 	7.04 	
6.78 	6.77 	
6.75 	6.90 	
6.33 	5.98 	
5.43 	6.82 	
6.54 	6.97 	
6.86 	6.74 	
7.40 	6.59 	
7.51 	7.06 	
6.34 	7.69 	
7.52 	7.50 	
7.01 	6.71 	
5.86 	6.57 	
6.72 	5.95 	
6.36 	7.34 	
6.01 	6.99 	
6.14 	7.23 	
6.47 	6.97 	
6.89 	5.87 	
7.16 	6.16 	
6.79 	6.66 	
6.79 	7.65 	
6.79 	6.84 	
6.70 	6.25 	
6.89 	5.77 	
6.55 	6.42 	
6.50 	5.72 	
6.65 	5.55 	
7.07 	6.58 	
6.95 	6.39 	
7.66 	6.81 	
7.46 	7.90 	
6.57 	6.23 	
6.73 	7.70 	
6.71 	7.48 	
6.71 	6.46 	
6.39 	7.41 	
6.62 	6.33 	
6.65 	6.90 	
6.62 	6.37 	
6.09 	6.62 	
6.41 	6.52 	
6.51 	5.44 	
5.93 	6.17 	
5.86 	6.43 	
6.35 	6.18 	
6.09 	6.52 	
6.25 	6.68 	
5.95 	6.49 	
6.09 	5.76 	
6.22 	5.95 	
6.28 	6.01 	
6.69 	5.45 	
6.44 	5.73 	
6.57 	5.35 	
6.54 	6.50 	
6.69 	5.54 	
5.99 	5.85 	
6.18 	6.76 	
6.24 	6.00 	
5.30 	4.85 	
5.13 	6.04 	
4.69 	7.39 	
5.02 	5.73 	
5.62 	5.46 	
5.76 	5.79 	
5.84 	6.28 	
4.43 	6.36 	
5.85 	4.80 	
5.98 	5.41 	
5.22 	6.69 	
5.15 	6.70 	
5.18 	6.69 	
5.81 	6.86 	
5.16 	6.52 	
5.55 	6.67 	
5.22 	7.02 	
5.76 	7.22 	
5.41 	7.16 	
4.93 	6.27 	
4.38 	7.12 	
5.71 	5.87 	
4.41 	6.04 	
4.70 	6.41 	
5.84 	6.45 	
5.78 	6.18 	
5.12 	5.98 	
5.36 	6.17 	
4.64 	6.32 	
4.99 	5.90 	
5.77 	6.72 	
5.34 	7.09 	
4.99 	6.75 	
5.42 	7.13 	
4.95 	4.97 	
5.35 	5.70 	
4.81 	6.85 	
5.40 	6.32 	
5.57 	5.58 	
5.61 	6.64 	
5.16 	6.70 	
5.55 	6.00 	
5.25 	6.61 	
4.94 	6.36 	
5.01 	6.40 	
5.20 	6.01 	
4.88 	6.10 	
4.69 	6.05 	
5.06 	6.37 	
4.80 	6.30 	
4.60 	7.31 	
5.44 	7.33 	
5.71 	6.84 	
5.29 	6.14 	
5.60 	7.25 	
5.56 	6.22 	
5.88 	6.27 	
4.83 	6.30 	
5.92 	6.57 	
5.74 	6.27 	
5.58 	6.22 	
5.43 	7.37 	
5.29 	6.32 	
5.38 	6.54 	
5.44 	5.96 	
5.70 	7.19 	
5.42 	6.72 	
4.92 	7.25 	
4.82 	7.94 	
5.61 	7.17 	
5.33 	7.17 	
5.20 	6.25 	
5.16 	7.34 	
4.47 	6.97 	
4.18 	7.56 	
4.42 	6.57 	
4.22 	6.15 	
4.41 	6.74 	
4.37 	6.65 	
4.40 	5.74 	
4.84 	6.38 	
4.19 	6.86 	
5.00 	6.84 	
4.50 	6.79 	
4.34 	6.88 	
4.53 	6.27 	
4.99 	6.29 	
5.15 	5.97 	
4.30 	6.75 	
4.30 	7.06 	
4.49 	7.01 	
4.44 	7.10 	
4.19 	7.29 	
4.47 	7.06 	
4.38 	7.34 	
4.73 	7.60 	
4.51 	6.50 	
4.56 	6.55 	
4.94 	6.97 	
4.47 	6.94 	
4.54 	6.79 	
4.65 	6.98 	
4.22 	6.77 	
4.90 	6.27 	
4.63 	6.01 	
4.20 	6.17 	
4.90 	6.56 	
4.72 	6.67 	
4.67 	6.62 	
4.67 	5.96 	
4.44 	6.27 	
4.57 	5.41 	
4.03 	6.44 	
4.31 	6.00 	
4.22 	5.73 	
4.68 	6.95 	
5.30 	6.59 	
4.24 	7.30 	
4.95 	7.13 	
4.67 	6.84 	
4.41 	6.93 	
4.81 	6.02 	
4.93 	7.68 	
4.34 	7.26 	
4.22 	7.35 	
4.70 	6.59 	
4.28 	5.71 	
4.30 	7.77 	
4.18 	5.81 	
4.54 	5.49 	
4.25 	7.39 	
4.18 	7.47 	
4.12 	7.01 	
4.32 	8.38 	
4.60 	7.11 	
4.36 	6.75 	
3.91 	7.86 	
4.01 	8.17 	
3.77 	6.02 	
4.27 	6.45 	
3.83 	6.01 	
4.15 	5.49 	
4.28 	5.99 	
4.46 	4.78 	
4.90 	5.69 	
4.61 	6.30 	
5.21 	5.61 	
4.04 	5.93 	
4.31 	5.43 	
3.94 	5.03 	
4.22 	7.20 	
4.11 	7.19 	
4.41 	7.44 	
4.72 	6.62 	
4.41 	8.00 	
4.38 	7.52 	
4.31 	6.84 	
4.23 	7.20 	
4.76 	6.80 	
4.57 	6.98 	
5.00 	7.59 	
5.01 	7.00 	
5.25 	6.33 	
4.89 	6.77 	
4.96 	7.01 	
4.52 	7.39 	
4.74 	7.00 	
4.98 	6.79 	
4.89 	6.64 	
5.58 	5.12 	
5.18 	7.01 	
5.14 	7.67 	
4.90 	7.93 	
4.70 	7.54 	
4.97 	8.49 	
4.67 	8.31 	
6.22 	7.84 	
4.89 	8.49 	
5.43 	8.10 	
5.25 	8.17 	
5.16 	8.30 	
5.41 	7.83 	
4.79 	8.23 	
6.03 	8.21 	
4.89 	8.44 	
4.97 	8.38 	
5.01 	8.36 	
5.11 	8.35 	
4.17 	7.87 	
5.02 	7.48 	
4.35 	8.52 	
4.76 	8.40 	
4.33 	8.09 	
4.45 	6.90 	
3.94 	7.25 	
4.70 	5.65 	
4.65 	6.51 	
4.71 	5.86 	
4.21 	6.91 	
4.52 	6.80 	
4.77 	6.90 	
4.53 	7.29 	
4.69 	6.33 	
4.37 	6.93 	
4.36 	7.66 	
4.19 	7.21 	
4.17 	6.86 	
4.11 	7.56 	
4.26 	7.04 	
4.34 	7.25 	
4.84 	7.33 	
4.04 	7.39 	
4.50 	6.66 	
4.15 	6.05 	
4.22 	6.13 	
4.16 	7.09 	
4.31 	6.05 	
3.86 	5.73 	
4.60 	6.24 	
3.60 	6.45 	
3.73 	6.76 	
3.91 	6.73 	
3.91 	6.56 	
4.21 	7.88 	
4.30 	6.47 	
4.50 	6.34 	
5.09 	7.40 	
5.32 	5.94 	
4.61 	6.31 	
3.98 	7.23 	
4.81 	7.71 	
4.48 	7.47 	
4.57 	7.28 	
4.30 	7.40 	
4.47 	5.77 	
4.93 	5.90 	
4.40 	6.74 	
3.91 	5.90 	
4.58 	7.81 	
4.19 	6.87 	
4.30 	7.05 	
4.33 	6.92 	
4.71 	6.31 	
4.40 	5.93 	
4.52 	7.07 	
4.12 	6.14 	
5.62 	7.00 	
5.81 	6.74 	
5.44 	5.38 	
5.90 	6.51 	
5.37 	6.13 	
4.55 	6.04 	
5.19 	6.38 	
5.28 	6.08 	
6.27 	6.54 	
5.40 	6.12 	
5.95 	6.26 	
4.47 	5.85 	
4.87 	5.86 	
5.66 	6.42 	
5.95 	6.18 	
5.99 	7.53 	
6.10 	7.34 	
6.33 	6.86 	
6.55 	6.84 	
5.78 	6.39 	
5.77 	6.19 	
6.34 	5.89 	
5.76 	5.40 	
5.87 	4.41 	
6.03 	5.20 	
4.95 	4.17 	
5.89 	4.40 	
5.46 	4.52 	
6.33 	5.29 	
5.78 	4.93 	
5.93 	4.78 	
5.82 	4.46 	
5.70 	4.16 	
5.54 	4.38 	
6.53 	4.63 	
5.89 	4.62 	
6.08 	5.40 	
5.59 	4.69 	
5.54 	4.19 	
5.60 	5.00 	
4.90 	4.57 	
4.95 	4.14 	
5.27 	4.15 	
5.71 	4.60 	
5.43 	4.64 	
4.76 	4.46 	
5.42 	5.14 	
5.47 	5.02 	
5.83 	5.23 	
5.97 	5.31 	
4.89 	4.10 	
5.96 	5.16 	
6.15 	4.81 	
4.43 	5.01 	
4.52 	4.33 	
5.01 	4.51 	
6.54 	4.87 	
5.86 	4.13 	
5.37 	4.09 	
5.58 	4.75 	
5.58 	4.42 	
5.54 	5.11 	
6.38 	4.45 	
6.22 	5.63 	
6.36 	4.17 	
5.93 	4.11 	
6.32 	4.93 	
6.24 	3.73 	
6.16 	4.41 	
5.88 	4.03 	
5.75 	4.11 	
5.69 	4.28 	
5.60 	4.21 	
5.61 	3.97 	
5.79 	4.58 	
6.56 	4.41 	
6.07 	4.91 	
5.60 	4.23 	
5.79 	4.89 	
6.09 	5.15 	
5.51 	5.03 	
6.54 	4.49 	
6.01 	4.50 	
5.88 	4.78 	
6.06 	5.06 	
5.21 	4.22 	
5.74 	4.46 	
6.78 	4.55 	
5.53 	4.40 	
5.23 	4.31 	
5.31 	4.69 	
6.68 	5.15 	
6.16 	5.20 	
5.24 	4.12 	
5.04 	4.46 	
5.22 	4.65 	
5.03 	4.41 	
5.86 	4.20 	
5.18 	4.55 	
4.12 	4.68 	
4.71 	4.50 	
4.48 	4.01 	
4.81 	4.23 	
4.86 	4.63 	
4.30 	5.44 	
4.50 	4.78 	
5.49 	4.11 	
4.82 	4.42 	
5.20 	4.18 	
4.77 	4.56 	
5.23 	4.34 	
4.86 	4.28 	
4.65 	4.35 	
4.08 	5.77 	
5.76 	6.09 	
5.59 	5.32 	
4.85 	4.71 	
5.34 	5.68 	
5.69 	6.04 	
5.34 	6.16 	
5.42 	6.40 	
5.68 	6.31 	
5.58 	6.45 	
6.19 	5.42 	
5.62 	5.90 	
6.23 	5.99 	
6.19 	5.66 	
5.33 	5.89 	
5.99 	5.95 	
5.93 	5.76 	
6.20 	6.08 	
6.02 	6.00 	
5.12 	6.54 	
5.74 	5.94 	
5.64 	5.32 	
6.03 	5.25 	
5.81 	5.75 	
5.40 	6.54 	
5.22 	5.76 	
5.69 	6.57 	
5.47 	6.60 	
5.16 	6.53 	
5.11 	6.81 	
5.30 	6.69 	
5.48 	6.10 	
6.15 	5.93 	
6.15 	6.08 	
5.87 	6.86 	
5.92 	6.33 	
5.51 	6.43 	
5.47 	6.03 	
5.86 	6.05 	
5.41 	5.55 	
5.46 	6.35 	
5.70 	6.51 	
5.73 	6.66 	
5.26 	6.78 	
5.97 	5.54 	
5.52 	6.03 	
6.05 	6.16 	
6.12 	6.11 	
5.21 	5.51 	
5.59 	6.83 	
6.07 	6.82 	
5.54 	6.51 	
5.75 	5.18 	
6.09 	6.57 	
6.23 	6.35 	
5.98 	6.30 	
5.55 	6.74 	
5.92 	6.35 	
5.67 	6.54 	
6.27 	6.65 	
5.64 	5.97 	
6.26 	5.63 	
6.22 	7.28 	
5.71 	6.57 	
5.99 	6.44 	
5.66 	7.18 	
5.75 	6.33 	
5.83 	6.50 	
6.09 	7.05 	
6.13 	6.25 	
5.74 	6.45 	
5.64 	7.44 	
5.16 	8.37 	
6.50 	7.07 	
6.48 	6.41 	
6.10 	7.63 	
6.09 	7.01 	
5.81 	5.93 	
6.03 	6.04 	
5.84 	7.56 	
6.06 	6.39 	
6.23 	7.10 	
6.01 	6.52 	
6.16 	7.49 	
5.79 	8.08 	
5.52 	7.25 	
5.28 	6.87 	
5.54 	6.48 	
5.28 	5.95 	
5.72 	6.87 	
6.02 	7.09 	
6.41 	7.38 	
6.13 	7.40 	
6.44 	7.53 	
5.97 	7.65 	
6.04 	7.87 	
6.26 	7.22 	
6.18 	7.46 	
6.30 	7.46 	
6.36 	7.73 	
5.91 	7.46 	
6.12 	7.92 	
5.62 	6.82 	
5.93 	7.90 	
6.15 	6.47 	
6.58 	7.44 	
6.18 	7.43 	
5.33 	7.88 	
6.05 	7.15 	
6.30 	7.94 	
5.99 	7.73 	
6.11 	8.15 	
5.99 	7.64 	
6.27 	7.65 	
5.81 	7.51 	
6.40 	8.22 	
6.40 	7.24 	
5.59 	7.56 	
5.77 	6.92 	
6.12 	7.81 	
6.16 	7.93 	
6.41 	7.97 	
5.61 	7.02 	
6.36 	7.25 	
5.10 	7.27 	
5.84 	6.30 	
5.63 	7.32 	
5.86 	6.86 	
6.10 	7.48 	
5.91 	7.26 	
6.10 	6.45 	
5.97 	6.95 	
5.98 	6.22 	
6.30 	7.13 	
6.03 	7.49 	
6.62 	7.16 	
6.22 	7.85 	
6.28 	7.55 	
5.94 	7.63 	
6.09 	7.30 	
5.70 	7.76 	
6.28 	7.61 	
5.87 	7.01 	
6.36 	8.26 	
5.99 	7.41 	
6.19 	8.45 	
5.54 	7.63 	
5.73 	7.48 	
5.55 	7.74 	
4.78 	8.27 	
4.77 	7.83 	
4.95 	7.50 	
5.63 	8.51 	
5.21 	7.75 	
5.99 	9.57 	
5.72 	7.43 	
6.35 	7.41 	
5.65 	8.80 	
6.16 	7.09 	
6.38 	7.39 	
6.75 	6.26 	
6.23 	6.78 	
5.29 	6.57 	
5.88 	5.75 	
6.57 	5.94 	
5.92 	6.27 	
5.64 	5.90 	
5.64 	6.45 	
4.78 	7.39 	
5.23 	7.43 	
5.28 	7.17 	
5.53 	6.93 	
5.66 	6.43 	
5.04 	5.77 	
5.31 	6.25 	
5.05 	6.74 	
4.62 	6.20 	
5.31 	6.07 	
5.07 	6.69 	
6.50 	6.73 	
6.12 	5.04 	
6.04 	5.71 	
6.44 	6.95 	
5.81 	6.38 	
6.41 	5.43 	
6.27 	4.78 	
6.38 	5.83 	
5.85 	6.01 	
5.56 	4.94 	
5.05 	6.03 	
5.80 	5.47 	
5.85 	5.00 	
6.05 	5.49 	
5.94 	5.01 	
6.00 	5.06 	
5.85 	6.07 	
6.37 	6.57 	
5.38 	5.17 	
6.00 	5.81 	
5.87 	5.10 	
6.15 	4.56 	
5.59 	5.55 	
5.95 	5.86 	
6.02 	6.03 	
6.03 	5.18 	
6.00 	5.42 	
5.93 	5.27 	
6.37 	5.61 	
6.09 	4.94 	
6.40 	4.46 	
5.58 	4.78 	
5.86 	5.55 	
5.53 	5.48 	
6.34 	5.16 	
5.91 	6.32 	
5.63 	6.43 	
5.75 	6.06 	
6.07 	6.17 	
5.83 	6.47 	
5.95 	6.16 	
5.91 	6.89 	
5.63 	6.27 	
5.86 	6.05 	
6.14 	5.90 	
5.65 	5.51 	
6.07 	5.23 	
5.92 	5.46 	
5.21 	6.62 	
7.09 	4.63 	
6.08 	4.96 	
6.13 	6.08 	
5.46 	6.17 	
5.75 	6.84 	
6.92 	5.20 	
5.95 	5.67 	
6.25 	4.44 	
5.83 	4.28 	
6.69 	5.28 	
6.14 	4.46 	
7.08 	5.03 	
7.21 	4.46 	
6.59 	5.28 	
6.49 	4.84 	
6.50 	5.47 	
6.09 	6.14 	
6.22 	5.63 	
6.09 	5.59 	
5.94 	5.61 	
6.07 	5.24 	
5.65 	6.37 	
5.23 	5.67 	
4.79 	5.81 	
5.51 	6.07 	
6.41 	6.65 	
5.99 	6.17 	
5.62 	5.41 	
6.08 	6.16 	
6.17 	6.31 	
5.56 	6.01 	
6.28 	6.31 	
6.29 	5.21 	
6.38 	6.09 	
6.38 	6.16 	
6.13 	4.95 	
6.37 	4.84 	
5.94 	5.64 	
5.78 	6.53 	
6.19 	6.15 	
4.97 	5.88 	
5.77 	5.32 	
6.12 	6.39 	
5.85 	7.65 	
5.23 	7.50 	
6.38 	6.10 	
6.51 	6.33 	
6.20 	6.69 	
5.71 	6.92 	
6.29 	6.22 	
6.41 	7.11 	
5.95 	6.94 	
6.59 	7.70 	
5.58 	6.86 	
5.36 	6.10 	
5.38 	5.62 	
4.92 	5.87 	
5.37 	6.64 	
6.02 	5.46 	
5.57 	4.95 	
5.40 	5.75 	
5.26 	6.06 	
4.86 	5.46 	
5.25 	7.39 	
4.97 	6.87 	
5.40 	7.71 	
5.32 	7.43 	
5.28 	6.05 	
5.06 	5.81 	
5.30 	5.81 	
4.93 	4.23 	
4.86 	4.75 	
4.80 	5.03 	
5.31 	4.38 	
4.79 	5.33 	
4.50 	7.25 	
5.52 	6.36 	
5.75 	5.42 	
5.40 	5.51 	
5.23 	5.57 	
5.44 	6.09 	
4.99 	4.98 	
5.37 	5.29 	
5.35 	4.66 	
4.60 	5.32 	
4.75 	5.84 	
4.77 	5.20 	
4.71 	6.00 	
4.64 	5.41 	
5.21 	5.25 	
5.43 	4.62 	
4.94 	4.38 	
5.53 	5.09 	
5.37 	5.27 	
5.03 	5.14 	
5.13 	4.51 	
4.99 	4.98 	
5.34 	4.19 	
5.52 	4.52 	
5.00 	3.99 	
5.77 	3.81 	
4.94 	4.45 	
5.54 	4.30 	
5.19 	4.19 	
4.89 	3.42 	
5.12 	3.93 	
5.20 	3.72 	
5.30 	4.04 	
5.05 	4.35 	
5.38 	4.22 	
4.77 	3.64 	
5.03 	4.22 	
4.61 	4.15 	
5.23 	3.73 	
5.51 	3.55 	
4.99 	3.59 	
5.10 	2.99 	
4.98 	4.08 	
5.75 	4.79 	
5.46 	3.77 	
4.31 	3.94 	
4.18 	4.91 	
4.61 	4.56 	
4.46 	3.38 	
5.02 	4.10 	
5.52 	2.70 	
5.49 	4.90 	
5.51 	4.55 	
5.67 	3.99 	
5.92 	3.86 	
4.91 	3.93 	
5.39 	4.64 	
4.84 	4.27 	
5.29 	4.14 	
5.42 	3.55 	
4.47 	4.10 	
4.36 	3.72 	
4.54 	3.48 	
4.96 	3.54 	
5.09 	3.70 	
4.99 	4.65 	
4.51 	2.77 	
5.62 	3.15 	
5.75 	4.17 	
5.84 	3.88 	
5.67 	3.90 	
6.08 	4.18 	
5.36 	3.49 	
6.36 	4.06 	
6.02 	4.61 	
6.10 	4.52 	
5.27 	4.12 	
6.45 	3.57 	
5.97 	2.47 	
6.32 	3.64 	
6.45 	3.58 	
5.91 	3.03 	
6.31 	2.88 	
6.41 	3.48 	
6.32 	2.53 	
6.67 	3.61 	
6.28 	3.18 	
6.63 	3.78 	
5.71 	3.55 	
5.95 	2.63 	
6.01 	3.17 	
5.89 	3.19 	
6.32 	3.90 	
5.64 	3.25 	
6.17 	3.34 	
6.13 	3.65 	
6.12 	3.62 	
5.58 	4.09 	
6.19 	3.83 	
5.55 	2.42 	
5.66 	3.44 	
5.98 	2.88 	
5.40 	3.47 	
5.84 	3.31 	
5.71 	2.81 	
5.97 	3.39 	
6.20 	2.22 	
5.81 	3.57 	
5.70 	2.92 	
6.06 	2.91 	
5.74 	3.44 	
6.02 	3.06 	
5.32 	3.47 	
5.59 	4.05 	
5.36 	2.63 	
5.01 	3.07 	
5.82 	3.69 	
4.84 	2.75 	
4.46 	4.32 	
3.98 	4.67 	
5.42 	4.65 	
5.03 	3.64 	
4.85 	4.38 	
4.04 	3.80 	
4.94 	4.41 	
4.49 	4.54 	
4.86 	4.14 	
4.97 	3.72 	
4.50 	3.18 	
4.88 	4.20 	
4.69 	4.50 	
5.10 	4.11 	
4.74 	4.00 	
5.15 	4.15 	
5.39 	4.67 	
4.43 	4.29 	
4.99 	4.53 	
4.90 	4.58 	
4.82 	3.99 	
5.15 	4.52 	
4.99 	4.40 	
5.22 	4.40 	
4.80 	4.09 	
5.42 	3.87 	
5.61 	4.54 	
5.63 	4.50 	
6.35 	4.14 	
5.77 	4.21 	
5.69 	4.04 	
5.72 	4.86 	
6.03 	4.11 	
5.76 	4.80 	
6.22 	4.60 	
5.55 	4.97 	
5.77 	4.35 	
5.54 	4.22 	
5.09 	4.32 	
6.77 	4.56 	
6.70 	3.91 	
5.93 	4.91 	
4.93 	4.55 	
6.29 	4.38 	
6.63 	4.83 	
6.38 	4.07 	
6.89 	4.12 	
6.45 	4.40 	
6.31 	4.68 	
6.68 	5.14 	
6.47 	4.29 	
6.57 	3.84 	
6.71 	4.36 	
6.50 	4.46 	
6.49 	4.62 	
6.35 	4.91 	
5.82 	4.68 	
6.44 	4.58 	
6.21 	4.24 	
6.06 	4.37 	
6.11 	4.62 	
5.56 	4.09 	
6.24 	4.11 	
6.47 	3.89 	
6.64 	4.04 	
6.25 	4.72 	
5.44 	4.27 	
6.29 	4.07 	
5.93 	3.46 	
5.65 	4.40 	
6.43 	4.45 	
5.38 	4.48 	
6.04 	5.69 	
6.81 	4.95 	
5.84 	5.64 	
5.88 	6.03 	
6.03 	6.44 	
5.84 	5.64 	
5.61 	4.55 	
5.77 	5.74 	
5.86 	4.57 	
5.73 	5.97 	
6.00 	6.16 	
5.63 	5.45 	
5.75 	5.04 	
5.83 	4.94 	
5.17 	5.34 	
6.70 	5.13 	
5.17 	5.43 	
5.60 	4.98 	
6.30 	4.92 	
5.86 	4.74 	
6.02 	3.26 	
6.44 	4.58 	
6.68 	4.36 	
6.07 	4.59 	
5.88 	5.53 	
5.96 	4.74 	
6.19 	5.41 	
6.17 	4.50 	
5.80 	5.03 	
5.89 	2.99 	
6.16 	3.75 	
5.19 	4.99 	
6.07 	4.83 	
6.19 	4.20 	
6.18 	4.58 	
6.28 	4.42 	
5.83 	4.74 	
5.89 	4.66 	
5.65 	4.01 	
6.12 	4.41 	
5.79 	4.83 	
6.25 	4.48 	
6.12 	4.90 	
6.54 	4.34 	
6.57 	4.46 	
5.47 	4.21 	
6.14 	4.78 	
5.68 	4.44 	
5.18 	5.41 	
4.62 	5.18 	
5.91 	4.46 	
5.83 	5.05 	
6.34 	4.46 	
6.57 	4.92 	
6.09 	4.67 	
6.31 	4.81 	
5.85 	4.33 	
6.00 	4.31 	
6.10 	4.73 	
6.78 	4.48 	
5.97 	4.15 	
6.00 	4.27 	
5.94 	4.55 	
5.83 	4.01 	
5.81 	4.46 	
5.35 	4.42 	
6.00 	4.29 	
5.75 	4.06 	
5.92 	5.00 	
6.00 	4.93 	
6.16 	4.72 	
6.31 	4.37 	
5.80 	4.34 	
6.36 	4.19 	
6.27 	4.50 	
6.19 	5.26 	
5.99 	4.01 	
6.10 	4.66 	
6.04 	4.89 	
6.13 	4.51 	
6.39 	4.72 	
5.62 	4.01 	
4.97 	3.36 	
5.44 	4.56 	
6.76 	4.19 	
5.66 	4.16 	
6.34 	4.56 	
6.42 	4.68 	
6.41 	4.19 	
5.90 	4.29 	
6.58 	4.49 	
6.29 	5.17 	
6.69 	5.06 	
5.73 	4.07 	
5.70 	3.14 	
5.61 	4.01 	
6.70 	4.41 	
6.84 	4.44 	
6.44 	3.61 	
5.44 	4.39 	
5.12 	4.43 	
4.89 	3.74 	
5.20 	4.61 	
5.89 	4.82 	
5.61 	4.99 	
6.00 	4.41 	
6.12 	4.52 	
6.71 	4.57 	
6.19 	4.25 	
6.22 	4.70 	
6.13 	4.60 	
5.79 	4.54 	
5.67 	4.61 	
6.10 	4.83 	
5.94 	3.63 	
6.09 	4.63 	
6.13 	4.23 	
6.34 	4.74 	
5.93 	4.77 	
5.50 	4.54 	
6.03 	4.69 	
5.72 	4.84 	
5.58 	4.52 	
6.12 	4.75 	
6.17 	5.28 	
5.85 	4.58 	
6.28 	4.71 	
6.03 	5.01 	
5.80 	5.18 	
6.65 	4.58 	
6.16 	4.60 	
6.32 	4.71 	
5.48 	5.04 	
5.67 	5.25 	
5.82 	5.04 	
4.83 	4.87 	
5.56 	4.93 	
5.95 	4.67 	
5.49 	4.62 	
5.85 	4.85 	
5.47 	4.62 	
6.02 	4.77 	
5.65 	4.39 	
5.54 	5.14 	
5.97 	4.79 	
6.46 	4.23 	
5.78 	3.84 	
6.02 	4.45 	
6.07 	4.10 	
5.57 	5.16 	
5.47 	5.10 	
6.17 	5.23 	
5.37 	5.18 	
5.95 	4.57 	
5.96 	4.52 	
6.05 	4.17 	
6.61 	4.35 	
5.81 	5.34 	
5.73 	4.31 	
6.13 	4.93 	
6.25 	5.16 	
6.25 	5.02 	
6.00 	4.88 	
6.11 	3.49 	
6.25 	4.92 	
6.26 	5.14 	
6.25 	5.11 	
6.56 	5.09 	
6.36 	3.97 	
6.28 	5.24 	
6.08 	5.35 	
5.62 	3.29 	
6.40 	3.87 	
6.76 	3.86 	
6.40 	3.93 	
6.31 	4.29 	
6.30 	3.47 	
6.36 	5.03 	
5.84 	4.23 	
4.97 	4.38 	
4.83 	4.68 	
5.00 	4.61 	
4.50 	4.19 	
5.37 	4.65 	
5.23 	4.82 	
5.61 	4.43 	
4.78 	4.54 	
5.44 	4.57 	
4.81 	4.67 	
4.83 	4.82 	
4.82 	5.04 	
4.78 	4.33 	
4.65 	4.90 	
4.53 	4.39 	
4.46 	4.22 	
5.54 	3.95 	
5.34 	5.02 	
5.85 	4.21 	
4.66 	4.86 	
5.02 	4.17 	
5.02 	4.12 	
5.20 	4.17 	
5.29 	4.52 	
4.68 	4.78 	
4.72 	4.50 	
5.85 	5.74 	
6.14 	5.17 	
5.76 	5.96 	
6.38 	5.15 	
6.39 	4.60 	
6.20 	4.91 	
6.04 	5.12 	
5.98 	5.09 	
6.61 	5.17 	
5.94 	5.07 	
6.17 	5.17 	
5.94 	4.88 	
6.74 	4.74 	
5.69 	5.06 	
5.86 	4.85 	
6.56 	5.28 	
6.40 	4.31 	
6.08 	4.56 	
6.31 	4.33 	
6.52 	4.40 	
6.12 	4.41 	
6.11 	4.60 	
6.18 	5.16 	
5.57 	5.23 	
6.18 	4.13 	
6.02 	4.43 	
5.49 	4.26 	
5.89 	4.48 	
6.28 	4.98 	
6.32 	4.48 	
5.90 	3.70 	
6.23 	5.52 	
5.75 	4.28 	
5.67 	4.42 	
6.43 	3.43 	
5.92 	4.60 	
6.18 	4.84 	
6.17 	4.78 	
6.16 	4.28 	
6.10 	4.05 	
5.50 	4.16 	
5.76 	4.74 	
6.24 	4.75 	
6.12 	5.26 	
6.11 	4.28 	
5.66 	3.85 	
6.01 	4.80 	
5.57 	3.75 	
5.92 	3.71 	
5.74 	3.61 	
5.25 	3.88 	
6.17 	3.27 	
5.87 	4.53 	
5.63 	4.38 	
6.13 	3.60 	
6.57 	3.66 	
5.96 	3.44 	
6.22 	3.46 	
5.59 	3.67 	
5.85 	3.69 	
6.00 	4.03 	
5.50 	3.77 	
6.23 	3.93 	
5.75 	3.50 	
5.86 	3.17 	
5.88 	3.76 	
5.72 	4.29 	
6.38 	4.21 	
5.70 	4.18 	
6.42 	4.16 	
6.24 	3.79 	
6.76 	4.43 	
5.88 	4.98 	
5.81 	4.95 	
5.54 	5.13 	
6.53 	4.76 	
5.73 	4.23 	
6.14 	4.64 	
5.95 	3.67 	
5.46 	4.33 	
5.49 	3.63 	
6.04 	3.80 	
4.89 	3.52 	
4.87 	3.12 	
4.68 	4.30 	
5.44 	4.63 	
5.43 	3.66 	
5.68 	3.46 	
5.77 	4.09 	
6.01 	4.82 	
5.71 	3.59 	
6.09 	3.24 	
6.08 	4.63 	
6.37 	3.46 	
5.49 	4.36 	
6.10 	4.41 	
6.24 	4.36 	
6.30 	3.89 	
6.28 	3.37 	
6.09 	3.32 	
6.67 	3.90 	
6.05 	4.43 	
6.15 	3.98 	
5.81 	3.67 	
5.82 	3.05 	
6.33 	4.69 	
6.60 	4.34 	
6.29 	4.88 	
6.08 	3.84 	
6.16 	4.17 	
6.35 	3.76 	
5.46 	3.84 	
6.93 	3.95 	
5.91 	4.07 	
6.40 	3.58 	
5.60 	3.99 	
6.20 	4.31 	
6.20 	3.66 	
6.09 	3.40 	
6.33 	4.33 	
6.37 	4.23 	
5.95 	4.12 	
6.36 	4.39 	
6.29 	4.45 	
5.87 	4.27 	
6.50 	4.49 	
6.64 	4.75 	
6.45 	4.16 	
6.70 	4.30 	
6.29 	4.73 	
6.01 	3.78 	
5.96 	4.64 	
6.18 	3.83 	
6.12 	3.74 	
5.97 	3.73 	
6.02 	4.88 	
6.12 	4.23 	
5.56 	3.86 	
5.51 	3.98 	
5.83 	4.42 	
5.98 	4.07 	
5.37 	3.82 	
6.18 	3.60 	
6.23 	4.06 	
6.06 	3.89 	
5.44 	4.11 	
5.73 	3.31 	
5.58 	3.98 	
6.45 	4.24 	
6.21 	3.56 	
6.28 	4.14 	
5.86 	4.20 	
5.56 	3.90 	
5.74 	4.18 	
5.90 	4.32 	
5.73 	4.48 	
6.16 	3.54 	
6.29 	3.40 	
6.11 	2.61 	
4.97 	3.92 	
5.95 	4.53 	
5.88 	5.24 	
5.47 	4.36 	
5.31 	4.66 	
6.02 	4.86 	
5.64 	3.73 	
5.36 	4.15 	
5.34 	4.03 	
5.63 	5.11 	
5.87 	4.06 	
5.60 	4.74 	
6.18 	5.67 	
6.12 	6.23 	
5.87 	5.74 	
6.17 	5.64 	
5.72 	5.23 	
5.20 	5.53 	
5.85 	5.90 	
5.54 	5.71 	
6.02 	5.73 	
6.19 	5.41 	
6.29 	5.09 	
5.91 	5.59 	
5.17 	5.58 	
5.27 	4.44 	
5.90 	5.87 	
5.37 	5.77 	
5.60 	5.59 	
6.02 	4.93 	
5.74 	4.96 	
6.21 	5.14 	
6.08 	5.49 	
5.84 	5.72 	
5.67 	6.12 	
5.97 	5.71 	
6.12 	5.76 	
6.19 	6.23 	
5.86 	5.29 	
5.97 	5.39 	
5.87 	5.98 	
6.22 	5.58 	
5.61 	5.72 	
5.81 	6.29 	
6.19 	5.18 	
6.08 	5.35 	
5.69 	5.75 	
5.82 	5.47 	
5.63 	5.55 	
5.51 	5.61 	
5.17 	5.63 	
6.09 	5.91 	
6.58 	5.35 	
6.16 	6.34 	
6.26 	6.57 	
5.87 	6.79 	
5.68 	5.55 	
5.87 	5.79 	
5.72 	6.08 	
6.07 	5.86 	
5.74 	6.06 	
6.30 	6.73 	
5.77 	5.70 	
6.34 	6.17 	
6.47 	5.97 	
6.16 	6.83 	
6.03 	5.87 	
5.84 	6.27 	
5.78 	5.71 	
6.01 	6.00 	
6.06 	6.27 	
6.12 	5.63 	
5.86 	5.59 	
5.23 	5.74 	
4.90 	6.39 	
5.08 	5.09 	
4.97 	5.05 	
4.70 	4.84 	
4.83 	4.19 	
6.32 	4.11 	
6.18 	4.55 	
6.02 	4.17 	
6.36 	4.22 	
6.24 	4.07 	
6.25 	4.38 	
5.87 	4.57 	
6.06 	4.84 	
6.21 	3.29 	
6.29 	3.50 	
6.82 	2.47 	
6.55 	4.60 	
6.51 	5.67 	
6.48 	5.33 	
5.97 	4.69 	
5.85 	4.09 	
6.11 	4.87 	
6.19 	4.48 	
5.80 	5.45 	
6.33 	4.73 	
6.28 	5.20 	
6.39 	5.41 	
6.06 	4.26 	
6.15 	4.87 	
5.64 	5.00 	
6.19 	3.44 	
5.93 	4.12 	
5.83 	4.13 	
5.67 	3.97 	
6.03 	4.28 	
6.53 	4.22 	
5.77 	4.60 	
6.02 	4.43 	
6.06 	4.96 	
4.71 	4.41 	
4.86 	4.42 	
6.05 	4.16 	
6.00 	5.64 	
6.11 	5.26 	
6.03 	5.19 	
5.97 	4.26 	
7.11 	5.63 	
5.93 	5.78 	
6.25 	5.62 	
6.70 	6.23 	
6.00 	5.95 	
5.50 	5.64 	
5.23 	5.48 	
6.13 	6.28 	
5.71 	6.06 	
5.26 	5.77 	
4.54 	5.78 	
4.40 	6.20 	
5.70 	5.88 	
5.55 	5.10 	
5.74 	5.50 	
5.88 	6.32 	
5.53 	5.94 	
5.70 	5.57 	
5.31 	6.27 	
5.42 	5.81 	
6.11 	6.45 	
5.89 	5.57 	
5.22 	5.15 	
5.31 	5.33 	
5.84 	5.91 	
5.36 	5.37 	
5.83 	5.64 	
5.09 	5.40 	
5.26 	5.59 	
5.30 	5.77 	
5.17 	5.86 	
5.74 	4.92 	
4.77 	4.85 	
5.10 	5.35 	
5.77 	4.48 	
4.46 	5.16 	
4.50 	4.93 	
4.78 	5.40 	
5.58 	4.57 	
4.67 	4.73 	
4.21 	4.13 	
5.47 	5.35 	
5.60 	5.15 	
5.51 	5.29 	
5.50 	4.63 	
5.42 	5.03 	
5.44 	3.98 	
5.62 	4.31 	
5.41 	5.82 	
5.32 	4.34 	
5.56 	3.93 	
5.69 	5.06 	
6.05 	5.09 	
5.69 	4.96 	
6.00 	5.52 	
5.97 	4.72 	
6.30 	4.43 	
6.03 	4.48 	
6.00 	4.99 	
5.97 	5.89 	
5.71 	5.24 	
6.42 	5.27 	
6.04 	5.77 	
6.13 	4.97 	
6.23 	5.71 	
6.35 	5.49 	
5.67 	5.79 	
5.98 	5.70 	
5.70 	6.02 	
6.11 	5.46 	
6.02 	5.50 	
5.95 	5.76 	
6.59 	6.19 	
6.06 	5.73 	
5.99 	5.39 	
5.72 	5.12 	
5.90 	6.06 	
6.45 	6.44 	
6.10 	6.35 	
5.77 	6.38 	
6.38 	5.52 	
6.44 	5.85 	
6.11 	5.32 	
4.59 	6.07 	
4.75 	5.77 	
4.62 	5.64 	
4.81 	5.89 	
4.94 	5.97 	
4.82 	5.96 	
4.70 	5.54 	
4.53 	5.84 	
4.50 	6.01 	
4.18 	5.49 	
4.21 	5.81 	
4.45 	6.19 	
4.87 	5.92 	
4.36 	6.22 	
4.63 	5.93 	
5.04 	5.95 	
4.27 	6.20 	
4.66 	5.79 	
4.48 	5.58 	
4.47 	6.01 	
4.11 	6.56 	
4.02 	6.10 	
4.94 	5.44 	
4.28 	6.21 	
4.42 	5.72 	
5.45 	5.49 	
4.95 	6.55 	
4.84 	6.03 	
4.30 	5.93 	
4.42 	6.14 	
4.76 	5.71 	
4.62 	5.87 	
4.45 	6.06 	
4.60 	5.44 	
5.18 	5.81 	
5.95 	5.89 	
6.00 	6.32 	
5.06 	5.86 	
5.36 	5.94 	
6.24 	5.40 	
5.99 	5.74 	
5.90 	6.33 	
5.74 	5.88 	
5.87 	5.25 	
5.24 	5.40 	
5.70 	5.72 	
5.78 	6.02 	
5.24 	6.14 	
6.11 	6.24 	
5.50 	6.00 	
5.41 	6.04 	
4.61 	6.47 	
5.49 	6.19 	
4.28 	5.72 	
4.75 	5.81 	
4.83 	6.22 	
4.66 	6.26 	
5.48 	6.46 	
5.48 	6.17 	
4.96 	6.23 	
4.49 	6.06 	
4.49 	6.38 	
5.04 	5.76 	
5.02 	6.40 	
4.29 	5.61 	
4.54 	5.28 	
4.51 	5.86 	
4.40 	6.69 	
4.68 	6.62 	
4.66 	6.50 	
4.25 	6.74 	
3.97 	6.52 	
4.25 	6.22 	
4.25 	6.58 	
4.37 	6.41 	
4.60 	6.44 	
3.87 	6.75 	
3.63 	6.34 	
3.58 	6.59 	
4.33 	6.18 	
4.27 	6.44 	
5.07 	6.26 	
4.83 	5.92 	
4.67 	6.02 	
4.56 	6.20 	
4.43 	6.18 	
4.62 	6.30 	
5.11 	5.87 	
4.36 	5.82 	
4.75 	5.94 	
4.18 	6.06 	
4.71 	5.91 	
4.86 	5.95 	
5.12 	6.16 	
4.58 	5.86 	
4.55 	5.89 	
4.83 	6.50 	
5.01 	6.08 	
4.74 	6.51 	
4.96 	6.17 	
5.40 	5.39 	
5.88 	6.03 	
5.12 	6.02 	
4.19 	5.97 	
4.48 	6.36 	
5.46 	6.29 	
4.60 	6.54 	
4.33 	6.56 	
4.63 	6.59 	
4.84 	6.61 	
4.18 	6.70 	
4.48 	6.21 	
4.45 	6.48 	
4.32 	6.25 	
4.33 	6.01 	
4.89 	5.85 	
4.90 	5.86 	
4.29 	5.58 	
4.34 	6.34 	
4.83 	6.41 	
4.47 	5.95 	
4.66 	6.15 	
4.81 	6.27 	
4.26 	6.42 	
4.29 	5.72 	
4.64 	5.72 	
5.51 	6.16 	
5.76 	5.73 	
5.50 	6.56 	
6.71 	5.79 	
5.99 	5.84 	
5.72 	5.16 	
5.92 	6.21 	
5.82 	5.58 	
6.07 	6.34 	
5.87 	5.83 	
6.24 	5.69 	
6.07 	5.77 	
6.32 	5.81 	
5.59 	5.20 	
5.74 	5.64 	
6.06 	5.40 	
6.12 	6.25 	
5.92 	5.87 	
6.03 	6.00 	
5.94 	6.03 	
6.09 	6.50 	
5.73 	6.41 	
5.50 	6.16 	
5.55 	5.76 	
5.73 	5.88 	
5.87 	5.48 	
5.07 	5.60 	
5.64 	6.30 	
6.05 	5.71 	
5.10 	6.06 	
6.32 	5.81 	
6.53 	5.94 	
6.12 	6.21 	
5.71 	6.08 	
5.56 	5.34 	
5.04 	5.40 	
6.16 	4.83 	
5.78 	5.92 	
5.61 	5.44 	
5.58 	5.53 	
6.09 	5.59 	
5.96 	5.85 	
5.79 	5.80 	
5.62 	5.92 	
5.57 	5.34 	
6.04 	5.60 	
5.85 	5.97 	
5.63 	5.31 	
5.91 	5.36 	
5.95 	5.56 	
5.61 	5.84 	
6.09 	5.59 	
5.55 	5.49 	
6.19 	5.11 	
5.43 	5.30 	
5.26 	5.61 	
5.71 	5.62 	
6.09 	5.83 	
5.89 	5.34 	
5.87 	5.83 	
6.07 	5.62 	
5.35 	5.40 	
6.05 	5.77 	
5.92 	5.54 	
5.44 	5.16 	
5.65 	5.84 	
5.07 	5.02 	
5.60 	5.26 	
6.36 	5.28 	
6.26 	5.16 	
6.17 	5.00 	
5.97 	5.91 	
5.99 	5.59 	
5.85 	5.13 	
5.69 	4.77 	
5.89 	5.67 	
5.74 	5.58 	
6.21 	5.29 	
6.31 	5.19 	
5.43 	5.50 	
6.22 	5.47 	
5.51 	5.79 	
5.73 	5.81 	
6.18 	6.07 	
5.81 	5.44 	
5.80 	5.30 	
5.94 	5.49 	
6.07 	5.94 	
5.96 	5.06 	
5.85 	5.81 	
5.99 	5.85 	
5.56 	6.19 	
5.57 	5.29 	
5.36 	4.65 	
5.52 	6.02 	
5.39 	6.11 	
4.98 	5.24 	
5.82 	5.41 	
4.69 	5.36 	
4.52 	5.36 	
4.77 	5.07 	
5.09 	4.52 	
5.26 	5.60 	
5.20 	5.37 	
5.20 	5.06 	
5.37 	4.71 	
5.33 	6.10 	
5.20 	5.42 	
4.77 	5.95 	
5.37 	5.56 	
5.16 	6.01 	
5.36 	5.48 	
5.20 	5.98 	
6.10 	5.73 	
5.43 	5.76 	
6.32 	5.83 	
5.26 	5.52 	
5.63 	5.35 	
5.25 	5.17 	
5.31 	5.38 	
6.12 	5.27 	
5.58 	4.95 	
5.83 	3.81 	
6.12 	3.97 	
5.65 	4.53 	
5.78 	5.02 	
5.24 	4.88 	
5.03 	4.83 	
5.79 	5.17 	
4.56 	4.70 	
5.24 	4.09 	
5.31 	4.01 	
5.61 	4.51 	
5.59 	4.88 	
4.33 	3.59 	
4.49 	4.62 	
5.27 	3.92 	
4.99 	4.29 	
5.61 	4.35 	
5.61 	4.03 	
5.36 	4.35 	
4.88 	4.71 	
5.87 	4.53 	
6.30 	4.42 	
5.42 	5.05 	
4.62 	4.23 	
5.01 	4.34 	
5.58 	4.42 	
5.80 	3.96 	
5.79 	3.42 	
5.99 	4.15 	
6.27 	4.24 	
6.39 	4.09 	
6.31 	3.34 	
5.76 	4.52 	
6.16 	3.71 	
5.97 	4.33 	
5.95 	3.91 	
6.31 	4.94 	
5.85 	5.39 	
6.00 	5.54 	
5.97 	4.17 	
6.01 	5.16 	
6.09 	4.61 	
6.40 	5.61 	
5.92 	5.62 	
5.61 	5.88 	
6.01 	5.12 	
6.11 	5.17 	
5.38 	5.25 	
5.10 	4.25 	
6.15 	4.12 	
5.05 	4.62 	
4.30 	5.10 	
4.54 	4.16 	
4.98 	5.14 	
5.23 	4.81 	
5.13 	4.73 	
5.50 	5.42 	
5.90 	6.06 	
5.44 	6.29 	
5.82 	4.89 	
5.09 	5.54 	
5.39 	4.71 	
5.80 	4.71 	
5.67 	5.33 	
5.83 	5.67 	
6.12 	5.45 	
5.73 	5.34 	
6.30 	4.90 	
6.35 	5.08 	
6.05 	3.26 	
6.01 	4.75 	
5.61 	4.38 	
6.05 	5.32 	
5.77 	5.44 	
5.71 	4.33 	
5.30 	5.30 	
5.13 	5.30 	
5.77 	5.87 	
5.98 	5.18 	
6.06 	5.22 	
5.94 	5.18 	
6.02 	5.39 	
6.27 	5.64 	
6.00 	5.57 	
5.91 	5.58 	
5.70 	5.29 	
6.13 	5.03 	
5.71 	4.55 	
6.33 	5.49 	
6.08 	5.11 	
5.65 	5.59 	
6.12 	4.78 	
5.16 	4.21 	
5.91 	4.89 	
5.69 	5.88 	
5.24 	5.42 	
6.04 	5.34 	
5.85 	4.92 	
5.61 	4.81 	
5.43 	4.54 	
5.79 	5.53 	
5.55 	5.24 	
5.60 	4.71 	
5.31 	5.17 	
5.55 	5.77 	
5.69 	5.28 	
6.10 	5.54 	
5.62 	5.06 	
5.25 	5.63 	
5.50 	4.97 	
5.46 	5.21 	
5.18 	6.00 	
5.42 	3.61 	
5.76 	5.00 	
5.58 	4.64 	
5.64 	4.89 	
5.95 	4.51 	
5.39 	5.43 	
5.40 	5.21 	
5.95 	5.21 	
5.94 	5.23 	
5.55 	5.08 	
5.45 	5.26 	
5.33 	4.33 	
6.71 	5.95 	
6.05 	4.83 	
4.73 	5.46 	
5.49 	5.08 	
5.38 	4.64 	
5.74 	5.53 	
6.24 	5.45 	
6.21 	5.47 	
5.88 	5.93 	
5.61 	5.52 	
5.22 	5.09 	
5.85 	4.47 	
5.98 	3.46 	
5.71 	4.99 	
6.33 	5.42 	
6.11 	5.07 	
5.61 	5.28 	
6.07 	5.05 	
5.51 	5.31 	
6.01 	5.46 	
6.09 	5.87 	
6.15 	4.63 	
6.77 	5.11 	
5.92 	4.54 	
6.08 	4.30 	
6.08 	4.54 	
5.98 	4.53 	
5.85 	4.20 	
5.69 	4.31 	
5.95 	5.00 	
6.13 	4.18 	
6.02 	3.86 	
5.71 	5.78 	
5.59 	5.35 	
5.22 	4.86 	
5.73 	5.16 	
5.27 	6.15 	
5.34 	6.17 	
5.85 	5.43 	
6.09 	5.55 	
6.07 	6.01 	
5.47 	5.78 	
6.00 	5.83 	
6.32 	6.05 	
5.56 	5.90 	
6.11 	5.55 	
5.88 	5.59 	
5.80 	5.27 	
6.17 	5.48 	
5.18 	5.50 	
6.35 	5.89 	
5.85 	6.02 	
5.99 	5.76 	
6.04 	5.56 	
6.34 	5.68 	
6.26 	6.25 	
6.05 	6.04 	
6.04 	5.58 	
5.39 	5.77 	
6.62 	5.25 	
5.91 	6.44 	
6.15 	5.82 	
6.57 	6.03 	
6.30 	5.93 	
5.95 	6.63 	
5.73 	4.19 	
6.03 	6.06 	
6.32 	4.39 	
6.20 	5.47 	
6.31 	4.97 	
6.37 	4.42 	
6.45 	5.23 	
5.61 	4.41 	
6.02 	4.19 	
6.32 	5.15 	
6.22 	5.22 	
6.24 	5.05 	
6.68 	5.54 	
6.45 	6.05 	
6.24 	5.55 	
6.71 	5.65 	
6.78 	5.86 	
6.55 	5.28 	
6.34 	5.40 	
6.02 	5.22 	
6.52 	5.43 	
6.55 	5.02 	
6.54 	4.81 	
6.48 	5.22 	
6.20 	5.46 	
6.03 	5.88 	
5.94 	6.02 	
6.13 	5.14 	
5.81 	5.10 	
6.29 	4.71 	
6.17 	5.92 	
6.31 	5.62 	
5.96 	6.03 	
6.67 	5.35 	
6.23 	6.12 	
6.14 	6.14 	
5.56 	5.77 	
5.54 	5.04 	
6.15 	4.89 	
5.75 	4.29 	
5.98 	4.35 	
6.07 	4.15 	
5.81 	4.61 	
5.79 	6.20 	
6.91 	5.93 	
6.83 	5.54 	
6.90 	5.71 	
6.99 	5.32 	
6.42 	5.85 	
6.93 	5.75 	
6.17 	5.68 	
6.27 	5.53 	
6.27 	5.31 	
6.11 	5.28 	
6.64 	5.01 	
6.79 	4.97 	
6.26 	5.11 	
6.90 	5.17 	
6.99 	5.56 	
7.05 	5.39 	
6.68 	4.14 	
6.62 	4.05 	
6.18 	4.72 	
6.39 	4.51 	
6.60 	4.63 	
6.06 	4.98 	
6.13 	4.45 	
6.65 	4.98 	
6.20 	5.05 	
6.90 	5.08 	
5.82 	5.37 	
5.93 	5.58 	
6.58 	5.40 	
6.80 	5.12 	
6.81 	4.81 	
6.42 	5.11 	
6.87 	4.67 	
6.89 	5.25 	
6.81 	5.16 	
6.34 	5.01 	
7.54 	5.43 	
6.23 	5.41 	
6.52 	4.54 	
7.23 	3.93 	
6.60 	3.82 	
7.14 	5.25 	
7.52 	4.99 	
7.46 	4.82 	
6.90 	4.62 	
7.31 	4.79 	
7.23 	5.24 	
6.82 	5.13 	
6.99 	4.38 	
7.31 	4.93 	
7.09 	5.02 	
6.97 	5.13 	
7.30 	4.76 	
7.22 	4.79 	
7.07 	6.00 	
7.81 	4.81 	
7.54 	4.80 	
7.49 	4.98 	
7.00 	5.06 	
6.98 	4.78 	
7.36 	4.35 	
7.38 	6.12 	
7.41 	5.27 	
7.46 	4.83 	
7.56 	5.01 	
7.18 	5.34 	
7.31 	5.06 	
7.83 	4.27 	
7.73 	4.03 	
7.47 	4.31 	
7.54 	4.30 	
7.16 	3.91 	
7.31 	3.97 	
7.33 	4.10 	
7.27 	4.80 	
7.40 	4.86 	
7.94 	3.92 	
7.51 	4.03 	
7.11 	4.03 	
6.80 	5.11 	
6.71 	4.56 	
7.57 	4.89 	
7.48 	5.35 	
7.63 	4.26 	
7.57 	4.59 	
7.82 	5.12 	
7.18 	5.45 	
7.32 	5.04 	
7.15 	5.87 	
7.49 	4.72 	
7.56 	4.67 	
7.33 	4.68 	
6.87 	4.93 	
7.61 	4.28 	
7.28 	5.00 	
7.25 	4.92 	
6.95 	4.80 	
7.14 	4.57 	
7.26 	4.46 	
7.24 	4.13 	
7.65 	4.37 	
6.89 	4.65 	
7.37 	5.18 	
7.56 	5.13 	
6.18 	5.15 	
6.14 	4.71 	
6.99 	4.82 	
6.79 	4.73 	
6.80 	4.53 	
7.19 	5.23 	
7.01 	4.08 	
7.44 	3.90 	
6.86 	4.01 	
7.47 	4.69 	
6.70 	3.88 	
7.31 	3.78 	
7.59 	4.46 	
7.58 	4.35 	
7.74 	4.34 	
7.38 	4.85 	
7.58 	4.72 	
7.45 	4.44 	
7.60 	4.64 	
7.27 	4.99 	
7.00 	4.82 	
6.48 	5.06 	
6.91 	5.51 	
7.01 	4.84 	
6.93 	3.91 	
6.96 	4.22 	
6.84 	3.72 	
6.94 	5.23 	
6.95 	4.80 	
6.99 	3.96 	
7.47 	4.85 	
7.16 	4.13 	
6.93 	4.93 	
7.00 	4.52 	
6.87 	5.09 	
7.23 	4.75 	
7.24 	4.83 	
7.02 	4.85 	
6.77 	4.48 	
6.88 	4.42 	
7.83 	5.75 	
7.26 	4.21 	
7.06 	4.66 	
6.98 	3.95 	
7.27 	4.55 	
7.14 	3.28 	
7.62 	4.42 	
6.81 	4.36 	
7.59 	4.00 	
6.89 	5.15 	
7.53 	4.66 	
7.30 	4.67 	
7.44 	4.89 	
6.86 	4.78 	
7.03 	5.44 	
7.22 	4.87 	
6.69 	4.50 	
5.88 	4.83 	
7.56 	4.53 	
7.43 	4.11 	
7.72 	4.57 	
6.90 	4.95 	
6.84 	5.13 	
6.77 	5.12 	
6.36 	5.11 	
6.36 	4.54 	
6.26 	4.83 	
6.58 	4.76 	
6.78 	4.60 	
6.89 	4.93 	
6.17 	5.45 	
6.36 	5.56 	
6.31 	6.34 	
6.25 	5.50 	
7.35 	5.25 	
6.55 	5.41 	
6.51 	5.42 	
5.83 	5.96 	
5.97 	5.89 	
6.04 	6.53 	
5.86 	6.04 	
5.81 	6.40 	
6.12 	5.16 	
5.90 	5.47 	
5.74 	5.35 	
6.16 	5.44 	
5.58 	4.81 	
6.36 	5.04 	
6.23 	5.36 	
6.40 	5.19 	
5.81 	5.76 	
6.22 	4.89 	
6.54 	4.79 	
6.21 	5.00 	
6.14 	5.68 	
5.91 	5.94 	
6.35 	5.98 	
6.29 	6.42 	
5.98 	6.51 	
6.08 	6.44 	
6.20 	6.20 	
5.96 	6.37 	
6.23 	5.38 	
6.03 	6.38 	
6.11 	6.50 	
6.32 	6.24 	
6.02 	6.40 	
5.80 	6.78 	
6.11 	5.97 	
5.69 	6.08 	
5.88 	7.04 	
6.36 	6.35 	
5.88 	6.23 	
5.95 	6.26 	
6.09 	6.22 	
6.02 	6.16 	
6.17 	6.06 	
6.24 	6.23 	
5.58 	5.97 	
5.71 	6.88 	
5.83 	6.72 	
5.53 	6.77 	
5.68 	6.22 	
5.84 	6.29 	
5.51 	6.30 	
5.66 	7.21 	
5.82 	7.40 	
5.74 	7.02 	
5.87 	6.88 	
6.10 	5.86 	
5.72 	7.20 	
5.83 	6.50 	
5.87 	7.16 	
6.22 	7.29 	
5.55 	7.88 	
5.94 	6.73 	
6.19 	7.33 	
5.89 	7.16 	
5.34 	7.05 	
6.33 	6.89 	
5.76 	7.28 	
5.72 	7.33 	
5.77 	7.32 	
5.37 	7.48 	
5.76 	7.48 	
5.45 	6.91 	
5.89 	6.62 	
7.03 	7.13 	
6.27 	7.40 	
6.19 	7.04 	
6.29 	6.75 	
5.66 	6.54 	
5.96 	6.61 	
6.03 	6.29 	
5.72 	6.63 	
5.93 	6.88 	
5.53 	6.87 	
6.48 	6.60 	
5.65 	7.00 	
5.42 	6.02 	
5.66 	6.48 	
5.90 	6.24 	
6.38 	6.67 	
5.90 	5.75 	
6.38 	5.95 	
5.28 	5.93 	
5.74 	6.54 	
6.20 	6.21 	
6.62 	6.27 	
6.11 	5.83 	
5.96 	7.05 	
5.99 	7.32 	
5.90 	6.17 	
5.90 	7.16 	
5.89 	6.63 	
5.96 	6.97 	
6.03 	7.41 	
5.88 	7.90 	
5.62 	7.36 	
6.28 	7.47 	
5.41 	7.91 	
6.16 	7.09 	
5.82 	7.64 	
6.11 	7.61 	
6.09 	7.76 	
6.07 	7.00 	
5.92 	7.39 	
5.64 	7.85 	
5.59 	7.59 	
5.80 	7.41 	
6.07 	7.57 	
5.81 	7.90 	
5.93 	7.52 	
5.83 	6.64 	
6.27 	5.70 	
6.46 	6.88 	
5.87 	6.89 	
6.54 	6.25 	
6.61 	7.03 	
6.07 	6.32 	
5.34 	6.92 	
6.05 	6.05 	
5.50 	6.68 	
5.68 	6.68 	
5.53 	6.74 	
5.25 	7.43 	
5.71 	6.48 	
5.95 	6.84 	
6.13 	6.84 	
6.62 	6.89 	
5.54 	7.07 	
5.34 	6.88 	
6.39 	7.60 	
6.20 	7.12 	
5.96 	7.13 	
5.75 	6.74 	
5.93 	7.24 	
5.89 	6.75 	
4.69 	7.02 	
6.32 	7.21 	
6.27 	7.58 	
5.65 	7.43 	
5.50 	6.92 	
5.60 	6.17 	
5.59 	6.43 	
5.79 	5.70 	
5.96 	5.86 	
5.77 	6.14 	
5.50 	6.54 	
5.58 	5.86 	
6.04 	5.58 	
6.16 	6.36 	
6.13 	6.41 	
5.87 	6.76 	
5.90 	7.11 	
5.37 	5.93 	
5.68 	6.56 	
4.92 	6.08 	
5.50 	6.85 	
5.46 	6.83 	
6.00 	5.60 	
5.77 	6.24 	
5.70 	6.65 	
6.10 	6.39 	
5.53 	7.28 	
5.84 	6.82 	
6.00 	7.23 	
6.14 	6.64 	
5.37 	6.16 	
5.85 	6.71 	
5.44 	6.97 	
5.56 	6.64 	
5.84 	7.13 	
5.67 	6.52 	
6.00 	6.56 	
5.88 	6.37 	
5.69 	6.95 	
5.66 	5.80 	
6.31 	5.97 	
6.06 	6.00 	
5.65 	6.96 	
5.76 	6.37 	
6.13 	6.26 	
6.06 	7.09 	
5.60 	6.71 	
5.98 	5.98 	
6.70 	6.54 	
6.04 	6.20 	
6.11 	6.75 	
5.89 	6.18 	
5.76 	6.57 	
5.59 	6.16 	
5.76 	6.49 	
5.72 	6.41 	
5.49 	6.89 	
5.36 	6.57 	
5.41 	6.70 	
5.57 	6.98 	
5.99 	5.86 	
5.62 	6.89 	
6.27 	6.75 	
6.42 	6.18 	
6.07 	6.55 	
6.25 	6.45 	
6.46 	6.70 	
6.15 	6.12 	
6.40 	6.70 	
5.55 	6.78 	
5.06 	6.66 	
6.10 	6.62 	
5.86 	6.80 	
5.86 	6.91 	
5.44 	6.73 	
5.60 	6.43 	
5.66 	6.73 	
6.37 	6.63 	
6.09 	6.56 	
6.61 	6.79 	
6.04 	6.79 	
5.90 	7.21 	
6.04 	7.36 	
6.21 	6.59 	
6.20 	6.45 	
6.41 	5.96 	
6.05 	5.72 	
6.52 	6.58 	
5.70 	6.00 	
5.77 	6.50 	
5.85 	6.41 	
5.73 	7.29 	
6.11 	6.51 	
6.42 	6.00 	
5.95 	7.08 	
6.41 	5.87 	
6.29 	6.49 	
6.40 	6.15 	
6.32 	5.56 	
6.03 	5.85 	
6.27 	6.62 	
6.25 	5.48 	
6.72 	5.82 	
6.86 	6.20 	
6.49 	6.37 	
6.64 	6.07 	
6.08 	6.17 	
6.67 	6.09 	
6.65 	6.45 	
6.37 	6.04 	
6.48 	5.88 	
6.60 	6.09 	
7.27 	6.40 	
7.53 	6.68 	
7.47 	5.84 	
6.13 	6.03 	
6.74 	6.46 	
6.77 	6.18 	
7.02 	5.90 	
6.20 	6.35 	
6.65 	5.92 	
6.47 	5.97 	
6.26 	6.23 	
6.11 	6.17 	
6.41 	6.26 	
6.42 	5.79 	
6.48 	6.03 	
6.70 	6.53 	
6.38 	6.46 	
6.82 	6.29 	
6.92 	6.38 	
6.83 	6.18 	
6.44 	6.66 	
6.75 	6.82 	
6.69 	7.01 	
6.02 	6.51 	
6.39 	6.23 	
6.41 	6.26 	
6.74 	6.54 	
6.16 	6.66 	
6.38 	6.87 	
6.04 	6.00 	
6.24 	5.60 	
6.14 	6.71 	
6.15 	5.86 	
5.65 	5.88 	
6.58 	6.56 	
6.23 	5.55 	
5.28 	5.59 	
6.60 	6.36 	
5.97 	5.97 	
5.93 	6.80 	
6.07 	6.50 	
6.11 	6.31 	
6.33 	6.12 	
6.05 	5.60 	
5.79 	5.89 	
5.61 	5.49 	
5.52 	5.62 	
5.61 	6.43 	
5.79 	6.18 	
6.32 	6.66 	
6.05 	6.67 	
6.64 	7.11 	
5.93 	6.94 	
5.51 	6.42 	
6.32 	6.50 	
5.76 	6.64 	
5.89 	7.12 	
5.72 	6.16 	
5.70 	6.81 	
5.78 	6.85 	
5.92 	6.29 	
5.98 	6.14 	
6.11 	7.32 	
5.98 	5.84 	
5.89 	5.68 	
5.90 	7.44 	
5.84 	6.69 	
5.27 	7.41 	
6.51 	6.62 	
6.20 	6.66 	
5.48 	6.80 	
5.60 	6.22 	
6.54 	6.92 	
5.52 	6.79 	
5.87 	6.43 	
6.34 	6.90 	
6.54 	6.56 	
6.66 	6.72 	
6.27 	6.22 	
6.28 	6.18 	
6.28 	6.28 	
6.18 	6.78 	
6.36 	7.08 	
6.10 	6.67 	
6.10 	7.26 	
6.00 	7.19 	
6.30 	6.49 	
6.66 	7.00 	
6.58 	6.74 	
5.09 	6.50 	
4.99 	7.02 	
4.29 	6.73 	
5.13 	6.36 	
4.36 	7.12 	
4.92 	7.28 	
4.86 	6.90 	
4.34 	5.85 	
3.65 	6.32 	
4.36 	6.32 	
6.01 	6.28 	
5.66 	6.04 	
5.89 	6.28 	
4.51 	6.08 	
5.81 	6.06 	
6.16 	6.43 	
5.86 	6.42 	
6.23 	5.78 	
6.39 	6.19 	
6.27 	5.82 	
5.78 	6.60 	
6.31 	6.20 	
6.32 	5.75 	
6.27 	5.87 	
6.63 	5.90 	
6.33 	6.37 	
6.26 	5.17 	
6.37 	6.33 	
6.13 	6.17 	
6.06 	7.01 	
6.18 	6.49 	
5.94 	5.95 	
6.53 	6.30 	
6.57 	7.70 	
6.52 	5.86 	
6.40 	7.35 	
6.50 	6.92 	
6.11 	6.58 	
5.44 	6.80 	
6.21 	6.21 	
6.20 	6.94 	
6.08 	7.22 	
6.38 	6.12 	
6.19 	5.75 	
5.96 	5.97 	
5.89 	6.32 	
6.39 	5.84 	
6.25 	6.31 	
5.81 	5.84 	
6.82 	6.08 	
6.11 	5.65 	
6.55 	6.18 	
6.18 	5.85 	
6.46 	6.71 	
5.89 	6.40 	
6.70 	6.18 	
6.27 	6.13 	
5.99 	5.93 	
5.82 	6.28 	
6.47 	6.64 	
6.16 	6.69 	
6.32 	6.49 	
6.51 	5.96 	
6.45 	6.25 	
6.66 	7.11 	
6.41 	6.08 	
6.30 	6.23 	
6.49 	6.50 	
6.10 	6.01 	
6.39 	5.92 	
6.08 	5.33 	
6.16 	6.34 	
6.33 	6.42 	
6.29 	6.24 	
5.93 	6.48 	
6.40 	7.05 	
6.18 	6.83 	
6.28 	7.13 	
6.38 	5.32 	
6.28 	6.52 	
6.22 	6.03 	
6.07 	5.84 	
6.00 	5.81 	
6.11 	5.80 	
6.40 	6.65 	
6.63 	6.97 	
6.56 	6.66 	
6.56 	6.08 	
6.72 	5.68 	
5.64 	7.02 	
6.07 	6.25 	
5.96 	6.28 	
5.82 	5.75 	
6.01 	6.37 	
6.02 	6.95 	
6.34 	6.42 	
6.22 	5.99 	
6.15 	6.74 	
5.99 	7.22 	
6.29 	6.38 	
6.28 	6.14 	
6.28 	6.48 	
5.80 	7.12 	
5.77 	6.90 	
6.21 	6.38 	
6.66 	5.58 	
5.78 	6.53 	
6.66 	6.93 	
6.29 	7.11 	
6.18 	7.15 	
6.23 	6.11 	
6.79 	6.48 	
6.67 	7.01 	
6.19 	6.66 	
6.14 	7.35 	
6.13 	7.03 	
5.86 	6.98 	
5.93 	6.27 	
5.50 	7.23 	
6.07 	7.00 	
6.17 	6.81 	
6.16 	6.06 	
6.20 	6.17 	
5.79 	6.73 	
5.98 	6.79 	
6.64 	6.98 	
6.19 	6.40 	
6.04 	6.93 	
6.84 	6.59 	
7.17 	6.55 	
6.99 	6.04 	
6.04 	6.97 	
6.49 	7.25 	
6.62 	7.19 	
6.47 	6.42 	
6.49 	6.45 	
6.34 	6.88 	
6.57 	6.06 	
6.49 	6.32 	
7.48 	6.53 	
6.33 	6.82 	
6.22 	6.50 	
7.36 	6.94 	
6.67 	6.62 	
6.27 	6.71 	
6.66 	5.63 	
5.06 	6.88 	
4.92 	6.38 	
4.75 	6.88 	
4.79 	6.56 	
4.95 	7.04 	
4.83 	6.01 	
5.57 	6.71 	
5.37 	6.33 	
4.91 	6.54 	
5.40 	6.12 	
5.41 	6.06 	
4.91 	6.44 	
5.09 	6.53 	
5.26 	5.43 	
5.27 	6.43 	
4.41 	6.27 	
4.87 	6.80 	
5.13 	7.30 	
4.89 	6.65 	
4.72 	6.35 	
4.87 	6.21 	
4.53 	6.44 	
5.09 	5.90 	
5.36 	6.35 	
4.83 	6.47 	
4.52 	6.33 	
5.05 	6.24 	
5.23 	7.38 	
4.86 	6.05 	
4.90 	6.46 	
4.97 	6.64 	
4.64 	6.86 	
6.05 	6.64 	
4.80 	6.67 	
4.81 	6.78 	
4.81 	6.42 	
5.28 	6.52 	
4.84 	6.38 	
4.68 	6.82 	
5.24 	6.04 	
4.65 	6.71 	
5.24 	6.39 	
4.80 	5.85 	
4.64 	7.03 	
4.79 	6.89 	
5.01 	7.11 	
5.27 	6.75 	
4.76 	6.10 	
5.31 	6.25 	
5.13 	6.51 	
5.31 	6.13 	
5.61 	6.11 	
5.47 	6.69 	
5.12 	6.23 	
4.38 	6.54 	
5.23 	6.57 	
4.12 	6.90 	
5.33 	6.25 	
5.24 	6.95 	
5.19 	7.24 	
4.75 	7.19 	
5.36 	7.49 	
5.76 	5.94 	
4.94 	5.62 	
5.77 	6.62 	
5.04 	5.82 	
5.46 	6.68 	
4.97 	7.10 	
4.34 	7.03 	
4.74 	6.62 	
4.12 	6.26 	
4.37 	6.28 	
4.76 	7.00 	
4.68 	6.20 	
4.39 	6.23 	
4.48 	6.91 	
4.31 	5.91 	
5.16 	5.74 	
4.73 	6.13 	
4.41 	6.70 	
4.12 	7.15 	
5.32 	6.74 	
4.62 	7.16 	
4.67 	7.76 	
4.18 	7.26 	
4.61 	6.89 	
4.71 	6.72 	
4.47 	6.75 	
4.73 	7.37 	
4.88 	7.05 	
5.26 	6.54 	
4.80 	6.98 	
4.37 	6.84 	
4.47 	6.10 	
4.74 	6.53 	
4.12 	6.98 	
4.86 	7.47 	
5.54 	7.09 	
4.51 	6.36 	
4.89 	6.22 	
4.70 	6.21 	
4.36 	6.82 	
5.22 	7.47 	
5.03 	7.31 	
4.20 	7.16 	
4.65 	6.91 	
4.84 	6.75 	
4.58 	7.28 	
4.40 	5.83 	
4.29 	6.84 	
4.67 	6.38 	
4.71 	6.75 	
4.65 	6.09 	
4.34 	6.00 	
4.22 	6.65 	
4.33 	6.03 	
4.62 	6.79 	
4.37 	6.69 	
4.60 	6.35 	
4.71 	7.13 	
5.06 	6.66 	
4.41 	6.56 	
4.54 	6.13 	
4.81 	6.39 	
4.28 	6.83 	
4.32 	6.72 	
4.79 	6.52 	
5.11 	7.22 	
4.36 	6.78 	
4.60 	6.90 	
4.70 	6.29 	
4.18 	6.28 	
4.62 	7.21 	
4.62 	6.77 	
5.06 	6.17 	
5.85 	6.37 	
4.39 	6.43 	
4.93 	6.52 	
4.50 	6.54 	
4.60 	6.28 	
4.37 	6.19 	
4.96 	6.92 	
4.41 	6.59 	
4.42 	6.23 	
4.63 	6.67 	
4.11 	5.81 	
4.76 	6.28 	
4.56 	6.43 	
4.59 	7.27 	
4.97 	5.64 	
4.87 	6.90 	
4.50 	5.75 	
4.31 	7.05 	
4.47 	6.45 	
4.63 	7.52 	
4.71 	6.48 	
4.04 	7.00 	
4.83 	6.67 	
5.08 	6.56 	
4.86 	6.46 	
5.18 	6.13 	
4.21 	5.73 	
4.73 	6.70 	
5.05 	6.40 	
4.63 	6.78 	
5.74 	5.56 	
5.34 	6.01 	
5.59 	6.38 	
4.59 	5.75 	
5.47 	6.45 	
4.67 	6.38 	
5.05 	6.56 	
5.51 	6.44 	
5.32 	5.69 	
5.65 	5.70 	
5.65 	6.58 	
5.94 	6.99 	
5.34 	7.07 	
5.52 	6.61 	
6.03 	6.11 	
5.65 	6.50 	
6.28 	7.02 	
6.45 	6.64 	
6.12 	6.13 	
6.23 	6.23 	
5.79 	6.16 	
5.51 	6.15 	
4.85 	6.08 	
5.97 	6.72 	
6.43 	6.89 	
4.38 	7.28 	
4.88 	6.42 	
4.65 	7.19 	
5.03 	6.25 	
5.25 	6.49 	
5.82 	6.10 	
5.91 	6.31 	
5.65 	6.16 	
5.67 	6.61 	
6.34 	5.26 	
4.92 	5.84 	
5.27 	6.25 	
5.98 	5.95 	
6.58 	6.42 	
6.25 	5.66 	
6.00 	6.05 	
5.11 	6.74 	
5.41 	6.77 	
5.64 	6.25 	
5.41 	6.06 	
5.56 	5.78 	
4.99 	5.58 	
5.11 	5.80 	
5.50 	6.10 	
5.35 	6.87 	
5.25 	6.41 	
5.83 	6.52 	
5.72 	6.25 	
6.25 	6.10 	
5.93 	6.20 	
5.03 	6.90 	
5.41 	6.43 	
5.24 	6.61 	
5.09 	7.17 	
4.68 	6.42 	
5.17 	6.31 	
4.71 	6.31 	
5.75 	6.87 	
5.82 	6.26 	
6.31 	7.02 	
5.90 	6.73 	
5.12 	6.51 	
5.77 	6.03 	
5.55 	6.72 	
5.66 	6.89 	
4.99 	6.68 	
5.67 	6.36 	
6.05 	7.11 	
6.03 	6.99 	
6.59 	6.79 	
6.10 	6.54 	
6.46 	5.70 	
5.55 	6.12 	
6.37 	5.72 	
6.36 	5.81 	
6.49 	6.59 	
5.96 	6.77 	
5.68 	6.66 	
6.18 	6.18 	
6.26 	5.91 	
5.75 	6.40 	
5.81 	5.45 	
5.59 	6.29 	
6.06 	6.53 	
5.61 	6.45 	
5.50 	6.95 	
6.03 	6.34 	
6.11 	7.10 	
6.16 	7.09 	
6.44 	6.13 	
6.31 	6.40 	
4.86 	7.11 	
6.41 	6.61 	
5.95 	6.96 	
6.13 	6.47 	
6.79 	6.75 	
6.34 	6.12 	
6.14 	6.37 	
6.09 	6.57 	
5.65 	6.43 	
6.16 	6.72 	
5.95 	6.31 	
6.14 	7.20 	
5.83 	6.89 	
6.62 	6.86 	
6.16 	6.35 	
6.52 	7.13 	
6.31 	6.49 	
6.05 	6.63 	
5.66 	6.98 	
6.38 	6.27 	
6.29 	6.63 	
6.71 	6.64 	
5.65 	6.58 	
6.24 	6.70 	
6.03 	6.57 	
6.07 	6.25 	
5.87 	5.73 	
6.02 	6.73 	
6.15 	7.12 	
5.83 	6.24 	
5.79 	6.60 	
6.10 	6.65 	
5.28 	6.19 	
5.98 	6.35 	
4.88 	5.97 	
6.05 	6.81 	
6.06 	6.46 	
6.06 	6.65 	
6.15 	6.44 	
5.79 	6.19 	
5.02 	6.62 	
4.16 	6.27 	
4.92 	5.44 	
4.58 	6.30 	
4.28 	5.67 	
5.06 	5.92 	
5.54 	5.91 	
5.37 	5.50 	
5.81 	6.06 	
5.51 	6.54 	
6.61 	6.53 	
6.01 	6.31 	
5.41 	5.54 	
4.72 	6.15 	
6.70 	5.79 	
6.51 	6.31 	
5.99 	6.85 	
6.44 	5.65 	
5.17 	6.18 	
5.57 	5.94 	
6.00 	7.27 	
6.19 	6.54 	
6.07 	6.64 	
4.81 	6.96 	
5.33 	5.78 	
5.33 	6.12 	
5.64 	5.98 	
6.36 	6.74 	
5.35 	5.84 	
5.43 	5.96 	
6.19 	6.29 	
6.13 	5.95 	
6.02 	6.89 	
5.98 	7.12 	
5.60 	6.61 	
5.87 	6.65 	
6.36 	7.00 	
5.99 	6.31 	
6.19 	7.19 	
5.98 	6.32 	
6.09 	6.26 	
6.45 	5.73 	
7.06 	6.63 	
6.14 	6.48 	
6.48 	5.94 	
6.58 	6.46 	
5.67 	6.28 	
5.58 	6.29 	
6.46 	6.42 	
5.57 	6.26 	
6.15 	7.01 	
6.19 	6.29 	
5.74 	5.54 	
6.26 	5.49 	
5.93 	6.04 	
6.15 	6.23 	
6.32 	6.47 	
5.95 	6.48 	
5.89 	6.07 	
5.35 	6.41 	
5.63 	5.63 	
4.81 	5.62 	
6.06 	5.98 	
6.27 	5.50 	
6.58 	6.14 	
6.39 	6.21 	
5.60 	6.67 	
6.51 	7.08 	
5.41 	6.88 	
5.83 	6.76 	
5.54 	6.33 	
5.36 	6.34 	
5.41 	6.07 	
5.36 	6.25 	
6.48 	5.92 	
5.91 	5.69 	
5.58 	5.71 	
6.08 	6.06 	
6.39 	6.67 	
6.40 	6.34 	
6.34 	6.34 	
6.52 	6.67 	
6.49 	6.44 	
6.32 	6.54 	
6.32 	6.47 	
6.54 	6.82 	
6.00 	6.55 	
6.07 	7.08 	
6.46 	6.38 	
6.55 	6.39 	
6.10 	6.41 	
5.50 	6.08 	
6.23 	6.04 	
5.00 	6.41 	
5.52 	6.07 	
5.83 	5.76 	
6.00 	5.55 	
5.66 	6.74 	
6.06 	5.15 	
5.29 	5.41 	
6.35 	5.79 	
5.88 	4.90 	
5.88 	5.97 	
5.81 	6.01 	
5.55 	5.73 	
5.06 	6.14 	
5.31 	6.18 	
5.70 	5.83 	
5.35 	6.14 	
4.77 	6.72 	
5.26 	6.14 	
4.63 	5.98 	
6.22 	5.63 	
5.89 	6.11 	
6.19 	6.37 	
6.42 	6.39 	
6.37 	6.13 	
6.29 	6.25 	
6.42 	6.31 	
6.32 	5.96 	
6.39 	6.35 	
6.49 	6.18 	
5.57 	6.22 	
6.44 	6.08 	
6.42 	5.82 	
5.75 	6.08 	
5.40 	6.13 	
5.11 	5.93 	
5.35 	6.24 	
5.22 	5.50 	
5.66 	6.24 	
5.76 	6.95 	
5.59 	7.33 	
5.18 	7.11 	
5.26 	6.70 	
5.02 	7.03 	
5.59 	7.14 	
5.33 	7.01 	
5.20 	6.79 	
5.00 	6.67 	
4.85 	7.16 	
5.15 	6.39 	
5.19 	6.62 	
5.09 	6.86 	
5.48 	7.03 	
5.23 	6.44 	
5.81 	6.31 	
5.19 	6.62 	
5.59 	6.28 	
5.19 	6.69 	
5.23 	6.51 	
5.20 	6.96 	
4.65 	6.91 	
5.54 	6.92 	
5.41 	6.76 	
5.08 	6.75 	
5.34 	6.78 	
5.28 	6.75 	
5.54 	6.14 	
5.60 	5.87 	
5.64 	6.51 	
5.09 	6.43 	
5.38 	6.06 	
5.66 	6.05 	
5.80 	5.93 	
4.85 	5.40 	
5.52 	5.50 	
5.73 	5.97 	
5.61 	6.20 	
5.93 	6.62 	
5.65 	5.72 	
5.61 	5.72 	
5.56 	5.79 	
5.86 	6.11 	
5.34 	6.19 	
6.59 	6.30 	
7.04 	6.20 	
6.86 	5.48 	
6.51 	6.29 	
5.95 	6.22 	
7.20 	6.14 	
5.84 	5.67 	
6.58 	6.46 	
7.10 	5.72 	
5.10 	6.68 	
5.33 	6.59 	
5.13 	6.41 	
5.81 	5.89 	
5.57 	6.81 	
5.46 	6.91 	
5.09 	6.59 	
5.25 	5.90 	
5.04 	6.11 	
5.92 	6.10 	
5.71 	6.01 	
6.07 	6.12 	
5.28 	6.73 	
5.43 	5.43 	
5.02 	5.79 	
5.34 	6.00 	
5.79 	6.47 	
5.40 	6.17 	
5.79 	5.59 	
5.60 	5.54 	
5.06 	5.82 	
6.08 	5.97 	
5.53 	6.05 	
5.61 	5.62 	
5.60 	5.98 	
5.68 	6.40 	
5.59 	5.76 	
5.55 	6.41 	
5.98 	6.81 	
5.87 	5.95 	
5.68 	5.71 	
5.54 	5.55 	
5.92 	6.17 	
5.66 	5.92 	
5.58 	5.73 	
6.03 	6.10 	
5.54 	6.66 	
5.51 	6.57 	
5.38 	6.73 	
6.12 	6.68 	
5.56 	6.27 	
5.80 	6.71 	
6.32 	6.74 	
6.14 	5.86 	
5.72 	6.12 	
5.20 	6.04 	
5.90 	6.17 	
5.63 	6.40 	
5.52 	6.15 	
4.76 	6.67 	
5.69 	7.01 	
6.10 	6.28 	
5.53 	6.68 	
5.98 	5.70 	
5.79 	6.96 	
5.62 	6.53 	
5.38 	6.56 	
5.65 	6.50 	
5.92 	6.27 	
5.75 	6.25 	
6.21 	6.27 	
5.56 	6.30 	
5.78 	6.69 	
5.50 	6.14 	
5.87 	6.49 	
5.80 	7.21 	
5.91 	6.26 	
5.65 	5.75 	
5.19 	6.88 	
5.29 	6.52 	
5.58 	6.66 	
5.27 	6.95 	
5.40 	7.07 	
5.39 	7.22 	
5.25 	6.22 	
5.39 	6.47 	
6.19 	6.82 	
5.45 	5.92 	
5.51 	5.90 	
5.38 	6.80 	
5.52 	6.91 	
5.69 	6.60 	
5.48 	6.96 	
5.45 	6.74 	
5.62 	7.01 	
5.36 	6.05 	
5.74 	6.74 	
6.07 	6.22 	
5.50 	6.85 	
5.84 	6.57 	
5.57 	6.46 	
5.80 	6.52 	
5.80 	6.23 	
5.67 	6.73 	
5.66 	7.31 	
5.49 	7.19 	
5.47 	7.20 	
5.86 	7.08 	
5.93 	7.38 	
5.67 	6.68 	
5.74 	6.98 	
5.78 	6.98 	
6.32 	7.38 	
5.31 	7.46 	
5.31 	6.65 	
5.79 	6.73 	
5.95 	6.69 	
5.60 	6.89 	
4.82 	6.52 	
5.85 	6.95 	
5.37 	7.16 	
5.19 	7.22 	
5.21 	6.84 	
5.30 	7.34 	
5.78 	7.21 	
