3.42 	3.16 	
3.30 	2.08 	
3.11 	2.38 	
3.44 	2.50 	
3.12 	3.20 	
3.10 	2.80 	
2.90 	3.22 	
2.61 	3.43 	
3.42 	2.81 	
3.80 	3.31 	
3.71 	2.84 	
3.41 	3.06 	
3.70 	3.16 	
3.44 	3.12 	
3.85 	3.27 	
3.96 	3.19 	
3.99 	3.15 	
3.86 	3.12 	
3.94 	3.16 	
3.35 	3.34 	
3.40 	3.30 	
3.81 	3.12 	
3.62 	3.16 	
3.89 	2.47 	
3.70 	3.04 	
3.87 	2.38 	
3.51 	3.46 	
3.51 	3.52 	
3.42 	3.87 	
3.40 	3.93 	
3.51 	3.53 	
3.57 	3.82 	
3.52 	3.96 	
3.63 	3.97 	
3.54 	3.64 	
3.57 	3.53 	
3.97 	3.58 	
3.51 	4.04 	
3.64 	4.03 	
3.47 	3.55 	
3.66 	3.54 	
3.73 	4.01 	
3.82 	3.95 	
3.68 	3.68 	
3.66 	3.73 	
3.90 	3.63 	
3.69 	3.77 	
4.02 	3.64 	
3.59 	3.88 	
3.84 	3.75 	
3.68 	3.91 	
3.68 	4.02 	
3.71 	3.70 	
3.93 	3.59 	
3.56 	3.48 	
3.55 	3.62 	
3.47 	3.97 	
3.69 	3.67 	
3.54 	3.60 	
3.70 	3.71 	
3.86 	3.64 	
3.59 	3.65 	
3.71 	3.73 	
3.59 	3.63 	
3.52 	3.22 	
3.62 	3.84 	
3.87 	3.59 	
3.61 	3.62 	
3.75 	3.50 	
3.59 	4.20 	
3.74 	3.80 	
3.63 	3.60 	
3.64 	3.54 	
3.66 	3.76 	
3.59 	3.93 	
3.75 	3.36 	
3.88 	3.68 	
3.62 	3.65 	
3.63 	2.89 	
3.75 	3.39 	
3.89 	3.58 	
3.64 	3.68 	
3.62 	3.96 	
3.68 	3.54 	
3.69 	3.74 	
3.74 	3.80 	
3.57 	3.56 	
3.59 	3.93 	
3.51 	3.28 	
3.70 	3.61 	
3.98 	3.65 	
3.82 	3.62 	
3.29 	3.68 	
3.50 	3.65 	
3.53 	3.66 	
3.51 	3.45 	
3.79 	3.92 	
3.50 	3.89 	
3.65 	3.79 	
3.42 	4.02 	
3.43 	3.56 	
3.55 	3.64 	
3.48 	3.78 	
3.63 	3.68 	
3.68 	4.12 	
3.57 	3.86 	
3.55 	3.92 	
3.46 	3.55 	
3.55 	3.76 	
3.81 	3.70 	
3.70 	3.80 	
3.63 	3.40 	
3.77 	3.44 	
3.84 	3.23 	
3.89 	3.45 	
3.75 	3.66 	
3.51 	3.63 	
3.56 	3.52 	
3.49 	3.46 	
3.68 	3.99 	
3.54 	3.57 	
3.69 	3.67 	
3.86 	3.65 	
3.50 	3.66 	
3.63 	3.58 	
3.79 	3.36 	
3.58 	3.94 	
3.83 	3.55 	
3.72 	3.81 	
3.85 	3.65 	
3.79 	3.48 	
3.77 	3.79 	
3.53 	3.80 	
3.68 	3.83 	
3.40 	3.80 	
3.83 	3.87 	
3.79 	3.34 	
3.40 	3.34 	
3.67 	3.50 	
3.45 	3.75 	
3.64 	3.32 	
3.85 	3.87 	
3.52 	3.63 	
3.65 	3.28 	
3.71 	3.44 	
3.69 	3.64 	
3.43 	3.61 	
3.57 	3.60 	
3.58 	3.42 	
3.91 	3.72 	
3.51 	3.38 	
3.76 	3.59 	
3.46 	3.42 	
3.24 	3.41 	
3.74 	3.48 	
3.35 	3.37 	
3.74 	3.24 	
3.47 	3.37 	
3.61 	3.83 	
3.65 	3.74 	
3.57 	3.58 	
3.46 	3.75 	
3.55 	3.40 	
3.61 	3.64 	
3.61 	3.88 	
3.80 	3.97 	
3.87 	3.93 	
3.65 	3.47 	
3.56 	3.48 	
3.50 	3.44 	
3.34 	3.48 	
3.59 	3.43 	
3.94 	3.35 	
3.44 	3.32 	
3.40 	3.94 	
4.00 	3.58 	
3.51 	3.79 	
3.59 	3.67 	
3.53 	3.53 	
3.77 	3.41 	
3.55 	3.85 	
3.44 	3.21 	
3.46 	3.90 	
3.25 	3.72 	
3.48 	3.42 	
3.54 	3.25 	
3.58 	3.46 	
3.52 	3.66 	
3.58 	3.65 	
3.84 	3.53 	
3.87 	3.63 	
3.80 	3.89 	
3.95 	3.38 	
3.58 	3.65 	
3.74 	3.82 	
3.52 	3.67 	
3.60 	3.54 	
3.78 	3.66 	
3.37 	3.73 	
3.65 	3.18 	
3.39 	3.35 	
3.44 	3.57 	
3.73 	3.66 	
3.83 	3.35 	
3.55 	3.25 	
3.52 	3.28 	
3.74 	3.16 	
3.79 	3.55 	
3.75 	3.48 	
3.36 	3.32 	
3.77 	3.69 	
3.80 	3.59 	
3.44 	3.77 	
3.60 	3.50 	
3.75 	3.66 	
3.71 	3.48 	
3.72 	3.86 	
3.55 	3.53 	
3.85 	3.62 	
3.49 	3.37 	
3.71 	3.32 	
3.44 	3.77 	
3.49 	3.78 	
3.69 	3.43 	
3.52 	3.53 	
3.62 	3.45 	
3.69 	3.51 	
3.57 	3.42 	
3.83 	3.76 	
3.54 	3.78 	
3.85 	3.85 	
3.56 	3.66 	
3.67 	2.97 	
3.58 	3.26 	
3.60 	3.29 	
3.85 	3.15 	
3.55 	3.59 	
4.10 	3.74 	
3.68 	3.78 	
3.63 	3.87 	
3.37 	3.31 	
3.50 	3.81 	
3.78 	3.25 	
3.83 	3.33 	
3.75 	3.59 	
3.44 	3.14 	
3.32 	3.56 	
3.43 	3.26 	
3.62 	3.82 	
3.71 	3.56 	
3.80 	3.53 	
3.62 	3.39 	
3.60 	3.50 	
3.86 	3.34 	
3.73 	3.51 	
3.37 	3.16 	
3.50 	3.42 	
3.73 	3.36 	
3.70 	3.31 	
3.74 	3.62 	
3.61 	3.25 	
3.68 	3.38 	
3.68 	3.80 	
3.59 	3.89 	
3.57 	3.63 	
3.38 	3.37 	
3.64 	3.63 	
3.62 	3.64 	
3.65 	3.74 	
3.55 	3.33 	
3.61 	3.66 	
3.90 	3.73 	
3.53 	3.42 	
3.50 	3.05 	
3.69 	3.31 	
3.50 	3.58 	
3.42 	3.54 	
3.44 	3.84 	
3.65 	3.70 	
3.60 	3.54 	
3.65 	3.61 	
3.45 	3.21 	
3.69 	3.31 	
3.64 	3.68 	
3.49 	3.25 	
3.81 	3.30 	
3.41 	3.18 	
3.69 	3.19 	
3.69 	3.61 	
3.83 	3.46 	
3.53 	3.20 	
3.67 	3.27 	
3.72 	3.15 	
3.63 	3.49 	
3.71 	3.68 	
3.54 	2.99 	
3.31 	3.25 	
3.36 	3.53 	
3.63 	3.17 	
3.82 	3.48 	
3.32 	3.00 	
3.84 	3.56 	
3.62 	3.33 	
3.60 	3.36 	
3.68 	3.72 	
3.77 	3.37 	
3.56 	3.71 	
3.77 	3.81 	
3.78 	3.45 	
3.96 	3.28 	
3.65 	3.32 	
3.89 	3.74 	
3.75 	3.33 	
3.72 	3.60 	
4.01 	3.43 	
3.61 	3.60 	
3.75 	3.25 	
3.71 	3.74 	
3.56 	3.23 	
3.86 	3.57 	
3.68 	3.98 	
3.56 	3.27 	
3.82 	3.18 	
3.63 	3.21 	
3.48 	3.28 	
3.52 	3.30 	
3.51 	3.42 	
3.42 	3.54 	
3.61 	3.86 	
3.54 	3.17 	
3.58 	3.47 	
3.65 	3.27 	
3.16 	3.38 	
3.63 	3.58 	
3.63 	3.19 	
3.60 	3.52 	
3.49 	3.21 	
3.81 	3.63 	
3.56 	3.29 	
3.28 	3.61 	
3.48 	3.61 	
3.53 	3.44 	
3.27 	3.62 	
3.77 	3.27 	
3.50 	3.29 	
3.76 	3.86 	
3.60 	3.65 	
3.43 	3.62 	
3.92 	3.64 	
3.83 	3.81 	
3.45 	3.83 	
3.31 	4.23 	
3.48 	3.64 	
3.53 	3.44 	
3.74 	3.57 	
3.88 	3.74 	
3.60 	3.75 	
3.82 	3.27 	
3.20 	3.31 	
3.35 	3.64 	
3.69 	3.35 	
3.65 	3.75 	
3.55 	3.52 	
3.61 	3.37 	
3.73 	3.41 	
3.90 	3.32 	
3.65 	3.34 	
3.52 	3.51 	
3.45 	3.49 	
3.55 	3.11 	
3.65 	3.38 	
3.72 	3.34 	
3.53 	3.32 	
3.57 	3.76 	
3.50 	3.32 	
3.68 	3.12 	
3.49 	3.19 	
3.65 	3.59 	
3.34 	3.71 	
3.46 	3.62 	
3.26 	3.41 	
3.64 	3.35 	
3.61 	3.59 	
3.48 	3.37 	
3.62 	3.24 	
3.57 	3.13 	
3.47 	3.20 	
3.20 	3.43 	
3.23 	3.73 	
3.53 	3.42 	
3.53 	3.36 	
3.62 	3.28 	
3.64 	3.42 	
3.41 	3.71 	
3.90 	3.80 	
3.84 	3.28 	
3.48 	3.28 	
3.29 	3.37 	
3.33 	3.81 	
3.69 	3.19 	
3.73 	3.15 	
3.64 	3.39 	
3.85 	3.31 	
3.31 	3.35 	
3.63 	3.53 	
3.55 	3.48 	
3.50 	3.67 	
3.89 	3.54 	
3.73 	3.45 	
3.77 	3.48 	
3.59 	3.65 	
3.42 	3.78 	
3.52 	3.70 	
3.67 	3.10 	
3.63 	3.58 	
3.42 	3.11 	
3.78 	4.16 	
3.49 	3.81 	
3.96 	3.92 	
3.57 	3.64 	
3.60 	3.74 	
3.57 	3.42 	
3.51 	4.08 	
3.83 	3.36 	
4.04 	3.59 	
3.31 	3.91 	
3.69 	4.05 	
3.88 	3.90 	
3.74 	3.82 	
3.60 	3.90 	
3.80 	3.64 	
3.53 	3.88 	
3.68 	3.93 	
3.63 	3.93 	
3.76 	3.87 	
3.67 	4.01 	
3.59 	3.91 	
3.35 	4.03 	
3.62 	3.89 	
3.51 	4.09 	
3.59 	4.09 	
3.58 	3.76 	
3.69 	4.16 	
3.54 	4.05 	
3.49 	4.13 	
3.68 	4.16 	
3.57 	4.25 	
3.36 	4.04 	
3.63 	3.50 	
3.58 	3.76 	
3.60 	3.51 	
3.29 	3.60 	
3.51 	3.56 	
3.35 	4.16 	
3.50 	3.97 	
3.75 	3.77 	
3.49 	4.24 	
3.37 	3.89 	
3.63 	4.19 	
3.73 	4.12 	
3.74 	3.96 	
3.19 	4.11 	
3.47 	4.31 	
3.51 	3.70 	
3.64 	3.72 	
3.63 	3.86 	
3.75 	4.11 	
3.71 	3.78 	
3.42 	3.92 	
3.24 	3.92 	
3.36 	3.49 	
3.81 	3.75 	
3.39 	4.12 	
3.68 	4.03 	
3.32 	4.08 	
3.23 	3.78 	
3.83 	4.10 	
3.54 	3.89 	
3.56 	3.42 	
3.60 	3.49 	
3.41 	3.93 	
3.37 	3.84 	
3.36 	3.56 	
3.62 	3.40 	
3.47 	3.59 	
3.33 	3.85 	
3.22 	4.10 	
3.58 	3.67 	
3.37 	3.91 	
3.79 	3.71 	
3.20 	3.76 	
3.33 	3.75 	
3.49 	3.79 	
3.67 	4.26 	
3.33 	4.16 	
3.76 	3.80 	
3.52 	3.74 	
3.75 	4.49 	
3.63 	4.09 	
3.91 	4.17 	
3.89 	3.92 	
3.80 	3.88 	
3.36 	3.99 	
3.81 	3.77 	
4.06 	3.66 	
3.66 	4.37 	
3.81 	4.00 	
3.57 	4.11 	
3.67 	3.83 	
3.50 	3.95 	
3.58 	4.21 	
3.89 	3.80 	
3.41 	3.87 	
3.75 	4.09 	
3.76 	3.80 	
3.60 	4.04 	
3.29 	3.76 	
3.79 	4.20 	
3.31 	3.95 	
3.81 	3.89 	
3.17 	4.19 	
3.67 	3.59 	
3.61 	3.35 	
3.38 	3.93 	
3.85 	3.77 	
3.71 	4.22 	
3.67 	3.91 	
3.86 	3.27 	
3.97 	3.98 	
3.68 	4.34 	
3.65 	3.90 	
3.54 	3.93 	
3.75 	4.07 	
3.57 	3.91 	
3.84 	3.96 	
3.83 	3.77 	
3.85 	4.06 	
3.61 	3.68 	
3.96 	3.86 	
3.77 	3.61 	
3.69 	3.67 	
3.68 	3.71 	
4.00 	4.18 	
3.67 	4.02 	
3.75 	3.82 	
3.73 	3.67 	
3.87 	3.96 	
3.82 	3.55 	
3.82 	4.21 	
3.72 	4.28 	
3.67 	3.97 	
4.20 	4.10 	
3.62 	3.94 	
3.49 	4.00 	
3.49 	3.82 	
3.57 	3.98 	
3.51 	3.75 	
3.76 	3.88 	
3.50 	4.11 	
3.97 	3.83 	
3.66 	3.68 	
3.52 	3.87 	
3.82 	3.87 	
3.86 	3.74 	
3.81 	4.14 	
3.22 	4.02 	
3.82 	3.99 	
3.77 	4.08 	
3.45 	3.89 	
3.82 	4.00 	
3.85 	3.68 	
3.76 	4.00 	
4.11 	4.40 	
3.69 	4.16 	
3.69 	3.84 	
4.35 	3.52 	
3.43 	4.09 	
4.02 	4.17 	
3.77 	3.72 	
3.67 	3.75 	
3.55 	3.50 	
3.44 	3.20 	
3.59 	3.65 	
3.53 	3.66 	
3.53 	3.72 	
3.35 	3.96 	
3.82 	3.57 	
3.50 	4.17 	
3.62 	3.62 	
3.79 	3.44 	
3.54 	4.26 	
3.52 	3.83 	
3.70 	3.73 	
3.70 	3.39 	
3.75 	3.41 	
3.62 	3.69 	
3.52 	3.48 	
3.51 	3.90 	
3.75 	4.30 	
3.71 	4.07 	
3.59 	3.96 	
3.72 	4.04 	
3.80 	4.42 	
3.62 	3.72 	
3.55 	3.95 	
3.72 	4.48 	
4.00 	4.35 	
3.70 	3.45 	
3.72 	4.11 	
3.72 	3.80 	
3.80 	3.65 	
3.70 	4.07 	
3.47 	3.87 	
3.80 	3.85 	
3.38 	4.09 	
3.63 	3.99 	
3.55 	3.96 	
3.64 	3.77 	
3.77 	3.98 	
3.80 	3.73 	
3.39 	3.91 	
3.57 	4.24 	
3.64 	4.11 	
3.81 	4.00 	
3.76 	3.99 	
3.75 	3.91 	
3.55 	4.11 	
3.72 	3.57 	
3.54 	3.70 	
3.66 	3.86 	
3.67 	4.24 	
3.62 	4.08 	
3.74 	3.76 	
3.38 	3.59 	
3.64 	3.43 	
3.47 	3.24 	
3.64 	3.71 	
3.54 	3.40 	
3.62 	3.05 	
3.39 	3.60 	
3.69 	3.64 	
3.45 	3.95 	
3.48 	3.63 	
3.60 	4.17 	
3.71 	4.19 	
3.65 	4.37 	
3.67 	4.36 	
3.60 	4.26 	
3.76 	3.95 	
3.73 	3.76 	
3.54 	3.80 	
3.69 	4.03 	
3.58 	3.77 	
3.73 	3.81 	
3.45 	3.88 	
3.97 	3.61 	
3.59 	4.02 	
3.61 	3.80 	
3.83 	4.06 	
3.75 	3.96 	
3.75 	4.07 	
3.50 	3.04 	
3.55 	3.87 	
3.37 	3.40 	
3.67 	3.69 	
3.60 	3.54 	
3.68 	3.90 	
3.27 	4.20 	
3.63 	3.90 	
3.73 	3.43 	
3.59 	3.80 	
3.71 	3.32 	
3.72 	3.42 	
3.56 	3.37 	
3.59 	3.42 	
3.84 	3.93 	
3.93 	4.03 	
3.55 	4.06 	
3.50 	3.99 	
3.64 	4.18 	
3.62 	4.18 	
3.68 	3.67 	
3.50 	3.78 	
3.59 	4.23 	
3.68 	3.98 	
3.45 	4.11 	
3.78 	4.16 	
3.71 	3.68 	
3.84 	4.34 	
3.68 	4.22 	
3.75 	3.95 	
3.62 	3.95 	
3.86 	4.10 	
3.58 	4.12 	
3.79 	4.16 	
3.65 	3.95 	
3.76 	4.08 	
3.68 	4.02 	
3.81 	4.05 	
3.77 	3.94 	
3.70 	4.24 	
3.55 	3.63 	
3.68 	3.84 	
3.53 	4.11 	
3.64 	3.97 	
3.63 	3.90 	
3.73 	4.07 	
3.55 	3.95 	
3.58 	3.91 	
3.91 	4.10 	
3.71 	3.96 	
3.40 	4.30 	
3.44 	3.99 	
3.75 	4.04 	
3.68 	4.10 	
3.59 	4.01 	
3.59 	3.91 	
3.80 	4.01 	
3.48 	4.03 	
3.60 	4.15 	
3.64 	4.31 	
3.28 	3.84 	
3.59 	4.02 	
3.62 	3.87 	
3.64 	4.03 	
3.39 	4.09 	
3.52 	4.10 	
3.55 	4.01 	
3.61 	4.15 	
3.85 	4.02 	
3.33 	3.92 	
3.41 	3.80 	
2.88 	3.66 	
3.47 	3.56 	
3.54 	4.06 	
3.45 	4.08 	
3.22 	4.05 	
3.48 	4.09 	
3.48 	4.10 	
3.39 	3.62 	
3.50 	3.80 	
3.86 	3.90 	
3.40 	3.83 	
3.47 	3.80 	
3.41 	3.92 	
3.57 	4.27 	
3.68 	4.28 	
3.63 	3.95 	
3.70 	3.93 	
3.46 	3.97 	
3.87 	3.63 	
3.64 	3.88 	
3.90 	3.85 	
3.63 	4.01 	
3.58 	4.23 	
3.58 	4.09 	
3.55 	3.92 	
3.51 	3.86 	
3.83 	4.27 	
3.48 	3.88 	
3.49 	4.45 	
3.67 	4.18 	
3.60 	4.38 	
3.31 	4.34 	
3.73 	4.52 	
3.72 	4.14 	
3.43 	3.78 	
3.54 	4.38 	
3.67 	4.49 	
3.71 	3.99 	
3.37 	4.03 	
3.48 	4.19 	
3.44 	4.25 	
3.49 	4.28 	
3.67 	3.99 	
3.49 	4.56 	
3.55 	4.31 	
3.75 	4.07 	
3.98 	4.14 	
3.44 	3.95 	
3.97 	4.10 	
3.68 	4.50 	
3.58 	4.53 	
3.70 	4.22 	
3.72 	4.38 	
3.69 	3.94 	
3.66 	4.54 	
3.33 	4.23 	
3.38 	4.21 	
3.62 	4.00 	
3.78 	4.20 	
3.76 	4.73 	
3.74 	4.13 	
3.69 	3.98 	
3.53 	3.63 	
3.67 	3.69 	
3.72 	4.06 	
3.84 	4.15 	
3.83 	4.15 	
3.92 	3.75 	
3.56 	3.85 	
3.82 	3.93 	
3.68 	4.26 	
3.88 	3.58 	
3.68 	3.99 	
3.69 	3.92 	
3.74 	3.79 	
3.53 	3.70 	
3.57 	3.80 	
3.71 	4.09 	
3.77 	4.36 	
3.94 	4.33 	
3.70 	3.84 	
3.54 	4.21 	
3.74 	3.84 	
3.53 	3.95 	
3.43 	3.93 	
3.74 	4.00 	
3.63 	3.86 	
4.03 	3.81 	
3.34 	4.28 	
3.51 	3.72 	
3.36 	3.87 	
3.64 	3.88 	
3.42 	4.00 	
3.90 	4.14 	
3.80 	4.17 	
3.47 	4.26 	
3.30 	4.02 	
3.48 	4.31 	
3.63 	4.25 	
3.60 	4.33 	
3.35 	4.54 	
3.68 	4.25 	
3.37 	4.18 	
3.55 	4.15 	
3.68 	4.35 	
3.68 	4.25 	
3.60 	4.83 	
3.67 	3.73 	
3.64 	3.81 	
3.73 	4.05 	
3.71 	3.99 	
3.75 	4.10 	
4.06 	4.13 	
3.76 	3.80 	
3.85 	3.87 	
3.85 	4.08 	
3.69 	4.07 	
3.91 	4.38 	
3.52 	3.96 	
3.52 	3.73 	
3.45 	3.81 	
3.51 	4.02 	
3.67 	4.25 	
3.45 	3.99 	
3.35 	3.56 	
3.77 	4.07 	
3.61 	3.92 	
3.72 	4.39 	
3.52 	4.39 	
3.04 	3.93 	
3.46 	4.45 	
3.33 	3.92 	
3.63 	3.77 	
3.49 	3.85 	
3.24 	4.38 	
3.37 	3.97 	
3.35 	3.90 	
3.26 	3.65 	
3.43 	3.92 	
3.62 	3.96 	
3.56 	4.10 	
3.57 	4.20 	
3.65 	3.94 	
3.22 	4.14 	
3.29 	4.27 	
3.56 	4.17 	
3.61 	4.35 	
3.71 	4.48 	
3.44 	3.93 	
3.75 	4.40 	
3.51 	3.87 	
3.61 	4.31 	
3.70 	4.09 	
3.75 	4.52 	
3.10 	4.71 	
3.87 	3.33 	
3.41 	4.38 	
3.58 	4.28 	
3.78 	4.45 	
3.57 	4.48 	
3.52 	4.13 	
3.52 	3.58 	
3.53 	3.90 	
3.51 	4.33 	
3.31 	4.09 	
3.38 	3.79 	
3.40 	4.07 	
3.50 	4.01 	
3.37 	4.26 	
3.67 	4.03 	
3.71 	4.36 	
3.49 	4.37 	
3.64 	4.40 	
3.39 	4.25 	
3.68 	4.03 	
3.34 	4.48 	
3.34 	3.92 	
3.54 	4.04 	
3.39 	4.57 	
3.61 	3.93 	
3.41 	4.29 	
3.60 	4.44 	
3.87 	4.41 	
3.82 	4.58 	
3.60 	4.51 	
3.68 	4.29 	
3.61 	4.70 	
3.89 	4.12 	
3.66 	4.40 	
3.45 	3.93 	
3.69 	4.16 	
3.70 	4.65 	
3.64 	4.28 	
3.62 	4.16 	
3.59 	4.26 	
3.60 	4.35 	
3.64 	3.99 	
3.74 	4.52 	
3.40 	3.74 	
3.81 	3.90 	
3.48 	4.21 	
3.56 	4.40 	
3.96 	4.17 	
3.82 	4.27 	
3.44 	3.97 	
3.57 	4.18 	
3.80 	4.43 	
3.67 	4.45 	
3.49 	4.08 	
3.71 	4.22 	
3.78 	3.80 	
3.48 	4.03 	
3.68 	4.06 	
3.35 	3.80 	
3.52 	4.13 	
3.64 	3.51 	
3.81 	3.58 	
4.21 	4.02 	
3.63 	3.82 	
3.53 	4.29 	
3.75 	4.45 	
3.38 	4.62 	
3.55 	4.21 	
3.49 	4.26 	
3.33 	4.08 	
3.49 	4.32 	
3.56 	4.25 	
3.61 	4.27 	
3.30 	4.18 	
3.29 	4.59 	
3.40 	4.19 	
3.48 	4.32 	
3.47 	4.30 	
3.77 	3.95 	
3.57 	4.10 	
3.63 	4.33 	
3.59 	4.65 	
3.26 	3.86 	
3.76 	3.72 	
3.36 	3.88 	
3.44 	3.72 	
3.20 	3.81 	
3.72 	3.52 	
3.66 	3.67 	
3.48 	3.71 	
3.59 	3.92 	
3.78 	4.02 	
3.59 	3.97 	
3.48 	3.77 	
3.66 	4.12 	
3.65 	3.98 	
3.45 	4.06 	
3.40 	4.02 	
3.69 	3.94 	
3.50 	4.11 	
3.49 	4.22 	
3.45 	4.17 	
3.48 	4.16 	
3.60 	4.29 	
3.51 	4.41 	
3.50 	4.12 	
3.95 	4.06 	
3.57 	4.01 	
3.51 	4.26 	
3.48 	4.74 	
3.23 	4.25 	
3.58 	4.80 	
3.41 	4.31 	
3.59 	4.55 	
3.51 	4.43 	
3.53 	4.32 	
3.69 	4.79 	
3.35 	4.16 	
3.53 	4.31 	
3.72 	4.54 	
3.55 	4.30 	
3.64 	4.62 	
3.58 	4.54 	
3.49 	4.59 	
3.29 	4.08 	
3.78 	4.67 	
3.79 	4.28 	
3.79 	4.97 	
3.42 	4.52 	
3.65 	4.98 	
3.66 	5.05 	
3.70 	4.40 	
3.66 	4.79 	
3.39 	4.93 	
3.57 	4.63 	
3.41 	4.39 	
3.44 	4.60 	
3.70 	4.69 	
3.61 	4.21 	
3.66 	4.71 	
3.34 	4.81 	
3.76 	4.73 	
3.39 	4.98 	
3.54 	4.74 	
3.72 	4.63 	
3.70 	4.55 	
3.79 	4.35 	
3.39 	4.46 	
3.72 	4.22 	
3.51 	4.13 	
3.35 	4.07 	
3.38 	3.93 	
3.56 	4.17 	
3.29 	3.82 	
3.35 	4.37 	
3.73 	4.54 	
3.43 	4.69 	
3.53 	4.58 	
3.69 	4.27 	
3.17 	4.52 	
3.64 	4.53 	
3.49 	4.35 	
3.54 	4.30 	
3.37 	4.32 	
3.46 	4.19 	
3.50 	4.21 	
3.45 	4.31 	
3.49 	3.95 	
3.40 	4.28 	
3.62 	4.29 	
3.69 	4.36 	
3.16 	4.12 	
3.38 	4.30 	
3.34 	4.07 	
3.71 	4.09 	
3.41 	4.15 	
3.42 	4.38 	
3.90 	4.32 	
3.69 	4.28 	
3.69 	3.85 	
3.82 	3.54 	
3.56 	4.05 	
3.80 	4.34 	
3.61 	4.06 	
3.65 	4.05 	
3.65 	4.78 	
3.52 	4.25 	
3.66 	4.67 	
3.75 	4.19 	
3.69 	4.10 	
3.39 	4.05 	
3.39 	4.27 	
3.37 	4.49 	
3.71 	4.35 	
3.89 	4.28 	
3.37 	3.91 	
3.44 	4.09 	
3.56 	3.97 	
3.48 	4.30 	
3.28 	4.20 	
3.57 	4.11 	
3.27 	4.26 	
3.77 	4.01 	
3.45 	4.10 	
3.66 	4.00 	
3.50 	3.79 	
3.39 	4.32 	
3.62 	4.34 	
3.81 	4.01 	
3.79 	4.28 	
3.48 	4.30 	
3.57 	4.18 	
3.47 	4.31 	
3.93 	4.01 	
3.53 	4.15 	
3.41 	4.10 	
3.56 	4.31 	
3.50 	4.30 	
3.52 	4.58 	
3.46 	4.13 	
3.44 	4.34 	
3.52 	4.37 	
3.32 	4.39 	
3.68 	4.53 	
3.49 	4.32 	
3.35 	4.30 	
3.75 	4.23 	
3.53 	4.21 	
3.93 	4.22 	
3.78 	4.14 	
3.49 	4.50 	
3.63 	4.27 	
3.71 	4.46 	
3.78 	4.05 	
3.58 	4.38 	
3.49 	4.43 	
3.53 	4.77 	
4.02 	4.12 	
3.46 	4.32 	
3.62 	4.60 	
3.78 	4.54 	
3.72 	4.64 	
3.55 	4.27 	
3.69 	4.31 	
3.91 	4.34 	
3.95 	4.06 	
3.65 	3.89 	
3.70 	4.07 	
3.70 	3.95 	
3.85 	4.31 	
3.89 	4.23 	
3.42 	4.22 	
3.51 	4.17 	
3.77 	3.92 	
3.53 	4.30 	
3.60 	4.18 	
3.47 	3.67 	
3.78 	4.55 	
3.58 	4.19 	
3.55 	4.21 	
3.81 	4.68 	
3.67 	4.36 	
3.45 	4.33 	
3.81 	3.95 	
3.71 	3.87 	
3.72 	3.54 	
3.50 	3.85 	
3.62 	3.96 	
3.43 	4.27 	
3.70 	4.37 	
3.70 	4.13 	
3.67 	4.17 	
3.79 	4.00 	
3.66 	4.11 	
3.89 	4.24 	
3.56 	3.99 	
3.66 	4.01 	
3.87 	4.20 	
3.11 	4.12 	
3.79 	3.87 	
3.86 	3.90 	
3.72 	4.27 	
3.71 	3.96 	
3.49 	3.74 	
3.48 	3.71 	
3.68 	3.87 	
3.15 	3.61 	
3.79 	4.56 	
3.91 	4.06 	
3.59 	4.03 	
3.63 	4.41 	
3.35 	4.29 	
3.79 	3.67 	
3.81 	4.10 	
3.78 	3.96 	
3.62 	4.26 	
3.53 	4.13 	
3.34 	4.39 	
3.68 	4.29 	
3.58 	3.97 	
3.59 	4.09 	
3.52 	4.22 	
3.73 	4.11 	
3.75 	4.03 	
3.78 	3.87 	
3.34 	4.34 	
3.44 	3.84 	
3.64 	4.17 	
3.53 	4.25 	
3.68 	4.26 	
3.54 	3.92 	
3.47 	3.67 	
3.78 	4.04 	
3.73 	4.43 	
3.72 	4.17 	
3.79 	4.28 	
3.77 	4.35 	
3.48 	4.24 	
3.63 	4.07 	
3.52 	4.49 	
3.89 	4.55 	
3.21 	3.94 	
3.74 	3.81 	
3.78 	3.87 	
3.68 	4.37 	
3.37 	4.09 	
3.51 	4.01 	
3.69 	3.98 	
3.20 	3.58 	
3.35 	3.90 	
3.40 	3.69 	
3.43 	4.15 	
3.49 	4.15 	
3.30 	3.84 	
3.32 	3.43 	
3.44 	3.83 	
3.41 	3.59 	
3.35 	4.19 	
3.36 	4.18 	
3.43 	4.14 	
3.44 	3.72 	
3.45 	4.09 	
3.40 	4.00 	
3.28 	4.02 	
3.63 	4.06 	
3.75 	4.22 	
3.50 	4.00 	
3.37 	3.98 	
3.48 	4.32 	
3.65 	3.86 	
3.55 	4.13 	
3.43 	3.85 	
3.67 	3.94 	
3.52 	3.88 	
3.67 	3.94 	
3.45 	3.44 	
3.56 	3.84 	
3.78 	3.98 	
3.62 	3.97 	
3.47 	4.13 	
3.43 	4.19 	
3.56 	4.06 	
3.55 	4.46 	
3.89 	4.48 	
3.52 	4.34 	
3.31 	4.07 	
3.56 	3.98 	
3.52 	4.15 	
3.61 	4.17 	
3.57 	4.10 	
3.36 	4.38 	
3.50 	3.81 	
3.63 	4.21 	
3.48 	3.86 	
3.73 	4.19 	
3.41 	4.23 	
3.21 	3.94 	
3.47 	4.11 	
3.68 	4.32 	
3.32 	4.16 	
3.51 	4.02 	
3.32 	4.31 	
3.59 	4.10 	
3.65 	4.38 	
3.68 	4.16 	
3.28 	4.11 	
3.62 	4.62 	
3.70 	3.70 	
3.72 	4.23 	
3.39 	3.86 	
3.64 	4.02 	
3.52 	4.05 	
2.98 	3.94 	
3.68 	4.05 	
3.18 	4.43 	
3.82 	4.32 	
3.44 	4.20 	
3.03 	4.39 	
3.63 	4.05 	
3.63 	4.18 	
3.78 	4.08 	
3.67 	4.16 	
3.59 	4.13 	
3.64 	4.38 	
3.43 	4.27 	
3.14 	4.34 	
3.48 	4.01 	
3.55 	4.01 	
3.85 	4.26 	
3.72 	4.39 	
3.52 	4.09 	
3.43 	4.10 	
3.19 	4.19 	
3.59 	4.61 	
3.39 	4.29 	
3.60 	4.38 	
3.56 	4.08 	
3.79 	4.18 	
3.75 	4.45 	
3.63 	4.46 	
3.43 	4.50 	
3.84 	4.07 	
3.73 	4.33 	
3.90 	4.20 	
3.57 	4.30 	
3.61 	4.00 	
3.43 	4.18 	
3.53 	4.37 	
3.29 	4.05 	
3.39 	4.30 	
3.78 	4.20 	
3.58 	4.09 	
3.39 	4.22 	
3.78 	4.05 	
3.59 	4.75 	
3.43 	4.55 	
3.56 	4.28 	
3.85 	4.39 	
3.70 	4.32 	
3.28 	3.82 	
3.60 	4.27 	
3.68 	4.46 	
3.89 	4.34 	
3.84 	4.26 	
3.64 	4.45 	
4.08 	4.10 	
3.64 	4.19 	
3.64 	4.19 	
3.85 	4.35 	
3.70 	4.48 	
3.72 	4.42 	
3.63 	4.28 	
3.61 	3.98 	
3.57 	4.36 	
3.60 	4.16 	
3.56 	4.31 	
3.72 	4.40 	
3.78 	3.97 	
3.76 	4.39 	
3.96 	4.45 	
3.90 	4.43 	
3.72 	4.34 	
3.58 	4.47 	
4.16 	4.38 	
3.73 	4.43 	
3.89 	4.37 	
3.46 	4.33 	
3.58 	4.65 	
3.34 	4.22 	
3.61 	4.79 	
3.52 	4.69 	
3.39 	4.64 	
3.36 	4.82 	
3.56 	4.67 	
3.67 	4.86 	
3.61 	4.54 	
3.57 	4.64 	
3.41 	4.62 	
3.90 	4.61 	
3.84 	4.52 	
3.78 	4.97 	
3.20 	4.63 	
3.41 	4.55 	
3.59 	4.58 	
3.38 	4.39 	
3.54 	4.74 	
3.40 	4.15 	
3.38 	4.76 	
3.22 	4.75 	
3.54 	4.60 	
3.30 	4.55 	
3.62 	4.50 	
3.63 	4.37 	
3.64 	4.69 	
3.58 	3.92 	
3.44 	4.28 	
3.59 	4.56 	
3.59 	4.32 	
3.82 	4.39 	
3.57 	4.25 	
3.80 	4.43 	
3.93 	4.53 	
3.65 	4.87 	
3.82 	3.98 	
3.65 	4.31 	
3.91 	4.38 	
3.95 	3.97 	
3.71 	4.27 	
3.69 	4.52 	
3.50 	4.08 	
3.72 	3.92 	
3.52 	3.81 	
3.86 	4.03 	
3.76 	4.07 	
3.72 	4.23 	
3.67 	4.35 	
3.53 	4.12 	
3.77 	3.79 	
3.77 	4.14 	
3.42 	4.24 	
3.85 	4.65 	
3.60 	4.07 	
3.56 	3.98 	
3.76 	4.14 	
3.49 	3.83 	
3.41 	4.00 	
3.77 	4.03 	
3.34 	3.64 	
3.69 	4.05 	
3.88 	4.42 	
3.32 	3.67 	
3.68 	4.25 	
3.71 	4.40 	
3.47 	4.30 	
3.55 	4.25 	
3.56 	3.97 	
3.40 	3.88 	
3.72 	4.82 	
3.37 	4.38 	
3.63 	4.37 	
3.73 	4.58 	
3.50 	4.17 	
3.82 	4.53 	
3.44 	4.45 	
3.33 	3.95 	
4.01 	4.14 	
3.65 	4.14 	
3.56 	4.19 	
3.36 	4.16 	
3.49 	4.02 	
3.84 	4.20 	
3.26 	4.15 	
3.51 	4.02 	
3.51 	4.16 	
3.65 	4.12 	
3.90 	3.88 	
3.56 	3.52 	
3.31 	3.89 	
3.71 	4.35 	
3.40 	3.94 	
3.52 	4.30 	
3.75 	3.99 	
3.49 	4.42 	
3.61 	4.09 	
3.98 	3.98 	
3.62 	4.01 	
3.75 	4.34 	
3.78 	4.07 	
3.83 	4.26 	
3.57 	4.41 	
3.48 	4.33 	
3.57 	3.47 	
3.60 	4.09 	
3.29 	4.28 	
3.78 	4.07 	
3.68 	4.33 	
3.40 	4.12 	
3.63 	4.24 	
3.27 	4.23 	
3.65 	4.22 	
3.35 	4.27 	
3.57 	3.93 	
3.52 	4.01 	
3.73 	4.34 	
3.62 	4.11 	
3.76 	4.24 	
3.48 	4.03 	
3.80 	4.16 	
3.54 	3.94 	
3.31 	3.83 	
3.56 	4.05 	
3.37 	4.28 	
3.54 	4.31 	
3.62 	3.95 	
3.50 	4.19 	
3.59 	4.12 	
3.31 	4.09 	
3.44 	4.26 	
3.50 	4.19 	
3.43 	4.08 	
3.45 	4.17 	
3.29 	4.05 	
3.66 	4.61 	
3.64 	3.80 	
3.52 	4.36 	
3.83 	3.90 	
3.38 	4.01 	
3.55 	4.38 	
3.67 	4.14 	
3.54 	3.97 	
3.58 	3.94 	
3.30 	4.25 	
3.41 	3.81 	
3.89 	4.36 	
3.72 	4.51 	
3.42 	4.48 	
3.87 	4.10 	
3.83 	4.13 	
3.63 	4.40 	
3.60 	4.40 	
3.98 	4.47 	
3.67 	4.68 	
3.48 	4.28 	
3.78 	4.45 	
3.54 	4.71 	
3.48 	4.39 	
3.75 	3.91 	
3.62 	3.87 	
3.49 	4.08 	
3.83 	4.25 	
3.73 	4.39 	
3.41 	4.12 	
3.60 	4.41 	
3.24 	4.29 	
3.45 	4.25 	
3.66 	3.93 	
3.38 	4.30 	
3.60 	4.27 	
3.49 	4.44 	
3.75 	4.31 	
3.57 	4.27 	
3.58 	4.32 	
3.52 	4.43 	
3.62 	3.74 	
3.83 	4.68 	
3.61 	4.17 	
3.68 	4.32 	
3.62 	4.55 	
3.54 	4.31 	
3.53 	4.34 	
3.66 	4.59 	
3.94 	4.28 	
3.55 	4.57 	
3.14 	4.64 	
3.60 	4.07 	
3.53 	4.24 	
3.76 	4.25 	
3.44 	4.22 	
3.49 	4.33 	
3.81 	4.16 	
3.83 	4.33 	
3.52 	4.42 	
3.86 	4.36 	
3.20 	4.43 	
3.24 	4.32 	
3.24 	4.81 	
3.16 	4.57 	
3.53 	4.70 	
3.25 	4.93 	
3.16 	4.73 	
3.11 	4.39 	
2.84 	3.80 	
3.43 	4.05 	
3.32 	4.11 	
3.27 	4.13 	
3.29 	4.32 	
3.26 	4.38 	
3.36 	4.15 	
3.23 	3.96 	
3.19 	4.11 	
3.21 	4.28 	
3.41 	4.35 	
3.23 	4.61 	
3.21 	4.12 	
3.23 	4.33 	
3.11 	4.49 	
3.29 	4.25 	
3.40 	4.47 	
3.41 	4.43 	
3.14 	4.78 	
3.34 	4.39 	
3.33 	4.84 	
3.32 	4.60 	
2.86 	4.35 	
3.45 	4.27 	
3.14 	4.47 	
3.49 	4.74 	
3.12 	4.43 	
3.14 	4.27 	
3.14 	4.72 	
3.38 	4.60 	
3.53 	4.62 	
3.48 	4.32 	
3.10 	4.09 	
3.17 	4.23 	
3.19 	3.87 	
3.39 	4.23 	
4.34 	4.40 	
4.18 	4.28 	
4.07 	4.59 	
3.86 	4.04 	
3.97 	4.26 	
3.91 	4.51 	
3.74 	4.49 	
3.54 	4.24 	
3.19 	4.17 	
3.40 	4.10 	
3.25 	4.47 	
3.46 	4.17 	
3.38 	4.41 	
3.41 	4.01 	
3.52 	4.26 	
3.85 	4.19 	
3.35 	4.32 	
3.57 	3.98 	
3.17 	4.05 	
3.51 	4.63 	
3.33 	4.55 	
3.28 	4.56 	
3.23 	4.64 	
3.62 	4.02 	
3.47 	4.15 	
3.30 	4.17 	
3.02 	4.01 	
3.53 	4.09 	
3.80 	4.43 	
3.31 	4.29 	
3.36 	4.26 	
3.50 	3.65 	
3.55 	4.27 	
3.49 	3.93 	
3.56 	3.90 	
3.45 	3.94 	
3.35 	4.18 	
3.58 	4.25 	
3.57 	3.84 	
3.27 	4.41 	
3.32 	3.96 	
3.52 	3.75 	
3.29 	3.86 	
3.48 	3.93 	
3.40 	4.18 	
3.27 	3.83 	
3.34 	3.81 	
3.44 	4.02 	
3.80 	3.87 	
3.90 	3.96 	
3.62 	4.13 	
3.68 	3.93 	
3.77 	3.92 	
3.50 	4.61 	
3.44 	3.83 	
3.62 	3.95 	
3.78 	4.23 	
4.00 	4.10 	
3.59 	4.10 	
3.51 	4.14 	
3.86 	4.09 	
3.87 	3.74 	
4.00 	3.81 	
3.54 	4.15 	
3.44 	4.02 	
3.38 	3.98 	
4.14 	3.83 	
3.73 	3.96 	
3.64 	3.98 	
3.05 	4.11 	
3.89 	4.07 	
2.91 	4.14 	
3.97 	4.00 	
3.74 	3.85 	
4.05 	3.97 	
4.23 	3.91 	
4.08 	4.02 	
3.54 	3.97 	
3.84 	3.94 	
3.80 	3.91 	
3.64 	4.00 	
4.07 	4.13 	
3.79 	3.84 	
3.34 	3.98 	
3.23 	4.12 	
3.19 	4.03 	
3.10 	4.14 	
3.07 	4.74 	
3.13 	4.02 	
3.49 	4.16 	
3.45 	4.38 	
3.34 	4.30 	
3.21 	4.24 	
3.25 	3.98 	
3.22 	4.24 	
3.11 	4.29 	
3.54 	4.13 	
3.18 	3.75 	
3.12 	4.13 	
3.51 	4.01 	
3.09 	4.31 	
3.25 	4.00 	
3.79 	4.42 	
3.71 	4.44 	
3.31 	4.04 	
3.76 	4.32 	
3.75 	4.19 	
3.79 	4.03 	
3.47 	4.21 	
3.25 	3.99 	
3.37 	3.79 	
3.33 	4.14 	
3.56 	3.76 	
3.60 	4.08 	
3.42 	4.19 	
3.38 	3.72 	
3.54 	3.68 	
3.46 	3.89 	
3.41 	4.60 	
3.48 	4.02 	
3.53 	3.24 	
3.23 	3.45 	
3.73 	3.28 	
3.67 	3.67 	
3.12 	3.85 	
3.57 	3.71 	
3.91 	3.92 	
3.51 	4.09 	
3.80 	3.33 	
3.20 	3.83 	
3.52 	3.70 	
3.24 	3.71 	
3.25 	3.47 	
3.63 	3.95 	
3.24 	3.72 	
3.39 	3.96 	
3.31 	3.58 	
3.39 	3.73 	
3.09 	3.64 	
3.45 	3.71 	
3.52 	3.76 	
3.09 	4.26 	
3.28 	4.21 	
3.54 	4.31 	
3.37 	4.20 	
3.49 	3.69 	
3.61 	3.99 	
3.86 	3.71 	
3.55 	3.77 	
3.41 	3.86 	
3.39 	3.65 	
3.58 	4.30 	
3.82 	4.30 	
3.68 	3.75 	
3.30 	4.08 	
3.89 	3.54 	
3.39 	4.00 	
3.64 	3.92 	
3.62 	2.90 	
3.65 	3.52 	
3.69 	4.08 	
3.84 	3.54 	
3.75 	4.12 	
3.63 	4.28 	
3.80 	4.21 	
3.79 	4.11 	
3.61 	4.30 	
3.69 	3.91 	
3.76 	4.04 	
3.61 	4.01 	
3.75 	4.17 	
3.86 	3.90 	
3.91 	3.57 	
3.91 	3.91 	
3.65 	3.24 	
3.77 	3.50 	
3.72 	3.70 	
3.52 	3.87 	
3.33 	3.41 	
3.28 	3.87 	
3.92 	3.55 	
3.78 	3.63 	
3.68 	4.12 	
3.51 	3.80 	
3.76 	3.78 	
4.21 	3.54 	
4.01 	3.87 	
4.20 	3.27 	
3.95 	4.07 	
3.88 	3.61 	
4.21 	3.46 	
4.16 	3.55 	
3.81 	3.88 	
3.83 	3.72 	
3.92 	3.68 	
3.94 	3.75 	
3.89 	3.19 	
3.51 	3.36 	
3.44 	3.77 	
3.66 	3.23 	
3.41 	3.11 	
3.31 	3.85 	
3.63 	3.89 	
3.39 	3.94 	
3.90 	3.77 	
3.04 	3.83 	
3.60 	3.93 	
3.28 	3.68 	
3.41 	3.70 	
3.68 	3.70 	
4.02 	3.71 	
3.43 	4.13 	
4.07 	3.87 	
3.56 	4.10 	
3.68 	3.48 	
3.34 	3.65 	
3.68 	3.76 	
3.03 	3.69 	
3.68 	3.78 	
3.87 	3.75 	
3.71 	3.91 	
3.76 	3.82 	
2.99 	3.71 	
3.58 	3.59 	
4.08 	3.69 	
3.33 	3.88 	
3.11 	4.16 	
2.89 	3.68 	
3.25 	3.65 	
3.68 	4.08 	
3.46 	3.70 	
3.23 	4.03 	
3.52 	3.73 	
3.62 	3.84 	
3.72 	3.55 	
3.55 	3.54 	
3.21 	4.14 	
3.16 	3.66 	
3.57 	3.66 	
3.65 	3.90 	
3.87 	3.84 	
3.11 	3.86 	
3.28 	4.39 	
3.73 	3.71 	
3.92 	4.32 	
3.43 	4.10 	
3.91 	3.95 	
4.02 	3.96 	
3.43 	3.79 	
3.37 	3.89 	
3.55 	3.62 	
3.81 	3.93 	
3.59 	4.21 	
3.70 	4.04 	
3.84 	4.08 	
3.87 	3.67 	
3.97 	4.04 	
3.44 	3.79 	
3.66 	3.97 	
3.60 	4.24 	
3.80 	3.81 	
3.62 	3.59 	
4.11 	4.09 	
3.37 	3.62 	
3.57 	3.92 	
3.48 	4.32 	
3.34 	4.02 	
3.60 	4.29 	
3.51 	4.03 	
3.54 	4.54 	
3.53 	4.28 	
3.88 	4.07 	
3.41 	4.22 	
3.51 	3.93 	
3.72 	4.32 	
3.75 	4.42 	
3.70 	4.12 	
3.48 	3.83 	
3.28 	3.70 	
3.79 	4.00 	
3.45 	3.93 	
3.48 	3.79 	
3.85 	3.83 	
3.40 	3.43 	
3.68 	4.12 	
3.70 	3.87 	
3.54 	4.28 	
3.56 	3.69 	
3.85 	3.90 	
3.54 	3.95 	
4.07 	3.94 	
2.50 	3.97 	
3.24 	4.09 	
2.84 	3.86 	
2.99 	4.12 	
2.83 	4.00 	
3.34 	4.12 	
3.70 	3.57 	
3.86 	4.33 	
3.64 	4.09 	
3.37 	4.26 	
3.33 	4.35 	
3.54 	3.74 	
3.90 	3.68 	
3.73 	3.83 	
3.62 	4.02 	
3.54 	4.09 	
3.53 	4.16 	
3.66 	4.30 	
3.35 	3.88 	
3.99 	4.09 	
3.47 	4.13 	
3.52 	4.26 	
3.87 	4.27 	
4.06 	4.27 	
4.12 	4.42 	
3.44 	4.30 	
4.08 	4.11 	
4.24 	4.39 	
3.57 	4.51 	
3.45 	4.25 	
3.95 	4.09 	
3.90 	4.48 	
4.19 	4.54 	
3.94 	4.53 	
4.34 	4.53 	
3.92 	4.67 	
3.84 	4.46 	
3.98 	4.83 	
4.37 	4.83 	
4.28 	4.78 	
4.24 	4.48 	
4.14 	4.70 	
4.30 	4.35 	
4.39 	5.22 	
4.18 	4.25 	
4.08 	4.72 	
4.43 	4.57 	
4.27 	4.35 	
4.95 	4.60 	
5.26 	4.58 	
4.94 	4.71 	
4.68 	4.72 	
4.04 	4.59 	
4.71 	4.35 	
4.48 	4.53 	
4.17 	4.83 	
4.28 	4.44 	
3.91 	4.51 	
3.88 	4.51 	
4.21 	4.66 	
3.82 	4.71 	
4.22 	4.84 	
4.33 	4.77 	
3.82 	4.79 	
4.00 	4.58 	
3.95 	4.57 	
3.53 	4.33 	
3.69 	4.59 	
3.64 	4.29 	
3.64 	4.93 	
3.68 	4.94 	
4.03 	4.86 	
3.58 	4.62 	
4.08 	4.42 	
3.88 	4.57 	
4.00 	4.13 	
4.29 	4.27 	
4.15 	4.34 	
3.88 	4.60 	
3.99 	4.15 	
4.13 	4.46 	
4.01 	4.43 	
3.75 	4.03 	
3.82 	3.98 	
3.74 	3.71 	
3.70 	4.20 	
3.76 	4.05 	
3.73 	4.33 	
3.74 	4.40 	
3.96 	4.66 	
3.88 	4.16 	
3.91 	4.18 	
3.77 	4.09 	
3.37 	4.17 	
4.20 	4.66 	
4.15 	4.55 	
4.13 	4.49 	
3.98 	4.52 	
4.01 	4.45 	
3.64 	4.37 	
3.50 	4.21 	
3.56 	4.47 	
4.31 	4.25 	
3.94 	4.35 	
4.08 	4.49 	
3.61 	3.96 	
3.57 	4.34 	
3.84 	4.29 	
4.30 	4.21 	
3.66 	4.28 	
3.97 	4.48 	
3.79 	4.24 	
4.08 	3.83 	
3.95 	4.52 	
4.34 	3.51 	
4.16 	4.68 	
3.93 	4.37 	
3.95 	4.48 	
3.65 	4.25 	
4.31 	4.28 	
3.76 	4.61 	
4.04 	4.22 	
3.85 	4.19 	
4.46 	4.02 	
4.14 	4.48 	
3.75 	4.40 	
4.18 	3.98 	
3.82 	3.97 	
4.07 	3.97 	
3.76 	4.13 	
4.26 	3.66 	
3.79 	4.05 	
3.87 	3.98 	
3.79 	4.15 	
4.11 	3.91 	
4.23 	3.85 	
3.90 	4.38 	
3.93 	4.15 	
4.17 	4.17 	
3.42 	4.06 	
3.85 	4.32 	
4.21 	4.04 	
3.95 	4.16 	
3.89 	4.28 	
3.92 	4.52 	
3.57 	4.01 	
3.89 	3.95 	
3.57 	4.07 	
3.58 	4.59 	
3.66 	4.01 	
4.19 	3.90 	
3.97 	4.37 	
4.02 	4.30 	
4.25 	4.41 	
4.04 	4.64 	
3.79 	4.59 	
3.65 	4.41 	
3.73 	5.14 	
3.85 	4.90 	
4.22 	4.62 	
3.86 	4.49 	
4.04 	4.40 	
3.79 	4.47 	
3.75 	4.70 	
3.72 	4.94 	
4.13 	4.84 	
3.81 	4.74 	
4.20 	4.80 	
4.29 	4.96 	
3.63 	4.37 	
3.76 	4.48 	
3.75 	4.02 	
4.34 	4.06 	
3.97 	4.07 	
3.76 	4.73 	
3.59 	4.55 	
3.75 	4.85 	
3.57 	4.74 	
3.73 	4.79 	
4.23 	4.77 	
4.09 	4.33 	
3.96 	4.50 	
4.07 	4.35 	
3.96 	4.43 	
4.09 	4.04 	
4.15 	4.40 	
3.86 	4.36 	
4.10 	3.96 	
3.96 	4.28 	
3.76 	4.52 	
4.18 	3.84 	
4.22 	4.38 	
4.27 	4.14 	
4.16 	4.05 	
4.11 	3.69 	
4.04 	4.05 	
4.30 	4.07 	
4.35 	3.72 	
4.27 	4.16 	
4.03 	4.38 	
4.11 	4.57 	
3.72 	4.24 	
3.98 	4.01 	
4.09 	3.85 	
3.77 	4.10 	
4.20 	4.01 	
3.96 	3.75 	
3.64 	4.03 	
4.03 	3.90 	
3.51 	4.15 	
4.17 	3.97 	
4.12 	4.04 	
4.14 	3.33 	
3.85 	4.16 	
4.12 	4.00 	
3.97 	4.09 	
3.78 	4.13 	
4.08 	4.10 	
4.28 	3.72 	
4.10 	4.07 	
3.57 	4.07 	
4.20 	4.00 	
3.78 	4.01 	
3.86 	3.96 	
3.75 	3.94 	
3.53 	4.11 	
4.26 	3.98 	
3.99 	4.11 	
4.04 	3.96 	
4.14 	3.84 	
4.33 	4.75 	
3.51 	3.89 	
3.84 	4.76 	
4.10 	4.57 	
3.67 	4.33 	
4.31 	3.90 	
4.26 	3.70 	
4.21 	3.83 	
4.13 	3.98 	
4.20 	4.03 	
4.08 	3.87 	
4.23 	3.66 	
4.03 	3.93 	
4.17 	3.75 	
4.30 	3.98 	
4.29 	3.94 	
4.33 	4.01 	
5.04 	4.07 	
4.62 	3.59 	
4.38 	3.54 	
4.43 	3.84 	
4.45 	4.11 	
4.39 	4.06 	
4.30 	4.07 	
4.24 	3.69 	
4.19 	3.75 	
4.34 	4.07 	
4.23 	4.19 	
4.57 	4.06 	
4.10 	4.36 	
4.40 	4.38 	
4.08 	4.00 	
3.84 	4.24 	
4.09 	4.10 	
4.25 	4.25 	
4.11 	3.91 	
3.99 	3.91 	
4.18 	3.90 	
3.95 	4.43 	
4.02 	3.38 	
4.02 	4.43 	
4.19 	4.31 	
4.32 	3.96 	
4.09 	4.70 	
4.26 	4.01 	
4.15 	3.78 	
4.25 	3.58 	
4.44 	3.83 	
4.25 	4.18 	
4.20 	3.80 	
4.03 	4.23 	
4.03 	3.95 	
4.37 	4.25 	
4.25 	4.03 	
4.35 	4.50 	
3.68 	4.61 	
4.56 	4.05 	
4.03 	4.06 	
3.93 	5.00 	
4.11 	3.52 	
3.95 	3.62 	
4.36 	3.36 	
4.38 	3.56 	
3.93 	3.91 	
4.04 	3.99 	
4.33 	3.51 	
4.40 	3.93 	
4.71 	3.92 	
4.35 	3.04 	
4.32 	3.65 	
4.50 	3.96 	
4.44 	3.33 	
4.71 	4.07 	
4.73 	3.97 	
4.44 	4.37 	
3.65 	4.15 	
4.04 	4.17 	
3.89 	4.08 	
4.36 	4.30 	
4.12 	3.95 	
4.36 	3.79 	
4.35 	3.89 	
4.41 	3.90 	
4.03 	4.10 	
4.24 	4.22 	
4.58 	3.92 	
4.44 	3.98 	
3.79 	4.33 	
3.80 	4.51 	
4.11 	4.72 	
3.88 	4.26 	
3.97 	3.98 	
3.74 	4.29 	
4.19 	4.10 	
4.50 	3.84 	
4.39 	4.39 	
3.74 	4.00 	
4.70 	4.10 	
4.08 	4.07 	
4.08 	3.79 	
4.03 	4.28 	
4.14 	4.21 	
4.41 	4.62 	
4.35 	4.26 	
3.93 	3.99 	
3.83 	4.18 	
4.58 	3.92 	
4.39 	3.98 	
4.35 	3.80 	
4.45 	3.39 	
4.06 	4.22 	
4.32 	3.61 	
3.78 	4.26 	
4.11 	3.78 	
4.28 	4.16 	
4.28 	4.10 	
4.57 	4.19 	
3.62 	4.07 	
4.23 	4.13 	
4.06 	4.06 	
4.28 	4.31 	
4.14 	3.95 	
4.31 	4.38 	
4.45 	4.12 	
4.25 	4.12 	
4.32 	3.77 	
4.11 	3.46 	
4.40 	4.14 	
4.35 	4.22 	
4.29 	4.20 	
3.95 	4.11 	
4.53 	3.75 	
4.11 	3.67 	
4.17 	4.03 	
4.21 	4.16 	
4.24 	4.04 	
4.36 	4.35 	
4.32 	3.95 	
4.12 	3.97 	
4.16 	3.73 	
4.27 	3.77 	
3.93 	3.75 	
4.29 	3.94 	
4.31 	3.95 	
4.13 	3.68 	
4.28 	3.92 	
4.63 	4.22 	
4.12 	4.05 	
4.32 	3.81 	
3.39 	4.02 	
3.88 	3.95 	
4.32 	3.67 	
4.03 	4.30 	
4.25 	4.34 	
4.43 	4.01 	
4.26 	3.93 	
4.41 	3.67 	
3.96 	4.29 	
4.35 	4.08 	
4.64 	4.26 	
4.12 	3.84 	
4.35 	4.13 	
4.24 	3.94 	
4.25 	3.68 	
4.27 	3.89 	
3.90 	3.94 	
4.54 	4.27 	
4.11 	4.14 	
4.46 	4.13 	
4.74 	4.21 	
4.56 	3.92 	
4.14 	4.29 	
4.47 	4.18 	
4.37 	4.32 	
4.51 	4.25 	
4.69 	4.32 	
4.51 	3.69 	
4.44 	4.16 	
4.76 	4.36 	
3.77 	4.25 	
4.63 	3.64 	
4.32 	4.39 	
4.10 	3.89 	
4.08 	3.98 	
4.18 	4.23 	
4.21 	4.19 	
4.73 	3.87 	
4.34 	4.15 	
4.39 	4.46 	
4.26 	4.09 	
4.63 	4.03 	
4.38 	4.20 	
4.40 	4.09 	
4.47 	4.24 	
4.75 	4.14 	
4.55 	4.03 	
4.49 	4.15 	
4.34 	4.08 	
4.44 	4.15 	
3.94 	3.72 	
4.35 	4.27 	
4.12 	3.82 	
4.39 	3.59 	
3.71 	3.80 	
4.22 	3.93 	
3.62 	3.96 	
4.24 	3.79 	
4.12 	4.14 	
4.98 	4.07 	
3.60 	4.04 	
3.73 	4.03 	
4.09 	3.90 	
3.72 	3.85 	
3.81 	3.76 	
3.75 	3.79 	
3.60 	4.07 	
3.87 	3.89 	
3.47 	3.54 	
3.74 	4.02 	
3.85 	4.02 	
3.94 	3.75 	
3.85 	3.95 	
4.24 	4.08 	
3.96 	3.88 	
4.22 	3.56 	
4.06 	3.41 	
3.79 	3.86 	
3.49 	3.77 	
4.10 	3.62 	
3.95 	4.40 	
4.08 	4.18 	
4.41 	3.85 	
3.89 	4.43 	
4.77 	4.17 	
4.14 	3.99 	
4.24 	3.98 	
3.81 	3.68 	
4.22 	4.13 	
4.33 	4.05 	
4.58 	3.84 	
4.09 	3.73 	
4.06 	3.64 	
3.74 	3.73 	
3.92 	3.82 	
3.82 	3.48 	
3.55 	3.70 	
3.60 	4.02 	
3.37 	3.88 	
3.74 	3.55 	
3.59 	4.21 	
3.68 	4.31 	
3.83 	4.12 	
4.01 	4.00 	
3.95 	3.98 	
3.28 	4.00 	
3.57 	4.25 	
3.78 	3.87 	
3.80 	4.44 	
3.97 	4.55 	
4.26 	3.77 	
3.99 	3.57 	
3.37 	3.94 	
3.88 	3.85 	
3.42 	4.95 	
3.52 	4.63 	
3.62 	3.57 	
3.70 	3.85 	
3.48 	3.77 	
3.10 	3.65 	
3.38 	3.49 	
3.65 	3.31 	
3.64 	4.11 	
3.50 	3.02 	
3.42 	4.06 	
3.50 	4.19 	
3.48 	3.95 	
3.23 	4.50 	
3.60 	4.13 	
3.26 	4.14 	
3.42 	3.74 	
3.48 	3.94 	
3.75 	3.79 	
3.77 	4.13 	
3.89 	4.00 	
3.75 	3.76 	
3.67 	4.22 	
3.64 	4.43 	
3.87 	4.36 	
3.59 	4.09 	
3.86 	4.41 	
3.47 	4.22 	
3.62 	3.65 	
4.21 	3.52 	
4.31 	4.05 	
3.78 	4.10 	
3.74 	4.09 	
3.94 	4.37 	
3.59 	4.06 	
3.60 	4.18 	
3.91 	4.30 	
4.28 	4.38 	
3.70 	4.37 	
4.29 	4.37 	
3.47 	4.04 	
3.88 	4.26 	
4.30 	4.48 	
3.62 	4.10 	
4.10 	3.64 	
3.73 	4.01 	
3.70 	3.92 	
3.48 	3.99 	
3.76 	4.53 	
3.55 	4.60 	
3.95 	4.32 	
3.67 	3.80 	
3.66 	4.19 	
3.44 	3.85 	
3.60 	3.85 	
4.08 	3.80 	
3.92 	4.09 	
3.71 	4.11 	
3.99 	4.19 	
3.75 	4.22 	
3.97 	4.40 	
3.39 	4.12 	
4.27 	4.48 	
4.18 	4.07 	
3.51 	4.15 	
3.73 	4.14 	
3.82 	3.87 	
3.45 	4.02 	
3.54 	4.22 	
4.07 	3.40 	
3.48 	4.06 	
3.43 	3.98 	
3.92 	3.87 	
3.69 	3.90 	
3.51 	4.14 	
3.70 	4.39 	
3.77 	4.68 	
3.61 	4.24 	
3.44 	4.47 	
4.06 	4.54 	
3.64 	4.22 	
3.79 	4.12 	
3.73 	4.13 	
4.31 	3.68 	
3.99 	3.76 	
3.73 	4.06 	
4.03 	4.25 	
3.85 	3.82 	
3.96 	3.45 	
3.72 	3.92 	
4.04 	4.40 	
4.30 	4.23 	
3.99 	4.15 	
3.67 	4.55 	
3.66 	4.46 	
4.22 	4.52 	
3.88 	4.41 	
3.56 	4.45 	
3.71 	4.40 	
3.61 	4.47 	
3.83 	3.66 	
3.78 	4.28 	
3.42 	4.47 	
4.13 	4.06 	
3.79 	4.24 	
3.73 	3.82 	
4.11 	4.10 	
3.98 	4.55 	
3.66 	4.35 	
3.29 	3.65 	
3.88 	4.14 	
3.84 	4.20 	
3.70 	4.18 	
3.70 	4.49 	
3.51 	3.47 	
3.29 	4.06 	
3.52 	3.63 	
3.54 	3.61 	
3.57 	3.66 	
3.86 	3.84 	
3.89 	3.81 	
4.13 	3.75 	
3.81 	3.72 	
3.81 	3.85 	
4.09 	3.92 	
3.20 	3.60 	
3.39 	4.02 	
3.80 	4.29 	
3.33 	4.12 	
3.64 	3.99 	
3.53 	4.03 	
3.52 	3.75 	
3.60 	4.19 	
3.50 	4.04 	
3.16 	3.99 	
3.26 	4.29 	
3.33 	4.24 	
3.53 	4.31 	
3.44 	3.63 	
3.45 	4.16 	
3.50 	4.15 	
3.79 	3.98 	
3.09 	3.82 	
3.62 	3.99 	
3.96 	4.35 	
3.57 	4.23 	
3.73 	4.43 	
3.68 	4.29 	
3.69 	4.31 	
3.39 	3.96 	
3.60 	4.03 	
3.75 	4.30 	
3.50 	3.66 	
3.48 	3.96 	
3.49 	3.62 	
3.38 	3.93 	
3.71 	3.69 	
3.44 	4.23 	
3.83 	3.53 	
3.57 	3.71 	
3.85 	4.18 	
3.72 	3.97 	
3.74 	3.91 	
3.57 	4.24 	
3.81 	3.97 	
3.75 	3.81 	
3.71 	3.55 	
3.54 	3.69 	
3.52 	3.67 	
3.56 	3.69 	
4.02 	3.92 	
3.63 	4.12 	
3.64 	3.76 	
3.28 	4.19 	
3.77 	4.05 	
3.57 	4.38 	
3.30 	4.13 	
3.66 	4.24 	
4.11 	3.93 	
3.57 	4.06 	
3.89 	4.06 	
3.70 	3.88 	
3.59 	3.69 	
3.30 	4.11 	
3.81 	3.91 	
3.95 	3.83 	
3.71 	4.21 	
3.61 	4.22 	
3.78 	3.97 	
4.04 	4.07 	
3.82 	4.04 	
4.06 	4.35 	
3.74 	3.98 	
3.71 	3.93 	
3.25 	3.80 	
3.10 	3.99 	
3.53 	3.81 	
3.42 	4.12 	
3.68 	4.09 	
3.24 	4.48 	
3.87 	4.38 	
4.27 	4.33 	
3.89 	4.22 	
3.38 	4.17 	
3.58 	4.32 	
3.97 	4.09 	
3.87 	4.04 	
3.86 	4.03 	
3.77 	4.26 	
3.35 	4.27 	
3.23 	4.33 	
3.63 	4.27 	
3.37 	4.21 	
3.53 	3.92 	
3.76 	4.27 	
3.85 	4.17 	
3.83 	4.78 	
3.64 	4.36 	
3.56 	4.43 	
3.48 	4.20 	
3.44 	4.30 	
3.62 	4.00 	
3.75 	4.18 	
3.96 	3.89 	
3.33 	3.86 	
3.40 	4.04 	
3.60 	4.08 	
3.99 	3.97 	
3.67 	3.59 	
3.42 	3.89 	
3.74 	4.27 	
3.40 	4.21 	
3.61 	3.62 	
3.55 	4.48 	
3.57 	4.27 	
3.64 	4.09 	
3.41 	4.06 	
3.58 	4.01 	
3.85 	4.11 	
3.39 	3.68 	
3.41 	4.13 	
3.19 	4.02 	
3.19 	4.06 	
3.44 	4.20 	
3.78 	3.92 	
3.37 	3.91 	
3.61 	4.06 	
3.48 	3.93 	
3.38 	4.26 	
3.42 	4.11 	
3.49 	3.73 	
3.46 	3.54 	
3.52 	3.94 	
3.80 	3.88 	
3.62 	3.93 	
3.98 	4.28 	
3.70 	4.02 	
3.42 	4.29 	
3.67 	4.14 	
3.74 	4.59 	
3.48 	4.41 	
3.26 	4.09 	
3.60 	4.21 	
3.69 	4.31 	
3.64 	4.15 	
3.46 	4.39 	
3.72 	4.16 	
3.72 	4.15 	
3.68 	4.52 	
3.73 	4.67 	
4.09 	4.11 	
3.99 	4.76 	
4.42 	4.35 	
4.06 	4.42 	
3.76 	4.10 	
3.93 	4.15 	
3.52 	4.25 	
4.20 	4.31 	
4.05 	4.28 	
4.17 	4.28 	
3.83 	4.50 	
3.79 	4.53 	
3.73 	4.95 	
4.14 	4.81 	
3.47 	4.69 	
3.67 	4.72 	
3.81 	4.25 	
3.83 	4.68 	
3.94 	4.88 	
3.97 	4.68 	
3.97 	4.24 	
3.73 	4.46 	
3.64 	4.10 	
3.73 	4.30 	
3.77 	4.15 	
3.86 	4.32 	
3.95 	4.39 	
4.00 	4.15 	
3.86 	4.30 	
3.94 	4.25 	
4.14 	4.10 	
3.73 	4.40 	
3.81 	4.34 	
4.05 	4.25 	
3.82 	3.87 	
4.22 	3.64 	
3.87 	4.07 	
3.96 	3.52 	
4.29 	4.03 	
4.04 	3.71 	
3.86 	4.21 	
3.93 	4.07 	
3.77 	4.06 	
3.53 	4.09 	
3.27 	4.04 	
3.42 	4.46 	
3.57 	4.01 	
3.69 	3.78 	
3.97 	4.64 	
4.21 	4.30 	
3.72 	4.34 	
3.27 	3.87 	
4.69 	3.84 	
3.99 	4.14 	
3.27 	3.98 	
3.66 	4.03 	
3.24 	4.54 	
3.99 	3.93 	
3.88 	4.16 	
3.46 	4.19 	
3.78 	4.03 	
3.87 	4.26 	
3.74 	3.75 	
3.92 	4.40 	
3.63 	4.35 	
3.71 	4.43 	
3.71 	3.55 	
3.99 	3.84 	
3.43 	4.02 	
4.15 	4.25 	
3.20 	4.51 	
3.64 	4.37 	
3.81 	4.31 	
3.77 	4.38 	
4.22 	4.54 	
4.44 	4.32 	
4.21 	4.39 	
4.14 	3.96 	
3.41 	4.38 	
3.85 	4.34 	
3.96 	4.20 	
3.81 	4.45 	
4.40 	4.16 	
4.05 	4.72 	
4.43 	4.07 	
3.89 	3.86 	
3.52 	3.57 	
3.37 	3.73 	
3.87 	4.54 	
3.61 	4.16 	
3.84 	4.07 	
3.72 	4.08 	
3.64 	4.07 	
3.73 	3.75 	
3.61 	3.98 	
3.97 	3.90 	
3.65 	4.31 	
3.73 	4.19 	
3.99 	4.23 	
3.95 	3.89 	
4.21 	3.98 	
4.12 	3.39 	
3.70 	4.22 	
4.12 	3.71 	
3.73 	4.10 	
3.87 	3.86 	
4.07 	4.40 	
3.43 	4.09 	
4.30 	4.21 	
4.15 	3.79 	
3.59 	4.04 	
3.47 	4.43 	
4.13 	4.40 	
3.95 	4.32 	
4.17 	4.26 	
4.00 	4.08 	
3.85 	4.00 	
3.79 	4.18 	
3.64 	4.09 	
3.92 	3.41 	
3.74 	3.72 	
3.73 	3.92 	
3.87 	3.69 	
3.91 	4.13 	
3.98 	3.76 	
3.70 	4.24 	
3.88 	3.90 	
3.77 	4.10 	
3.66 	3.88 	
3.37 	3.95 	
3.43 	3.63 	
3.40 	3.90 	
3.18 	4.01 	
3.49 	3.77 	
3.78 	3.78 	
3.82 	4.08 	
3.48 	4.26 	
3.97 	4.42 	
3.89 	3.75 	
3.90 	3.83 	
3.53 	3.99 	
3.88 	3.78 	
3.10 	3.53 	
3.34 	3.89 	
3.60 	3.86 	
4.17 	3.55 	
3.73 	3.72 	
3.90 	3.91 	
4.23 	3.89 	
4.00 	4.13 	
3.85 	3.91 	
3.51 	4.08 	
3.75 	3.81 	
3.71 	3.90 	
3.53 	3.79 	
3.49 	3.50 	
3.28 	3.77 	
3.58 	3.53 	
4.02 	3.30 	
3.34 	3.69 	
3.61 	3.55 	
3.46 	4.08 	
4.26 	4.11 	
3.59 	3.96 	
3.80 	3.85 	
3.91 	3.90 	
3.66 	3.62 	
3.74 	3.96 	
3.73 	3.87 	
3.79 	3.48 	
4.21 	3.93 	
4.47 	3.75 	
4.06 	3.95 	
3.86 	4.20 	
3.75 	3.74 	
4.29 	4.06 	
4.39 	4.04 	
3.85 	4.35 	
4.21 	3.84 	
4.04 	3.87 	
4.66 	3.93 	
3.64 	3.97 	
3.83 	3.85 	
3.74 	3.80 	
3.79 	3.75 	
3.75 	3.71 	
3.78 	3.78 	
3.53 	4.08 	
3.52 	4.14 	
3.72 	4.00 	
3.76 	4.08 	
4.13 	3.95 	
3.95 	3.96 	
3.93 	3.76 	
3.54 	3.88 	
4.11 	3.90 	
4.47 	4.28 	
4.01 	4.17 	
3.89 	3.93 	
3.61 	4.02 	
4.16 	4.05 	
4.14 	4.33 	
3.84 	4.04 	
3.53 	4.42 	
3.70 	3.99 	
3.89 	4.01 	
3.80 	4.25 	
3.47 	4.04 	
3.59 	4.07 	
3.95 	4.27 	
4.00 	3.72 	
3.92 	4.08 	
3.78 	3.81 	
4.04 	4.66 	
3.89 	4.66 	
3.81 	4.79 	
3.81 	4.32 	
4.21 	4.32 	
3.82 	4.59 	
3.92 	4.32 	
3.80 	4.52 	
3.97 	4.56 	
4.10 	4.76 	
3.95 	4.28 	
4.02 	4.31 	
3.59 	4.25 	
3.13 	4.29 	
3.54 	4.28 	
3.43 	4.32 	
3.15 	4.11 	
3.42 	4.05 	
3.61 	4.36 	
3.55 	4.52 	
4.03 	4.44 	
4.04 	3.75 	
3.53 	4.05 	
4.12 	3.80 	
3.51 	4.45 	
3.68 	3.56 	
3.71 	3.64 	
3.10 	3.99 	
3.91 	4.12 	
3.48 	3.94 	
3.53 	3.89 	
3.31 	3.93 	
3.70 	4.32 	
3.54 	3.90 	
3.52 	3.96 	
3.62 	3.87 	
3.79 	3.98 	
4.20 	4.41 	
3.70 	3.88 	
3.95 	4.04 	
3.48 	3.79 	
3.65 	4.12 	
3.84 	3.85 	
3.34 	3.66 	
4.19 	3.72 	
3.47 	3.99 	
3.56 	4.25 	
3.93 	3.99 	
4.05 	3.97 	
4.85 	4.07 	
4.01 	4.06 	
3.96 	3.61 	
4.03 	3.86 	
3.76 	4.56 	
3.49 	3.89 	
4.00 	4.31 	
3.66 	3.61 	
3.57 	4.34 	
3.81 	4.29 	
3.60 	4.02 	
4.01 	4.23 	
3.71 	3.93 	
3.38 	3.88 	
3.87 	4.28 	
3.70 	4.26 	
3.54 	3.77 	
3.72 	4.21 	
3.82 	4.16 	
3.65 	3.99 	
4.21 	4.16 	
3.66 	4.20 	
3.55 	3.99 	
3.65 	3.83 	
3.78 	3.80 	
3.48 	4.24 	
3.22 	4.13 	
3.55 	3.66 	
3.82 	4.17 	
3.63 	3.95 	
3.78 	4.11 	
3.69 	4.05 	
3.89 	4.11 	
3.91 	4.29 	
4.03 	4.55 	
3.47 	4.54 	
3.51 	4.71 	
3.53 	4.28 	
3.56 	4.65 	
3.84 	4.39 	
3.57 	4.26 	
3.35 	4.33 	
3.39 	4.44 	
3.42 	3.55 	
3.40 	4.25 	
3.79 	3.80 	
3.33 	4.24 	
3.71 	4.47 	
3.46 	3.90 	
3.87 	3.83 	
3.10 	3.72 	
3.83 	4.12 	
3.72 	3.31 	
3.23 	3.70 	
3.51 	4.12 	
3.24 	3.84 	
3.31 	4.11 	
3.35 	3.99 	
3.69 	4.27 	
3.84 	4.22 	
3.53 	3.57 	
3.73 	4.54 	
3.77 	4.57 	
3.74 	4.20 	
3.75 	4.47 	
3.99 	4.44 	
3.84 	4.34 	
3.97 	4.33 	
3.31 	4.26 	
3.66 	4.15 	
3.57 	4.19 	
3.69 	4.28 	
3.79 	4.50 	
3.30 	4.48 	
3.75 	4.31 	
3.57 	4.37 	
3.70 	4.39 	
3.50 	4.39 	
3.44 	4.10 	
3.24 	4.48 	
3.40 	4.50 	
3.94 	4.11 	
4.08 	3.78 	
3.45 	4.43 	
3.80 	3.57 	
3.44 	4.28 	
3.67 	3.57 	
3.61 	4.24 	
3.85 	4.03 	
3.36 	3.63 	
3.44 	4.14 	
3.60 	4.13 	
3.79 	3.99 	
3.94 	3.95 	
3.81 	3.98 	
3.47 	4.02 	
3.64 	3.55 	
3.48 	3.42 	
3.24 	3.95 	
3.85 	4.38 	
3.51 	3.84 	
3.92 	4.34 	
3.48 	3.93 	
3.74 	4.25 	
3.02 	4.09 	
3.47 	4.22 	
3.99 	3.93 	
4.00 	4.24 	
3.71 	4.05 	
3.47 	4.37 	
3.92 	3.91 	
4.00 	4.06 	
3.64 	4.13 	
3.98 	4.24 	
4.10 	4.05 	
3.57 	4.32 	
4.22 	4.06 	
3.54 	3.80 	
3.80 	4.28 	
3.77 	4.24 	
3.64 	4.01 	
4.39 	4.44 	
3.72 	4.17 	
4.28 	4.13 	
4.25 	4.15 	
3.76 	3.61 	
3.65 	4.04 	
3.36 	4.21 	
3.72 	4.04 	
3.92 	4.01 	
3.38 	4.26 	
3.62 	3.95 	
3.82 	4.36 	
3.46 	3.79 	
3.44 	4.46 	
3.72 	4.56 	
3.58 	3.98 	
3.53 	4.00 	
3.64 	3.55 	
3.56 	4.25 	
4.01 	4.25 	
3.73 	4.33 	
4.17 	4.86 	
4.22 	4.44 	
4.69 	4.18 	
4.47 	4.24 	
4.26 	4.69 	
3.89 	4.29 	
3.93 	4.20 	
4.12 	4.62 	
4.20 	4.73 	
3.95 	4.49 	
4.15 	3.92 	
3.90 	4.10 	
3.91 	4.31 	
4.09 	4.32 	
3.87 	4.13 	
4.06 	3.95 	
3.98 	3.98 	
4.21 	4.27 	
4.34 	4.70 	
4.03 	4.41 	
3.78 	4.33 	
3.72 	4.33 	
3.58 	4.76 	
3.73 	4.26 	
3.67 	4.29 	
3.49 	4.34 	
3.80 	4.55 	
3.70 	4.45 	
3.71 	4.18 	
3.33 	4.00 	
3.15 	4.32 	
3.82 	4.32 	
3.72 	4.43 	
3.33 	3.93 	
3.68 	4.20 	
3.57 	4.16 	
3.27 	4.33 	
3.38 	4.37 	
3.49 	4.45 	
3.41 	4.48 	
3.11 	4.63 	
3.45 	4.25 	
3.31 	4.35 	
3.49 	4.32 	
3.70 	4.05 	
3.65 	4.19 	
3.84 	4.31 	
4.12 	4.36 	
4.59 	4.18 	
4.13 	4.17 	
3.92 	4.19 	
3.89 	4.24 	
3.64 	4.20 	
3.65 	4.03 	
3.81 	3.97 	
3.86 	3.96 	
3.71 	3.47 	
4.17 	3.58 	
3.76 	3.31 	
3.47 	3.56 	
3.62 	3.80 	
3.82 	3.40 	
3.28 	3.85 	
3.86 	4.21 	
4.18 	4.30 	
4.04 	4.40 	
3.43 	4.26 	
3.76 	3.98 	
3.69 	4.02 	
4.16 	3.64 	
4.59 	3.91 	
4.30 	4.04 	
4.68 	4.09 	
4.30 	3.88 	
4.33 	3.85 	
4.53 	4.23 	
4.05 	4.05 	
4.18 	3.22 	
4.28 	4.10 	
3.53 	4.04 	
3.70 	4.05 	
3.80 	4.06 	
3.71 	4.01 	
3.85 	4.03 	
3.99 	4.40 	
3.93 	3.91 	
3.94 	4.26 	
3.50 	4.10 	
3.65 	3.83 	
4.07 	4.06 	
4.14 	4.25 	
3.52 	3.77 	
3.79 	3.57 	
4.18 	3.36 	
4.12 	3.47 	
4.04 	4.45 	
4.13 	4.08 	
3.97 	3.61 	
3.91 	3.89 	
4.18 	3.81 	
3.91 	4.16 	
3.95 	3.70 	
3.93 	3.95 	
4.17 	4.20 	
3.76 	4.42 	
3.78 	3.88 	
3.65 	3.93 	
4.06 	4.07 	
4.33 	3.86 	
4.46 	3.98 	
4.26 	3.92 	
3.77 	3.97 	
3.83 	4.07 	
4.19 	3.95 	
3.65 	3.82 	
3.34 	3.99 	
4.12 	3.94 	
3.67 	4.23 	
4.17 	4.10 	
4.00 	4.11 	
3.71 	4.06 	
3.66 	4.23 	
3.65 	3.89 	
3.63 	3.82 	
3.65 	4.10 	
4.03 	3.74 	
3.49 	3.65 	
3.44 	3.92 	
3.68 	4.06 	
3.86 	4.11 	
4.30 	4.10 	
3.49 	4.29 	
4.16 	4.13 	
3.86 	4.13 	
3.67 	4.37 	
3.61 	4.13 	
3.69 	3.92 	
3.29 	3.66 	
4.06 	3.89 	
4.06 	4.04 	
3.82 	3.74 	
3.65 	3.75 	
4.16 	3.92 	
3.74 	3.88 	
3.92 	4.42 	
3.74 	4.22 	
3.86 	4.28 	
4.07 	4.41 	
3.87 	4.16 	
3.98 	4.09 	
3.91 	3.98 	
3.89 	4.19 	
3.85 	4.22 	
3.85 	3.92 	
3.79 	4.03 	
3.73 	3.87 	
4.00 	4.22 	
3.63 	4.42 	
3.53 	4.09 	
3.68 	3.60 	
4.02 	3.98 	
4.04 	4.17 	
3.43 	3.98 	
3.66 	4.20 	
3.83 	4.26 	
3.53 	3.93 	
3.32 	3.88 	
2.99 	3.87 	
2.82 	3.96 	
2.69 	4.01 	
2.90 	4.23 	
2.82 	4.31 	
3.10 	3.94 	
3.05 	4.08 	
3.47 	4.06 	
3.37 	3.80 	
2.79 	4.19 	
2.57 	3.98 	
2.86 	4.26 	
3.09 	3.96 	
3.16 	4.27 	
3.07 	3.59 	
3.24 	3.83 	
3.03 	3.73 	
3.46 	3.96 	
3.26 	4.07 	
3.32 	3.90 	
3.22 	3.67 	
3.24 	3.89 	
2.86 	3.94 	
2.66 	4.07 	
2.89 	3.83 	
3.03 	4.15 	
3.22 	4.00 	
2.92 	4.11 	
3.40 	4.09 	
3.28 	3.89 	
3.28 	4.05 	
3.00 	4.03 	
3.17 	4.12 	
2.82 	3.82 	
2.61 	3.84 	
2.80 	4.11 	
2.69 	3.94 	
2.80 	3.78 	
2.59 	3.86 	
3.14 	4.19 	
2.92 	4.11 	
2.45 	4.01 	
2.71 	4.07 	
2.96 	4.20 	
2.77 	4.05 	
3.10 	4.15 	
2.93 	3.78 	
2.63 	4.28 	
2.90 	3.90 	
2.75 	4.01 	
3.04 	4.15 	
2.60 	3.94 	
3.01 	3.89 	
2.69 	3.80 	
2.93 	3.44 	
2.49 	4.28 	
2.97 	3.79 	
2.97 	3.64 	
2.72 	3.99 	
3.35 	3.85 	
3.17 	3.77 	
2.89 	3.81 	
3.15 	3.64 	
2.97 	3.86 	
3.17 	4.22 	
2.67 	3.43 	
2.80 	4.37 	
2.69 	4.46 	
2.34 	4.63 	
2.86 	4.38 	
2.93 	4.10 	
2.77 	4.10 	
2.82 	4.14 	
3.05 	3.92 	
2.57 	4.15 	
2.38 	4.01 	
3.10 	3.91 	
2.78 	4.36 	
2.88 	4.11 	
3.47 	4.00 	
3.35 	4.75 	
3.04 	4.32 	
3.39 	4.14 	
2.89 	4.63 	
2.93 	4.21 	
2.73 	4.05 	
2.88 	4.16 	
2.85 	4.16 	
2.98 	4.13 	
2.82 	4.24 	
3.02 	3.73 	
3.05 	4.44 	
3.13 	3.71 	
3.01 	4.41 	
2.83 	4.63 	
3.06 	4.31 	
3.32 	4.34 	
2.84 	4.52 	
3.06 	4.53 	
3.17 	4.31 	
3.13 	4.35 	
3.27 	4.20 	
2.99 	3.98 	
3.30 	4.51 	
3.12 	3.58 	
3.10 	4.71 	
3.01 	4.18 	
2.83 	4.28 	
3.02 	4.05 	
3.84 	3.74 	
3.78 	4.71 	
3.30 	4.35 	
3.17 	4.52 	
2.51 	4.39 	
3.12 	4.56 	
3.19 	4.60 	
3.31 	4.48 	
3.02 	4.39 	
2.97 	4.23 	
3.19 	4.50 	
2.89 	4.33 	
3.15 	4.42 	
2.60 	4.38 	
3.32 	4.18 	
3.30 	4.17 	
3.00 	4.35 	
2.62 	4.20 	
3.07 	4.21 	
2.73 	4.51 	
3.56 	4.41 	
3.04 	4.30 	
3.22 	4.48 	
3.44 	4.64 	
2.96 	4.41 	
3.05 	4.41 	
3.21 	4.55 	
3.48 	4.41 	
3.26 	4.46 	
2.99 	4.34 	
2.97 	4.86 	
3.39 	4.58 	
2.53 	4.24 	
3.17 	4.36 	
3.01 	4.38 	
2.85 	4.06 	
3.13 	3.55 	
2.76 	3.87 	
2.98 	3.55 	
3.03 	3.71 	
3.04 	3.85 	
2.85 	3.94 	
3.70 	4.12 	
3.20 	4.17 	
3.19 	3.97 	
3.03 	4.16 	
3.07 	3.92 	
3.54 	4.27 	
2.96 	4.30 	
3.51 	4.36 	
3.36 	4.11 	
3.14 	4.11 	
2.63 	3.94 	
3.07 	3.96 	
3.13 	3.53 	
3.15 	3.83 	
2.90 	4.20 	
3.10 	4.12 	
3.48 	4.19 	
3.11 	4.11 	
2.84 	4.52 	
3.15 	4.14 	
3.18 	4.33 	
2.96 	4.00 	
2.90 	4.40 	
2.90 	4.12 	
2.88 	4.30 	
3.04 	4.11 	
3.02 	4.21 	
2.58 	4.23 	
2.67 	4.21 	
3.22 	4.16 	
2.78 	3.87 	
3.28 	3.85 	
3.00 	3.53 	
2.84 	3.70 	
3.05 	3.81 	
2.97 	3.65 	
2.68 	3.83 	
2.84 	4.28 	
2.86 	4.27 	
3.08 	4.02 	
3.10 	4.49 	
3.45 	3.91 	
3.42 	4.36 	
3.12 	4.50 	
3.20 	4.13 	
2.98 	3.84 	
3.36 	4.19 	
3.30 	4.03 	
3.28 	4.07 	
2.65 	4.53 	
2.96 	4.31 	
2.84 	4.38 	
2.93 	4.44 	
2.75 	3.96 	
3.35 	4.07 	
2.88 	3.90 	
2.62 	4.23 	
2.84 	4.44 	
3.07 	3.95 	
3.06 	4.38 	
3.05 	4.33 	
3.04 	4.54 	
2.96 	4.50 	
3.22 	4.05 	
3.15 	4.75 	
3.27 	4.44 	
2.96 	4.53 	
2.97 	4.25 	
3.23 	4.49 	
3.02 	4.22 	
2.75 	4.50 	
2.97 	4.40 	
3.05 	4.32 	
3.00 	4.55 	
3.17 	4.45 	
2.76 	4.75 	
3.43 	4.38 	
2.98 	4.67 	
3.20 	4.35 	
2.93 	4.68 	
3.00 	4.86 	
3.05 	4.89 	
2.86 	5.04 	
3.25 	4.84 	
3.16 	4.64 	
3.26 	4.70 	
3.09 	4.91 	
3.06 	4.96 	
3.00 	4.54 	
3.03 	4.23 	
3.40 	4.89 	
3.43 	4.76 	
3.37 	4.61 	
3.29 	5.00 	
3.25 	4.43 	
3.10 	4.40 	
3.44 	4.75 	
2.93 	4.77 	
3.24 	4.72 	
3.05 	4.34 	
3.12 	4.78 	
2.97 	4.64 	
3.00 	4.16 	
2.86 	4.47 	
2.86 	4.53 	
3.16 	4.76 	
3.26 	4.78 	
2.73 	4.70 	
2.75 	4.65 	
3.33 	4.60 	
3.66 	4.55 	
3.51 	4.70 	
2.98 	4.50 	
3.16 	4.54 	
2.72 	4.27 	
2.84 	4.38 	
2.84 	4.56 	
2.69 	4.62 	
3.39 	4.43 	
2.75 	4.60 	
2.91 	4.39 	
2.95 	4.54 	
3.13 	4.58 	
3.07 	4.80 	
3.00 	4.34 	
2.93 	4.78 	
3.04 	4.52 	
3.04 	4.80 	
3.41 	4.58 	
2.70 	4.35 	
2.41 	4.88 	
2.86 	4.50 	
3.01 	4.45 	
2.20 	4.75 	
2.52 	4.42 	
2.72 	4.07 	
2.74 	4.02 	
2.74 	3.95 	
3.16 	4.27 	
2.21 	4.24 	
2.42 	4.67 	
2.88 	4.30 	
2.90 	4.60 	
2.54 	4.10 	
2.36 	4.78 	
2.43 	4.47 	
2.96 	4.64 	
2.69 	3.98 	
2.89 	4.16 	
2.21 	4.44 	
2.61 	4.43 	
2.26 	4.16 	
2.38 	4.75 	
2.25 	4.81 	
2.63 	4.55 	
2.58 	4.53 	
2.86 	4.75 	
2.57 	4.55 	
2.26 	4.13 	
2.51 	4.59 	
2.38 	4.40 	
2.88 	3.84 	
3.21 	4.27 	
3.37 	4.15 	
3.06 	4.08 	
3.18 	4.56 	
3.09 	4.22 	
3.08 	4.48 	
3.15 	4.39 	
2.92 	4.74 	
2.62 	4.57 	
2.33 	4.63 	
2.39 	4.51 	
2.33 	3.98 	
2.71 	4.26 	
2.74 	4.29 	
2.43 	4.19 	
2.91 	4.51 	
2.85 	4.77 	
2.74 	4.02 	
2.23 	4.48 	
2.62 	4.50 	
2.36 	4.31 	
2.32 	4.75 	
2.71 	3.74 	
2.68 	4.18 	
2.38 	4.26 	
2.88 	4.01 	
2.82 	4.28 	
2.56 	4.30 	
2.48 	4.28 	
2.37 	4.32 	
2.29 	4.33 	
2.41 	4.82 	
2.48 	4.33 	
1.66 	4.61 	
2.49 	4.42 	
1.96 	4.21 	
2.13 	3.98 	
2.45 	4.33 	
2.25 	4.55 	
2.54 	4.48 	
2.68 	4.73 	
2.60 	4.61 	
2.82 	4.36 	
2.77 	4.57 	
2.39 	4.74 	
2.88 	4.30 	
2.75 	4.23 	
3.00 	4.60 	
2.90 	4.95 	
3.37 	4.42 	
2.52 	4.67 	
2.96 	4.59 	
2.94 	4.73 	
2.38 	4.58 	
2.80 	4.47 	
2.62 	4.70 	
2.90 	4.95 	
2.78 	4.98 	
2.51 	4.62 	
2.96 	4.48 	
2.98 	4.55 	
2.66 	4.26 	
2.71 	4.14 	
3.36 	4.39 	
2.63 	4.45 	
2.64 	4.68 	
3.31 	4.44 	
2.87 	4.50 	
2.73 	4.14 	
3.19 	4.19 	
2.70 	4.24 	
3.02 	4.45 	
2.57 	4.63 	
2.71 	4.28 	
3.33 	4.21 	
2.88 	4.76 	
2.79 	4.20 	
2.97 	4.53 	
2.89 	4.70 	
3.14 	4.56 	
3.26 	4.33 	
2.59 	4.36 	
3.26 	3.98 	
3.24 	4.19 	
3.26 	4.20 	
3.25 	4.09 	
3.61 	4.15 	
3.39 	4.41 	
2.98 	4.26 	
3.29 	4.31 	
2.98 	4.20 	
3.32 	3.65 	
3.28 	3.79 	
3.77 	3.96 	
3.08 	4.16 	
3.60 	3.95 	
2.94 	4.62 	
3.63 	4.15 	
3.02 	4.25 	
3.17 	4.55 	
2.99 	4.35 	
3.18 	4.57 	
3.80 	4.23 	
3.11 	4.06 	
3.49 	4.30 	
3.51 	4.37 	
3.20 	4.47 	
3.47 	4.65 	
3.46 	4.20 	
3.46 	4.25 	
2.70 	4.36 	
3.49 	4.24 	
3.47 	4.30 	
2.95 	4.46 	
3.48 	4.25 	
2.95 	4.59 	
3.11 	4.25 	
2.75 	4.30 	
2.98 	4.31 	
2.95 	4.15 	
3.05 	4.70 	
3.02 	4.33 	
2.89 	4.31 	
2.80 	4.25 	
2.99 	3.73 	
3.13 	4.27 	
3.28 	4.42 	
3.31 	4.63 	
2.94 	3.95 	
3.44 	4.20 	
2.96 	4.36 	
3.18 	4.59 	
3.48 	4.63 	
3.15 	3.79 	
3.03 	4.25 	
2.87 	4.52 	
2.93 	4.55 	
2.93 	4.21 	
3.00 	4.11 	
2.87 	4.79 	
3.08 	4.63 	
2.80 	3.94 	
2.98 	3.56 	
3.13 	4.80 	
3.40 	3.96 	
2.86 	4.49 	
2.45 	4.32 	
3.12 	3.75 	
2.99 	4.19 	
2.84 	4.55 	
2.97 	4.65 	
3.00 	4.16 	
2.78 	4.45 	
2.87 	4.21 	
2.97 	4.02 	
3.14 	4.23 	
3.11 	4.50 	
2.98 	4.37 	
3.01 	4.29 	
3.17 	4.31 	
2.92 	3.90 	
3.17 	3.81 	
2.89 	3.71 	
2.55 	3.97 	
2.75 	3.88 	
3.25 	4.20 	
2.89 	3.86 	
3.02 	3.98 	
3.38 	4.06 	
3.15 	3.91 	
3.04 	3.78 	
2.89 	4.04 	
3.15 	4.01 	
3.02 	4.08 	
2.68 	4.29 	
3.36 	3.86 	
2.79 	4.13 	
2.55 	3.91 	
2.80 	4.17 	
2.75 	4.30 	
2.45 	4.12 	
2.82 	4.02 	
3.08 	4.80 	
2.68 	4.15 	
2.92 	4.34 	
3.46 	4.54 	
3.43 	4.42 	
3.15 	3.84 	
3.46 	4.38 	
3.48 	4.22 	
3.30 	4.00 	
3.35 	4.07 	
3.25 	4.10 	
3.17 	4.31 	
3.23 	4.43 	
3.09 	3.93 	
2.90 	4.22 	
3.03 	4.25 	
2.91 	4.46 	
2.71 	4.06 	
2.76 	4.14 	
3.15 	3.88 	
2.53 	4.22 	
2.71 	4.51 	
3.27 	4.48 	
2.65 	4.52 	
2.68 	4.10 	
2.63 	4.06 	
2.84 	3.96 	
2.98 	4.09 	
2.97 	3.92 	
2.79 	4.07 	
2.70 	4.10 	
2.43 	4.66 	
2.69 	4.16 	
3.07 	4.28 	
2.86 	4.74 	
2.83 	4.30 	
3.03 	4.54 	
2.76 	4.36 	
2.52 	4.45 	
2.63 	4.55 	
2.61 	4.28 	
2.78 	4.60 	
2.69 	4.35 	
2.81 	4.47 	
3.03 	4.16 	
2.89 	4.36 	
3.12 	4.12 	
3.20 	4.19 	
3.40 	4.10 	
2.97 	4.41 	
3.84 	4.20 	
3.87 	4.32 	
3.99 	3.98 	
3.16 	4.34 	
3.34 	4.21 	
2.58 	4.40 	
3.26 	4.17 	
2.90 	4.21 	
3.27 	4.29 	
3.14 	4.38 	
3.22 	4.01 	
3.01 	4.39 	
3.20 	4.44 	
3.39 	4.50 	
3.07 	4.71 	
3.27 	4.47 	
3.59 	4.44 	
2.84 	4.48 	
3.05 	4.68 	
2.82 	4.69 	
2.28 	4.81 	
2.86 	4.56 	
2.94 	4.51 	
3.56 	4.73 	
2.69 	4.55 	
3.07 	4.51 	
2.88 	4.54 	
3.23 	4.64 	
2.51 	4.62 	
3.12 	4.59 	
3.04 	4.79 	
3.09 	4.58 	
2.99 	4.54 	
2.98 	3.87 	
3.13 	4.15 	
2.90 	4.26 	
2.83 	4.39 	
2.86 	4.17 	
3.02 	3.76 	
2.68 	4.24 	
2.77 	3.81 	
2.70 	4.70 	
2.91 	4.25 	
2.65 	4.63 	
2.43 	3.98 	
3.32 	3.79 	
3.26 	3.85 	
2.85 	3.85 	
2.67 	3.83 	
2.63 	3.80 	
2.87 	3.43 	
2.78 	3.80 	
2.86 	3.42 	
2.94 	3.65 	
2.80 	3.69 	
3.15 	4.09 	
3.35 	4.31 	
2.90 	4.56 	
3.21 	3.81 	
3.14 	3.93 	
2.86 	4.13 	
3.05 	3.82 	
3.01 	4.05 	
2.84 	3.79 	
2.55 	3.95 	
2.79 	4.01 	
2.90 	3.45 	
2.75 	4.53 	
2.75 	4.59 	
2.81 	4.58 	
2.82 	4.44 	
2.82 	4.40 	
2.85 	4.58 	
2.90 	3.97 	
2.92 	4.67 	
2.60 	4.48 	
3.17 	4.66 	
3.22 	4.57 	
2.46 	4.65 	
2.56 	4.49 	
3.03 	4.72 	
3.05 	4.47 	
3.00 	4.45 	
2.44 	4.53 	
2.94 	4.51 	
2.59 	4.27 	
3.54 	4.65 	
3.47 	4.64 	
3.07 	5.11 	
3.29 	4.49 	
2.59 	4.62 	
2.85 	4.67 	
3.02 	4.77 	
2.71 	4.62 	
2.43 	4.56 	
2.91 	4.45 	
2.88 	4.74 	
2.88 	4.54 	
2.80 	4.57 	
2.80 	4.66 	
2.97 	4.44 	
3.15 	4.43 	
2.69 	4.67 	
3.05 	4.43 	
2.66 	4.62 	
3.14 	4.83 	
2.90 	4.45 	
2.87 	4.27 	
2.81 	4.55 	
2.38 	4.32 	
2.86 	4.17 	
3.13 	4.50 	
2.80 	4.54 	
2.94 	4.36 	
2.45 	4.51 	
2.59 	4.49 	
2.76 	4.07 	
2.85 	4.35 	
3.22 	4.85 	
2.98 	4.74 	
2.88 	4.42 	
3.21 	4.26 	
3.28 	4.26 	
3.13 	4.46 	
3.15 	4.62 	
3.14 	4.49 	
3.22 	4.26 	
2.63 	4.51 	
2.78 	4.39 	
3.03 	4.67 	
3.08 	4.52 	
3.01 	5.02 	
2.64 	4.15 	
2.46 	4.47 	
2.89 	5.11 	
3.09 	4.73 	
2.46 	3.94 	
3.18 	4.70 	
2.78 	4.43 	
2.52 	4.35 	
2.53 	4.15 	
3.04 	4.51 	
2.64 	4.76 	
2.91 	4.77 	
2.79 	4.71 	
2.56 	4.45 	
2.59 	4.94 	
2.44 	4.50 	
2.87 	4.48 	
2.79 	4.67 	
2.96 	4.81 	
2.57 	4.70 	
2.57 	4.42 	
2.64 	4.39 	
2.86 	4.39 	
2.63 	4.48 	
2.95 	4.40 	
2.64 	4.29 	
2.77 	4.30 	
2.68 	4.47 	
2.38 	4.52 	
2.54 	4.30 	
2.68 	4.54 	
2.49 	4.31 	
2.74 	4.34 	
3.15 	4.36 	
2.82 	4.47 	
2.95 	4.98 	
2.76 	4.47 	
2.82 	4.44 	
2.77 	4.79 	
2.62 	4.70 	
2.73 	4.64 	
2.32 	4.95 	
2.75 	4.55 	
2.67 	4.41 	
2.79 	4.61 	
2.68 	4.66 	
2.30 	4.60 	
3.08 	4.48 	
2.59 	4.65 	
2.72 	4.48 	
2.90 	4.51 	
2.97 	5.20 	
3.11 	4.35 	
2.84 	4.37 	
2.81 	4.54 	
2.65 	4.45 	
3.00 	4.68 	
2.53 	4.40 	
2.93 	4.92 	
2.48 	4.65 	
3.02 	4.57 	
3.16 	4.93 	
2.97 	4.73 	
3.12 	4.47 	
3.19 	4.58 	
2.86 	4.81 	
2.92 	4.23 	
2.58 	4.69 	
3.45 	4.37 	
2.75 	4.80 	
3.02 	4.47 	
2.53 	4.43 	
3.03 	4.16 	
3.15 	4.68 	
3.33 	4.79 	
2.93 	4.63 	
3.03 	4.51 	
3.19 	4.72 	
3.53 	4.72 	
3.23 	4.12 	
3.10 	4.45 	
3.18 	4.45 	
3.07 	4.07 	
3.01 	4.28 	
3.45 	4.45 	
2.87 	4.20 	
2.95 	4.69 	
2.62 	3.94 	
2.81 	4.07 	
2.57 	4.29 	
2.88 	4.08 	
2.91 	4.45 	
3.18 	4.55 	
2.68 	4.43 	
2.91 	4.34 	
2.84 	4.07 	
2.48 	4.35 	
2.94 	3.87 	
2.63 	4.75 	
2.59 	4.30 	
3.00 	4.36 	
2.89 	4.42 	
2.70 	4.09 	
2.41 	4.13 	
2.77 	4.35 	
2.97 	4.40 	
2.79 	4.43 	
3.11 	4.14 	
2.95 	4.22 	
2.45 	4.33 	
2.80 	4.46 	
3.07 	4.16 	
2.63 	4.24 	
2.79 	4.61 	
2.90 	4.51 	
2.80 	3.81 	
2.63 	4.53 	
2.86 	4.40 	
2.87 	4.36 	
2.66 	4.66 	
2.82 	4.44 	
2.80 	4.46 	
2.52 	4.68 	
2.88 	4.31 	
2.78 	4.30 	
2.83 	4.49 	
2.54 	4.52 	
2.43 	4.51 	
2.55 	4.50 	
2.60 	4.52 	
2.48 	4.75 	
2.43 	4.55 	
2.83 	4.74 	
3.34 	4.54 	
2.89 	4.45 	
3.02 	4.47 	
3.21 	4.55 	
3.15 	4.47 	
2.98 	4.50 	
3.19 	4.22 	
2.40 	4.59 	
2.49 	5.00 	
2.70 	4.77 	
2.53 	4.73 	
2.72 	4.49 	
2.65 	4.65 	
2.32 	4.34 	
2.71 	4.43 	
2.64 	4.50 	
2.44 	4.58 	
2.55 	4.55 	
2.43 	4.62 	
2.69 	4.29 	
3.01 	4.38 	
2.86 	4.50 	
2.60 	4.35 	
2.83 	4.44 	
3.19 	4.40 	
2.86 	4.51 	
3.04 	4.43 	
3.06 	4.46 	
2.77 	4.25 	
3.06 	4.36 	
2.85 	4.49 	
3.00 	4.41 	
2.70 	4.42 	
2.81 	4.42 	
2.79 	4.65 	
3.29 	4.92 	
3.25 	4.29 	
2.95 	4.72 	
2.90 	4.42 	
2.89 	4.48 	
2.93 	4.50 	
2.36 	4.36 	
2.55 	4.61 	
2.88 	4.52 	
2.39 	4.65 	
2.80 	4.42 	
2.59 	4.27 	
3.06 	3.67 	
2.74 	3.92 	
2.90 	4.42 	
2.67 	4.32 	
3.21 	4.18 	
2.65 	4.18 	
2.72 	4.63 	
3.13 	4.53 	
2.90 	4.61 	
2.77 	4.22 	
2.65 	4.36 	
2.99 	4.29 	
2.81 	4.43 	
3.05 	4.36 	
2.62 	4.22 	
2.44 	4.03 	
2.52 	4.41 	
2.75 	4.09 	
2.87 	4.74 	
3.05 	3.96 	
3.29 	3.91 	
2.81 	3.85 	
2.93 	4.62 	
2.65 	4.37 	
2.69 	4.67 	
2.69 	4.36 	
2.27 	4.51 	
3.07 	4.82 	
2.35 	4.24 	
2.94 	4.28 	
2.59 	4.30 	
2.69 	4.43 	
2.70 	4.57 	
2.95 	4.61 	
2.49 	4.57 	
2.58 	4.62 	
2.61 	4.14 	
2.85 	4.30 	
2.56 	4.66 	
2.70 	4.06 	
2.73 	4.36 	
2.68 	4.86 	
2.48 	4.69 	
2.69 	4.00 	
2.85 	4.78 	
2.90 	4.73 	
2.44 	4.92 	
2.74 	4.93 	
3.06 	4.62 	
3.04 	4.77 	
3.00 	4.80 	
3.21 	4.67 	
3.23 	4.71 	
2.95 	4.46 	
3.18 	4.52 	
2.93 	4.61 	
2.59 	4.80 	
2.84 	4.59 	
2.54 	4.12 	
2.90 	4.34 	
2.70 	4.41 	
3.12 	4.64 	
2.69 	4.63 	
2.97 	4.82 	
3.15 	4.35 	
2.91 	4.71 	
2.75 	5.19 	
2.96 	4.43 	
3.05 	4.72 	
3.08 	4.48 	
2.61 	4.84 	
2.52 	4.81 	
2.91 	4.48 	
2.70 	4.57 	
2.85 	4.45 	
3.40 	4.43 	
2.72 	4.64 	
3.00 	4.47 	
2.84 	4.49 	
3.22 	4.44 	
2.89 	4.66 	
3.48 	4.58 	
2.74 	4.15 	
2.79 	4.46 	
2.75 	4.55 	
3.04 	4.53 	
2.95 	4.52 	
2.71 	4.79 	
2.78 	4.65 	
2.58 	4.59 	
2.61 	4.55 	
2.95 	4.43 	
2.68 	4.60 	
2.60 	4.69 	
2.81 	4.59 	
3.05 	4.01 	
2.65 	4.53 	
2.71 	4.33 	
2.75 	3.80 	
2.82 	4.58 	
2.77 	3.87 	
2.60 	4.16 	
2.50 	3.75 	
2.35 	4.29 	
2.66 	3.77 	
2.76 	4.59 	
2.88 	3.71 	
2.83 	4.42 	
2.45 	4.48 	
2.96 	4.39 	
3.02 	4.57 	
2.42 	4.49 	
2.60 	4.13 	
3.12 	3.95 	
2.56 	4.29 	
3.07 	4.36 	
2.62 	4.22 	
3.22 	4.34 	
2.74 	4.31 	
2.82 	4.47 	
2.58 	4.49 	
2.96 	4.36 	
3.18 	3.97 	
3.08 	3.78 	
2.89 	3.73 	
2.42 	4.06 	
3.03 	4.06 	
2.62 	3.76 	
2.69 	4.26 	
2.80 	4.08 	
2.82 	4.11 	
2.67 	4.22 	
2.85 	3.99 	
2.91 	4.02 	
2.61 	4.27 	
3.36 	4.61 	
2.62 	4.04 	
2.55 	3.60 	
2.99 	3.98 	
2.75 	4.15 	
2.75 	3.91 	
2.67 	4.19 	
2.86 	4.40 	
2.85 	4.13 	
2.79 	3.97 	
2.71 	3.89 	
2.73 	3.95 	
2.51 	3.30 	
2.61 	4.16 	
2.45 	4.18 	
2.40 	4.65 	
2.69 	4.58 	
2.78 	4.64 	
3.18 	4.13 	
2.70 	4.30 	
3.79 	4.43 	
3.60 	4.59 	
4.31 	4.41 	
4.27 	4.15 	
4.11 	4.14 	
4.20 	3.71 	
4.38 	3.91 	
3.91 	3.92 	
4.08 	4.21 	
3.04 	4.27 	
2.72 	4.34 	
3.43 	4.41 	
3.85 	3.74 	
4.24 	3.79 	
3.87 	4.00 	
3.90 	4.20 	
4.61 	4.18 	
3.98 	4.14 	
4.69 	4.09 	
4.36 	3.90 	
4.66 	3.41 	
3.84 	3.81 	
4.54 	3.99 	
4.03 	4.02 	
3.08 	4.38 	
3.37 	4.28 	
2.95 	4.66 	
3.32 	4.10 	
3.13 	4.34 	
2.90 	4.63 	
3.28 	4.45 	
2.90 	4.05 	
2.80 	4.21 	
2.53 	4.11 	
2.64 	4.59 	
2.48 	4.70 	
2.51 	4.67 	
2.64 	4.78 	
2.88 	4.97 	
2.73 	4.77 	
2.72 	4.58 	
2.79 	4.54 	
2.70 	4.95 	
2.56 	4.75 	
2.91 	4.54 	
2.57 	4.76 	
2.64 	4.60 	
2.41 	4.11 	
2.81 	4.75 	
2.61 	4.42 	
2.71 	4.72 	
2.88 	4.49 	
2.40 	4.45 	
2.89 	4.65 	
2.85 	4.42 	
2.73 	4.95 	
2.23 	4.65 	
2.64 	4.34 	
2.65 	4.82 	
2.83 	4.77 	
3.51 	4.74 	
2.74 	4.68 	
2.58 	4.93 	
2.74 	4.92 	
3.15 	4.82 	
3.25 	4.49 	
2.93 	4.48 	
3.16 	4.33 	
3.01 	4.66 	
3.03 	4.60 	
2.88 	4.46 	
3.37 	4.58 	
3.30 	4.78 	
2.72 	4.73 	
2.94 	4.51 	
3.16 	4.86 	
3.00 	4.76 	
2.89 	4.79 	
2.83 	4.85 	
2.79 	4.75 	
2.57 	4.75 	
2.48 	4.48 	
2.74 	5.04 	
3.12 	4.41 	
3.25 	5.23 	
3.24 	4.78 	
2.42 	4.46 	
2.80 	4.69 	
2.75 	4.67 	
2.60 	4.67 	
2.91 	4.60 	
2.92 	4.45 	
2.95 	4.61 	
3.15 	4.44 	
3.31 	4.89 	
2.98 	4.64 	
2.79 	4.70 	
2.52 	4.68 	
2.59 	4.63 	
2.70 	4.51 	
2.49 	4.34 	
2.92 	4.50 	
2.52 	5.04 	
3.33 	4.50 	
3.02 	4.58 	
3.38 	4.58 	
3.28 	4.38 	
2.70 	4.62 	
2.94 	4.45 	
2.76 	4.84 	
3.08 	4.30 	
2.76 	4.63 	
2.92 	4.22 	
3.00 	4.49 	
2.77 	4.61 	
2.72 	4.73 	
2.50 	4.55 	
3.04 	4.48 	
2.60 	4.02 	
2.50 	4.27 	
2.56 	4.74 	
2.55 	4.48 	
2.82 	4.77 	
2.33 	4.44 	
2.79 	4.81 	
2.74 	4.54 	
2.86 	4.47 	
2.92 	4.56 	
2.87 	4.45 	
2.64 	4.70 	
2.64 	4.60 	
2.68 	4.68 	
2.89 	4.94 	
2.73 	4.58 	
3.28 	4.39 	
3.10 	4.73 	
3.24 	4.97 	
2.73 	5.00 	
2.75 	4.49 	
2.58 	4.77 	
2.90 	4.54 	
2.61 	4.43 	
2.76 	4.68 	
3.19 	4.66 	
3.12 	4.69 	
2.69 	4.58 	
3.25 	4.66 	
3.82 	4.83 	
2.74 	4.85 	
3.19 	4.73 	
3.14 	4.76 	
3.57 	4.63 	
3.75 	4.89 	
3.53 	4.66 	
3.12 	4.88 	
2.68 	4.37 	
2.88 	4.83 	
3.18 	4.80 	
3.00 	4.75 	
3.08 	4.60 	
2.53 	4.84 	
3.32 	4.67 	
3.08 	4.63 	
2.77 	4.34 	
3.21 	4.61 	
3.02 	4.38 	
2.94 	4.47 	
2.72 	4.38 	
3.02 	4.81 	
2.51 	4.49 	
3.17 	4.65 	
3.02 	4.60 	
2.82 	4.78 	
2.90 	4.35 	
2.84 	4.44 	
2.93 	4.24 	
2.83 	3.95 	
2.99 	4.55 	
2.52 	4.27 	
3.01 	4.22 	
2.66 	4.25 	
2.46 	4.37 	
2.90 	3.97 	
2.93 	4.45 	
2.59 	4.40 	
2.75 	4.70 	
2.98 	4.59 	
2.88 	4.57 	
3.19 	4.71 	
2.76 	4.57 	
2.99 	4.33 	
3.01 	4.54 	
2.75 	4.10 	
2.87 	4.47 	
2.78 	3.86 	
3.02 	3.99 	
2.86 	4.03 	
2.96 	3.96 	
2.85 	4.24 	
2.82 	4.26 	
2.85 	4.42 	
2.67 	4.25 	
2.39 	4.64 	
3.16 	4.23 	
2.91 	4.33 	
2.98 	4.48 	
2.78 	4.29 	
2.61 	4.49 	
2.84 	4.35 	
2.91 	4.59 	
2.53 	4.00 	
2.96 	3.68 	
2.72 	4.14 	
2.67 	4.19 	
2.57 	4.25 	
2.75 	3.92 	
2.88 	4.18 	
2.71 	4.31 	
2.60 	4.04 	
2.68 	4.02 	
2.79 	4.52 	
2.89 	4.73 	
3.30 	4.35 	
3.33 	4.29 	
2.99 	4.53 	
2.86 	3.96 	
2.80 	4.31 	
2.59 	4.14 	
2.88 	4.27 	
2.75 	4.34 	
2.93 	4.74 	
2.32 	4.36 	
3.57 	4.53 	
2.88 	4.16 	
3.19 	4.80 	
3.07 	4.71 	
2.92 	4.49 	
2.93 	4.70 	
2.82 	4.24 	
2.84 	4.54 	
2.49 	4.66 	
2.51 	4.30 	
2.54 	4.73 	
2.67 	4.48 	
2.69 	4.05 	
2.81 	4.28 	
3.18 	4.17 	
2.87 	4.67 	
3.17 	4.63 	
3.09 	4.24 	
3.12 	4.37 	
3.16 	3.95 	
3.11 	4.22 	
3.00 	4.24 	
2.94 	4.19 	
3.36 	4.67 	
2.81 	4.12 	
2.80 	4.62 	
2.97 	4.35 	
3.34 	4.46 	
3.15 	4.17 	
2.59 	4.51 	
2.69 	4.51 	
2.38 	4.49 	
2.60 	4.78 	
3.19 	4.62 	
2.77 	4.69 	
2.45 	4.61 	
2.45 	4.30 	
