3.00 	3.02 	
3.56 	3.25 	
3.19 	3.33 	
3.27 	3.50 	
2.82 	3.15 	
2.73 	3.44 	
2.19 	3.19 	
2.49 	3.27 	
3.22 	3.15 	
2.53 	3.38 	
2.43 	3.28 	
3.48 	2.90 	
2.99 	3.28 	
2.66 	3.32 	
2.79 	3.19 	
3.04 	3.30 	
3.15 	3.14 	
2.98 	3.78 	
3.22 	3.83 	
3.12 	3.64 	
3.22 	3.90 	
3.50 	3.91 	
3.19 	3.70 	
3.64 	3.46 	
3.17 	3.28 	
3.50 	3.46 	
3.54 	3.44 	
3.69 	3.12 	
3.13 	3.95 	
3.30 	3.84 	
3.19 	3.42 	
3.24 	3.59 	
3.37 	3.43 	
3.43 	2.96 	
3.48 	4.02 	
3.39 	2.98 	
3.37 	2.84 	
3.31 	3.00 	
3.22 	3.24 	
3.68 	3.35 	
4.68 	3.17 	
3.72 	2.48 	
3.57 	3.23 	
3.15 	2.89 	
3.49 	2.44 	
3.28 	3.01 	
3.39 	2.03 	
3.46 	3.25 	
3.19 	3.68 	
3.62 	3.18 	
3.83 	3.58 	
3.82 	3.37 	
3.79 	3.50 	
3.84 	4.01 	
3.63 	3.64 	
3.82 	3.57 	
3.62 	2.93 	
3.05 	3.72 	
3.05 	3.33 	
3.48 	3.48 	
2.99 	3.44 	
2.83 	3.09 	
3.04 	2.97 	
3.57 	2.89 	
3.44 	3.05 	
3.11 	3.22 	
3.38 	3.26 	
3.24 	3.47 	
3.59 	3.37 	
2.75 	3.62 	
3.03 	3.18 	
3.19 	3.10 	
3.20 	3.19 	
3.61 	3.04 	
3.24 	3.60 	
3.23 	3.50 	
3.16 	3.27 	
3.11 	3.20 	
2.95 	3.01 	
3.91 	3.43 	
3.67 	3.36 	
3.22 	3.31 	
4.03 	3.03 	
3.95 	2.95 	
3.69 	3.09 	
3.68 	2.80 	
4.13 	2.74 	
4.06 	3.11 	
4.20 	3.13 	
4.38 	2.98 	
3.76 	3.17 	
3.93 	3.17 	
4.23 	2.96 	
3.07 	3.01 	
3.45 	2.97 	
3.10 	2.94 	
3.29 	3.00 	
3.52 	3.03 	
3.64 	2.95 	
4.00 	3.00 	
3.61 	2.98 	
3.77 	3.28 	
3.39 	3.23 	
3.74 	3.13 	
3.55 	2.91 	
3.35 	3.00 	
3.08 	3.03 	
3.45 	3.01 	
3.51 	2.94 	
3.16 	3.27 	
3.41 	2.62 	
3.16 	3.18 	
3.23 	3.10 	
3.66 	2.88 	
3.77 	3.02 	
3.52 	3.19 	
3.81 	3.06 	
3.84 	3.22 	
3.70 	3.39 	
2.57 	3.39 	
2.83 	3.38 	
2.94 	3.23 	
3.06 	3.27 	
2.65 	3.13 	
3.05 	3.15 	
2.62 	3.10 	
2.70 	3.06 	
2.65 	2.98 	
2.84 	3.20 	
2.73 	3.60 	
2.60 	3.10 	
2.89 	2.60 	
2.64 	3.06 	
2.63 	2.87 	
2.96 	3.05 	
2.80 	3.16 	
2.95 	3.01 	
2.73 	3.06 	
3.05 	3.30 	
2.83 	2.87 	
3.00 	3.30 	
3.87 	3.14 	
3.94 	2.95 	
3.01 	2.95 	
3.16 	3.07 	
3.02 	2.98 	
3.11 	3.02 	
3.27 	3.21 	
3.04 	3.07 	
2.98 	3.17 	
3.08 	3.03 	
2.88 	2.90 	
2.76 	3.08 	
3.14 	3.04 	
3.37 	2.82 	
2.98 	3.38 	
2.92 	3.22 	
3.02 	3.14 	
2.97 	2.92 	
3.28 	2.86 	
3.05 	3.13 	
3.01 	3.25 	
2.89 	3.31 	
3.08 	3.11 	
2.92 	2.96 	
2.75 	3.02 	
3.08 	3.21 	
2.77 	2.86 	
2.89 	3.17 	
2.33 	3.14 	
2.90 	3.20 	
2.98 	2.94 	
3.56 	2.96 	
2.71 	2.94 	
3.36 	3.18 	
2.80 	3.09 	
2.73 	3.10 	
2.38 	3.36 	
2.81 	3.06 	
2.93 	3.35 	
2.63 	3.20 	
3.03 	2.93 	
3.07 	3.26 	
3.29 	3.10 	
3.01 	2.97 	
2.76 	3.27 	
3.40 	3.11 	
3.10 	3.26 	
2.84 	3.22 	
2.99 	3.08 	
2.96 	3.16 	
2.90 	3.21 	
3.04 	2.90 	
3.30 	3.14 	
3.50 	2.92 	
3.40 	3.11 	
3.39 	3.07 	
3.05 	3.44 	
3.35 	3.19 	
3.49 	2.97 	
3.55 	2.91 	
3.28 	3.19 	
3.06 	3.02 	
3.18 	3.32 	
3.12 	3.30 	
3.13 	3.48 	
3.12 	3.20 	
2.97 	3.20 	
2.91 	2.92 	
2.73 	3.07 	
2.93 	2.96 	
2.79 	3.12 	
2.87 	2.92 	
2.98 	2.99 	
2.91 	3.19 	
2.95 	3.27 	
2.72 	3.39 	
3.01 	3.20 	
3.00 	3.42 	
2.99 	3.07 	
3.37 	3.03 	
2.87 	3.13 	
3.25 	3.07 	
3.17 	3.29 	
3.10 	3.13 	
3.25 	3.31 	
3.02 	2.91 	
2.91 	3.35 	
3.22 	2.66 	
2.99 	2.98 	
3.25 	3.04 	
3.21 	2.92 	
2.82 	3.27 	
2.95 	2.86 	
3.09 	2.90 	
3.47 	2.92 	
3.02 	3.05 	
3.02 	3.20 	
3.01 	3.09 	
3.15 	3.26 	
3.39 	3.22 	
3.13 	3.38 	
2.94 	3.15 	
3.01 	3.19 	
3.24 	3.33 	
2.99 	3.16 	
3.15 	3.28 	
3.35 	2.94 	
3.12 	2.90 	
3.21 	2.97 	
3.03 	2.95 	
3.15 	2.90 	
3.11 	3.05 	
3.38 	2.85 	
2.80 	2.93 	
2.85 	3.18 	
3.01 	3.05 	
2.76 	2.90 	
3.24 	2.88 	
3.17 	2.88 	
3.25 	3.09 	
3.59 	3.17 	
2.80 	2.87 	
3.33 	3.09 	
3.20 	2.84 	
3.26 	3.20 	
3.15 	3.39 	
2.88 	3.02 	
2.97 	3.06 	
3.38 	3.47 	
3.17 	3.15 	
3.31 	3.61 	
3.15 	3.28 	
3.22 	3.35 	
3.11 	2.82 	
2.81 	3.28 	
3.03 	3.25 	
3.38 	3.28 	
3.20 	3.34 	
3.31 	3.09 	
2.98 	3.01 	
3.06 	3.12 	
2.86 	2.86 	
2.99 	3.34 	
2.97 	3.42 	
2.78 	3.31 	
2.81 	3.34 	
2.82 	3.41 	
2.99 	3.44 	
3.01 	3.28 	
2.98 	3.30 	
2.96 	2.74 	
2.90 	3.07 	
2.94 	3.20 	
2.64 	3.19 	
3.00 	3.19 	
2.85 	3.18 	
2.70 	3.58 	
3.37 	3.31 	
3.02 	3.31 	
3.00 	3.50 	
3.04 	3.12 	
3.02 	3.30 	
3.24 	3.23 	
3.40 	2.89 	
3.03 	2.78 	
3.00 	3.07 	
3.38 	3.36 	
3.21 	3.28 	
3.04 	3.66 	
3.29 	3.30 	
3.09 	3.59 	
2.84 	3.45 	
3.34 	3.30 	
2.94 	3.38 	
3.35 	3.62 	
3.17 	3.06 	
3.02 	3.18 	
3.10 	3.49 	
3.02 	3.18 	
3.11 	3.26 	
3.03 	3.63 	
3.17 	3.45 	
3.30 	3.28 	
2.94 	3.03 	
3.26 	3.35 	
2.98 	3.43 	
3.05 	3.56 	
2.73 	2.91 	
2.72 	3.40 	
2.94 	3.28 	
2.66 	3.56 	
2.73 	3.62 	
2.75 	3.64 	
2.84 	3.70 	
3.08 	3.41 	
3.14 	3.97 	
2.70 	3.44 	
2.99 	3.54 	
2.88 	3.33 	
2.88 	3.21 	
2.67 	3.43 	
3.06 	3.35 	
2.89 	3.55 	
3.59 	3.48 	
3.16 	3.10 	
2.92 	3.44 	
3.08 	2.96 	
3.79 	3.29 	
3.14 	3.20 	
3.03 	3.39 	
3.18 	3.22 	
3.10 	3.66 	
3.24 	3.37 	
3.14 	3.59 	
3.14 	3.19 	
3.00 	3.42 	
3.18 	3.21 	
3.18 	3.20 	
3.24 	3.62 	
3.06 	3.40 	
3.20 	3.36 	
3.12 	2.82 	
3.01 	2.84 	
3.33 	2.62 	
3.21 	2.91 	
3.07 	3.04 	
3.30 	2.84 	
3.33 	3.29 	
2.81 	2.93 	
2.87 	3.13 	
2.91 	2.94 	
2.97 	3.06 	
2.75 	2.83 	
3.27 	3.35 	
2.99 	2.79 	
3.35 	3.20 	
3.43 	2.88 	
3.32 	3.01 	
3.49 	3.09 	
3.39 	3.25 	
3.50 	3.13 	
3.14 	3.39 	
3.48 	3.25 	
3.01 	3.29 	
2.95 	3.23 	
3.32 	3.48 	
3.33 	3.54 	
3.13 	3.08 	
2.89 	3.38 	
2.93 	3.30 	
3.42 	3.26 	
3.56 	3.17 	
3.53 	3.35 	
3.21 	3.50 	
3.24 	3.21 	
3.29 	3.50 	
3.21 	3.89 	
2.81 	3.09 	
2.81 	3.15 	
2.83 	3.03 	
2.86 	3.04 	
3.33 	3.86 	
3.02 	3.05 	
3.30 	3.31 	
3.52 	3.51 	
3.41 	3.32 	
3.69 	3.72 	
3.57 	3.26 	
2.96 	3.38 	
2.98 	3.21 	
3.02 	3.37 	
2.77 	3.04 	
3.25 	3.08 	
2.82 	3.01 	
2.72 	3.71 	
3.02 	3.32 	
2.64 	3.28 	
2.37 	3.03 	
2.65 	3.26 	
2.53 	2.86 	
3.51 	3.10 	
3.81 	3.05 	
3.58 	2.94 	
3.44 	3.29 	
3.29 	2.89 	
3.23 	2.61 	
3.28 	2.94 	
3.40 	3.27 	
2.62 	3.15 	
3.41 	3.29 	
2.93 	3.17 	
2.53 	3.33 	
2.82 	3.33 	
2.76 	3.24 	
2.57 	3.20 	
3.09 	2.75 	
2.81 	3.02 	
2.86 	2.67 	
3.05 	2.72 	
3.31 	2.70 	
3.49 	2.72 	
2.98 	2.87 	
3.63 	2.70 	
3.53 	2.84 	
3.55 	2.47 	
3.27 	2.62 	
3.28 	2.83 	
3.47 	2.88 	
3.29 	2.64 	
2.95 	2.57 	
3.00 	2.78 	
2.94 	2.68 	
3.64 	3.00 	
3.42 	3.22 	
2.91 	2.77 	
3.44 	2.85 	
3.31 	2.56 	
3.07 	2.58 	
3.30 	2.77 	
3.09 	2.69 	
3.50 	2.81 	
3.20 	2.46 	
3.01 	3.30 	
3.22 	3.48 	
2.96 	3.19 	
3.71 	2.63 	
2.98 	2.83 	
3.14 	2.88 	
3.25 	2.91 	
2.24 	3.08 	
3.06 	3.16 	
2.79 	3.16 	
3.05 	3.14 	
2.46 	3.08 	
3.09 	2.65 	
2.91 	2.48 	
2.61 	3.21 	
3.21 	2.73 	
2.94 	3.57 	
3.22 	3.54 	
2.75 	2.24 	
2.58 	3.26 	
2.98 	2.90 	
2.70 	3.16 	
2.85 	2.67 	
2.75 	3.11 	
2.95 	3.22 	
2.98 	2.79 	
2.50 	2.87 	
2.83 	3.02 	
2.59 	2.93 	
3.11 	2.80 	
2.73 	2.95 	
2.60 	2.61 	
3.06 	2.30 	
2.63 	2.46 	
2.91 	2.80 	
2.75 	2.49 	
3.07 	2.86 	
2.87 	3.11 	
2.73 	3.30 	
3.18 	2.74 	
2.68 	2.71 	
2.93 	2.14 	
2.99 	2.72 	
2.66 	2.76 	
3.29 	2.18 	
3.00 	2.33 	
2.97 	2.50 	
2.85 	2.49 	
3.38 	2.44 	
2.79 	1.99 	
3.09 	1.72 	
3.54 	2.90 	
2.70 	2.86 	
3.09 	3.01 	
2.91 	3.33 	
2.59 	3.44 	
3.30 	3.11 	
3.27 	3.39 	
2.89 	3.24 	
2.82 	2.37 	
2.98 	3.18 	
2.73 	3.10 	
2.72 	2.89 	
2.81 	2.49 	
3.09 	2.71 	
3.09 	2.63 	
3.16 	2.79 	
2.95 	2.57 	
3.42 	2.81 	
3.15 	2.98 	
3.13 	2.89 	
2.53 	2.68 	
2.67 	3.32 	
2.81 	3.01 	
2.83 	2.50 	
2.79 	3.02 	
2.45 	3.29 	
3.22 	3.27 	
3.30 	3.03 	
3.26 	3.06 	
2.78 	2.99 	
3.22 	2.89 	
3.10 	3.41 	
2.82 	3.24 	
2.53 	2.71 	
2.48 	2.87 	
3.12 	2.95 	
2.83 	2.82 	
2.85 	3.27 	
3.82 	2.80 	
3.51 	2.68 	
3.08 	2.89 	
3.47 	2.82 	
3.26 	2.71 	
2.71 	2.47 	
2.77 	2.95 	
2.89 	2.61 	
2.75 	2.63 	
2.76 	2.86 	
3.58 	2.83 	
3.02 	2.72 	
3.37 	2.62 	
2.92 	2.71 	
3.31 	2.76 	
3.53 	2.85 	
2.75 	3.01 	
2.43 	2.01 	
2.79 	2.32 	
3.30 	2.40 	
3.51 	2.09 	
2.98 	2.81 	
3.00 	2.89 	
3.14 	2.41 	
2.67 	2.13 	
3.31 	2.38 	
2.93 	2.25 	
2.93 	2.11 	
2.80 	2.16 	
2.60 	2.57 	
2.79 	2.36 	
2.81 	2.61 	
2.81 	2.31 	
3.46 	2.35 	
3.12 	2.25 	
3.00 	2.28 	
3.20 	2.55 	
3.21 	2.21 	
2.63 	2.15 	
3.11 	2.10 	
3.29 	2.32 	
3.33 	2.40 	
2.69 	2.65 	
2.63 	2.26 	
2.74 	2.43 	
3.29 	2.44 	
2.68 	2.62 	
2.83 	2.59 	
3.36 	2.80 	
3.04 	2.81 	
2.88 	3.28 	
2.87 	2.41 	
2.66 	2.49 	
2.82 	2.43 	
2.88 	2.63 	
3.07 	2.84 	
2.91 	2.56 	
2.37 	2.58 	
2.68 	2.51 	
2.64 	2.84 	
2.64 	2.91 	
2.16 	3.03 	
2.51 	2.75 	
2.66 	2.58 	
2.47 	2.99 	
3.08 	2.75 	
2.47 	2.87 	
2.83 	2.92 	
3.16 	3.08 	
2.89 	2.93 	
2.34 	2.85 	
2.56 	3.04 	
2.68 	3.17 	
2.24 	3.32 	
2.21 	3.30 	
2.44 	3.37 	
2.37 	3.19 	
3.09 	3.44 	
2.87 	2.88 	
3.18 	3.41 	
2.57 	3.23 	
2.70 	3.09 	
2.46 	3.26 	
2.99 	3.25 	
2.65 	3.12 	
3.28 	2.98 	
3.49 	3.09 	
3.03 	3.15 	
3.00 	3.11 	
2.89 	2.78 	
3.17 	2.56 	
2.64 	2.98 	
2.66 	3.05 	
2.60 	2.90 	
2.60 	2.54 	
2.96 	2.39 	
3.05 	3.26 	
3.17 	3.08 	
3.32 	3.31 	
3.08 	3.24 	
3.04 	3.91 	
3.18 	3.63 	
2.82 	4.12 	
3.34 	4.02 	
2.56 	4.51 	
2.54 	4.11 	
2.96 	4.00 	
3.07 	4.48 	
3.17 	4.47 	
3.48 	3.91 	
3.03 	4.14 	
3.18 	4.01 	
3.08 	4.19 	
2.81 	3.60 	
2.77 	4.01 	
3.17 	3.90 	
2.67 	3.90 	
2.27 	3.92 	
2.36 	4.12 	
2.28 	4.05 	
2.43 	3.79 	
2.65 	4.09 	
2.69 	3.29 	
2.81 	3.69 	
2.71 	3.28 	
2.57 	3.44 	
2.94 	3.48 	
3.17 	3.58 	
2.89 	3.30 	
2.59 	2.92 	
2.69 	3.47 	
2.88 	3.24 	
2.97 	3.16 	
2.93 	2.97 	
2.87 	2.72 	
3.67 	2.91 	
2.59 	2.77 	
2.59 	3.64 	
2.53 	2.97 	
2.62 	2.99 	
2.80 	2.92 	
2.44 	2.98 	
2.69 	2.76 	
2.76 	3.53 	
2.68 	3.06 	
2.66 	2.93 	
2.42 	2.73 	
2.64 	3.30 	
2.75 	3.09 	
3.05 	2.47 	
3.21 	2.93 	
2.71 	3.05 	
2.81 	3.47 	
2.75 	3.08 	
3.12 	3.23 	
2.89 	3.14 	
3.58 	2.88 	
3.02 	2.72 	
2.65 	3.92 	
2.79 	3.84 	
3.17 	4.35 	
2.79 	4.04 	
2.60 	4.27 	
2.75 	4.21 	
2.67 	4.00 	
3.45 	3.64 	
3.05 	3.51 	
2.79 	3.28 	
2.88 	3.29 	
2.68 	3.36 	
2.78 	3.59 	
2.47 	3.52 	
2.69 	3.42 	
2.92 	4.25 	
2.72 	3.68 	
3.08 	3.88 	
2.87 	3.72 	
2.97 	3.61 	
2.45 	3.74 	
3.10 	3.53 	
2.80 	3.64 	
2.75 	3.22 	
2.84 	3.41 	
2.97 	3.39 	
3.00 	3.00 	
3.04 	3.46 	
3.00 	3.70 	
3.42 	3.40 	
3.39 	3.29 	
3.03 	3.54 	
3.53 	3.05 	
3.07 	3.55 	
3.27 	3.23 	
3.11 	3.19 	
3.64 	2.93 	
3.29 	3.23 	
3.62 	3.47 	
3.33 	3.64 	
3.17 	3.12 	
3.25 	3.23 	
3.66 	3.30 	
3.51 	3.07 	
3.47 	3.29 	
3.22 	3.45 	
3.57 	3.33 	
2.78 	3.01 	
2.87 	3.34 	
2.99 	3.20 	
2.29 	3.36 	
2.95 	3.21 	
3.40 	3.52 	
3.43 	3.77 	
3.28 	3.37 	
3.44 	3.56 	
3.37 	3.74 	
3.37 	3.78 	
3.40 	3.90 	
3.55 	3.45 	
2.88 	3.99 	
2.93 	3.45 	
3.41 	3.69 	
2.98 	3.27 	
3.64 	3.43 	
3.63 	3.82 	
3.79 	3.54 	
3.70 	3.56 	
3.83 	3.67 	
3.85 	3.28 	
4.21 	3.46 	
4.18 	3.59 	
3.76 	2.92 	
3.75 	3.34 	
3.47 	3.78 	
3.61 	3.84 	
4.07 	3.41 	
3.52 	3.42 	
3.51 	3.90 	
3.47 	3.21 	
3.48 	2.70 	
3.66 	2.99 	
4.06 	2.90 	
3.57 	3.15 	
3.34 	3.02 	
3.59 	3.31 	
3.69 	3.21 	
3.37 	3.21 	
4.05 	3.54 	
3.33 	3.34 	
3.54 	3.36 	
2.87 	2.67 	
3.25 	3.24 	
3.49 	2.85 	
4.03 	3.15 	
4.04 	2.79 	
3.64 	3.08 	
3.16 	2.58 	
3.44 	3.01 	
3.53 	2.83 	
3.40 	2.70 	
4.23 	2.98 	
3.28 	2.57 	
3.44 	2.55 	
3.49 	2.86 	
3.90 	2.70 	
3.42 	2.58 	
3.36 	3.38 	
3.26 	2.82 	
3.70 	2.92 	
3.44 	3.13 	
3.48 	3.36 	
3.80 	3.13 	
3.13 	2.98 	
3.43 	3.49 	
3.57 	2.85 	
3.25 	3.40 	
3.47 	2.89 	
3.66 	3.25 	
3.62 	3.60 	
3.50 	3.10 	
4.07 	3.24 	
3.75 	2.74 	
3.95 	3.06 	
3.55 	2.82 	
3.60 	2.72 	
3.50 	2.86 	
3.61 	3.06 	
3.35 	2.72 	
2.97 	3.03 	
2.99 	2.08 	
3.08 	2.94 	
3.55 	2.96 	
3.41 	2.95 	
3.44 	2.87 	
3.19 	3.00 	
3.52 	3.03 	
2.63 	2.82 	
3.08 	3.29 	
3.37 	2.80 	
3.02 	2.54 	
3.04 	2.91 	
2.97 	2.65 	
3.54 	3.39 	
3.72 	3.71 	
3.23 	3.15 	
3.52 	3.29 	
3.33 	3.59 	
3.39 	2.90 	
3.79 	3.10 	
3.81 	3.22 	
3.33 	3.27 	
3.34 	3.50 	
3.61 	3.17 	
3.40 	3.47 	
3.43 	3.47 	
3.18 	3.07 	
3.47 	3.33 	
3.14 	3.20 	
3.16 	2.99 	
3.40 	3.43 	
3.37 	3.09 	
3.36 	3.14 	
3.59 	3.27 	
3.64 	3.27 	
3.27 	3.14 	
3.42 	3.47 	
3.18 	4.19 	
3.48 	3.29 	
3.17 	3.34 	
3.25 	3.47 	
3.16 	3.23 	
3.55 	2.96 	
3.41 	3.19 	
3.66 	3.23 	
3.57 	3.11 	
4.26 	2.91 	
3.90 	2.93 	
3.50 	3.01 	
3.33 	3.06 	
2.76 	3.29 	
3.17 	2.98 	
2.82 	3.19 	
3.17 	2.94 	
3.61 	3.45 	
3.91 	3.13 	
4.04 	3.11 	
4.02 	2.87 	
3.67 	3.78 	
4.12 	3.16 	
4.07 	3.11 	
3.69 	3.27 	
3.43 	3.10 	
3.74 	3.17 	
3.97 	3.43 	
3.95 	3.57 	
3.73 	3.10 	
4.05 	3.01 	
4.13 	3.20 	
4.11 	3.23 	
4.28 	3.17 	
4.09 	2.96 	
3.83 	3.31 	
4.30 	3.22 	
3.93 	3.28 	
3.77 	3.05 	
3.99 	3.15 	
3.59 	3.18 	
3.67 	3.14 	
3.28 	3.01 	
3.95 	2.63 	
3.60 	3.27 	
3.13 	2.83 	
3.20 	2.93 	
3.35 	3.16 	
3.83 	3.13 	
3.58 	3.04 	
3.60 	2.97 	
3.93 	3.02 	
3.43 	3.29 	
4.28 	3.32 	
3.89 	3.26 	
4.37 	2.78 	
4.09 	3.10 	
3.90 	3.06 	
3.91 	3.18 	
3.65 	3.16 	
3.84 	2.86 	
3.65 	3.21 	
3.75 	3.22 	
3.39 	3.30 	
3.42 	3.43 	
3.24 	3.20 	
3.36 	3.58 	
3.38 	3.37 	
3.33 	3.05 	
3.58 	3.03 	
3.24 	2.99 	
3.65 	3.18 	
4.01 	3.26 	
3.34 	3.28 	
3.90 	3.38 	
3.39 	3.20 	
3.41 	3.20 	
3.31 	3.21 	
3.37 	3.08 	
3.25 	3.53 	
3.48 	2.69 	
2.90 	3.87 	
3.36 	3.77 	
2.95 	3.80 	
3.08 	2.92 	
2.92 	3.55 	
2.92 	3.17 	
3.01 	3.09 	
2.96 	3.75 	
2.92 	3.25 	
3.04 	3.26 	
3.60 	3.10 	
3.30 	3.07 	
3.91 	2.92 	
3.14 	3.26 	
3.34 	3.29 	
3.34 	3.43 	
3.34 	3.35 	
3.49 	3.39 	
3.28 	3.18 	
3.42 	3.23 	
3.61 	3.63 	
3.30 	3.14 	
3.10 	3.33 	
3.24 	3.72 	
3.23 	3.59 	
3.27 	3.62 	
3.25 	3.23 	
3.34 	2.97 	
2.91 	3.23 	
3.86 	3.12 	
3.78 	2.99 	
4.22 	3.56 	
3.88 	2.66 	
4.24 	2.70 	
4.04 	2.64 	
3.61 	2.63 	
3.72 	2.56 	
3.78 	3.03 	
3.83 	2.77 	
3.99 	3.02 	
3.76 	2.98 	
3.22 	2.70 	
3.04 	2.38 	
3.66 	2.55 	
3.70 	2.85 	
3.31 	2.36 	
3.62 	2.65 	
3.21 	2.30 	
3.53 	1.88 	
3.27 	2.94 	
3.68 	2.83 	
3.68 	3.05 	
3.51 	3.18 	
3.61 	3.55 	
3.45 	3.03 	
2.71 	3.41 	
3.15 	3.52 	
2.80 	1.83 	
2.89 	2.30 	
3.08 	2.46 	
2.98 	2.23 	
2.98 	2.66 	
2.77 	2.62 	
3.18 	2.24 	
3.04 	2.46 	
2.71 	2.48 	
3.03 	2.77 	
3.29 	2.73 	
3.27 	2.46 	
2.70 	2.91 	
2.86 	2.25 	
3.24 	2.81 	
2.96 	2.90 	
2.89 	2.84 	
3.47 	2.00 	
2.89 	1.84 	
3.42 	2.02 	
3.23 	3.18 	
3.23 	3.76 	
3.27 	2.56 	
3.63 	2.53 	
3.46 	2.86 	
3.64 	2.15 	
2.82 	2.81 	
3.10 	1.91 	
2.83 	2.10 	
3.20 	2.09 	
3.09 	1.99 	
3.30 	2.48 	
3.04 	2.62 	
3.33 	2.87 	
3.08 	2.74 	
3.19 	2.35 	
3.38 	2.27 	
3.31 	2.24 	
4.21 	2.48 	
3.37 	2.30 	
3.68 	2.72 	
3.47 	2.60 	
3.23 	2.62 	
3.54 	2.32 	
3.52 	2.49 	
3.56 	2.29 	
3.77 	2.41 	
3.78 	2.29 	
3.86 	2.49 	
3.94 	2.29 	
4.09 	2.66 	
3.62 	2.79 	
3.77 	2.30 	
3.83 	2.17 	
3.82 	2.24 	
3.69 	2.62 	
3.47 	2.98 	
3.39 	3.40 	
3.20 	3.22 	
3.70 	2.87 	
3.60 	3.46 	
3.59 	3.93 	
3.84 	4.05 	
3.68 	3.62 	
4.17 	3.42 	
3.64 	3.44 	
3.49 	3.24 	
3.70 	3.44 	
3.34 	2.93 	
3.65 	3.24 	
3.47 	4.16 	
3.67 	4.17 	
3.32 	3.53 	
3.35 	4.23 	
3.38 	4.16 	
3.32 	3.49 	
3.23 	3.81 	
3.50 	3.64 	
3.07 	3.82 	
3.24 	3.67 	
3.48 	4.43 	
3.18 	3.02 	
3.88 	3.13 	
3.50 	3.78 	
3.49 	2.78 	
3.47 	3.56 	
3.90 	3.36 	
3.69 	3.91 	
3.92 	4.15 	
3.35 	3.71 	
2.95 	4.07 	
3.44 	4.00 	
2.71 	4.05 	
3.01 	3.33 	
3.14 	3.89 	
3.00 	3.88 	
3.06 	4.50 	
2.88 	4.25 	
3.01 	4.09 	
3.11 	3.42 	
3.38 	3.27 	
3.16 	5.02 	
3.11 	4.90 	
3.30 	4.67 	
3.37 	5.22 	
3.30 	5.94 	
3.40 	5.69 	
3.30 	5.69 	
2.89 	4.65 	
3.09 	4.20 	
3.32 	5.14 	
3.18 	4.71 	
3.38 	4.76 	
3.10 	5.69 	
3.54 	5.21 	
3.29 	5.26 	
3.43 	4.85 	
3.37 	4.74 	
3.63 	4.93 	
3.60 	4.94 	
3.69 	5.09 	
3.79 	5.70 	
3.81 	4.97 	
3.82 	5.32 	
3.73 	5.27 	
3.24 	5.09 	
3.75 	5.03 	
3.65 	5.10 	
3.90 	5.41 	
4.07 	4.55 	
4.18 	5.06 	
4.32 	5.20 	
4.09 	4.79 	
4.18 	4.48 	
3.89 	4.94 	
4.09 	4.37 	
4.49 	4.64 	
3.88 	4.93 	
3.90 	4.20 	
3.74 	4.94 	
3.68 	4.70 	
3.68 	4.79 	
4.09 	4.87 	
3.90 	5.36 	
3.36 	4.88 	
3.72 	4.20 	
3.61 	4.39 	
3.82 	4.29 	
3.74 	4.61 	
3.51 	5.06 	
4.09 	4.70 	
3.91 	4.87 	
3.77 	4.65 	
3.73 	4.24 	
3.81 	4.60 	
3.91 	4.32 	
3.90 	5.55 	
3.58 	5.04 	
3.88 	5.38 	
4.21 	5.62 	
3.85 	5.43 	
3.90 	6.03 	
3.99 	5.15 	
3.70 	4.90 	
3.72 	5.16 	
4.10 	4.69 	
3.54 	5.01 	
3.52 	5.04 	
3.46 	5.13 	
3.34 	4.92 	
3.35 	5.05 	
3.42 	5.24 	
3.60 	5.54 	
3.56 	5.35 	
3.51 	5.44 	
3.85 	5.29 	
3.94 	5.33 	
4.05 	5.21 	
4.31 	5.24 	
4.22 	5.14 	
3.93 	5.06 	
3.86 	5.22 	
3.71 	5.58 	
3.67 	5.30 	
3.81 	4.84 	
4.06 	4.54 	
3.88 	4.86 	
4.10 	4.66 	
3.54 	5.85 	
3.48 	5.76 	
3.30 	4.64 	
3.35 	4.72 	
3.26 	4.56 	
3.44 	3.97 	
3.68 	3.86 	
3.18 	3.81 	
3.21 	3.78 	
3.81 	4.81 	
4.16 	3.83 	
3.87 	3.55 	
4.16 	3.73 	
4.12 	4.06 	
3.86 	4.42 	
4.02 	4.93 	
4.10 	4.13 	
3.98 	3.52 	
3.99 	3.91 	
4.16 	4.45 	
4.26 	3.95 	
4.11 	4.09 	
4.10 	3.88 	
3.91 	2.59 	
3.93 	1.62 	
3.65 	2.23 	
3.85 	2.37 	
3.99 	1.79 	
4.30 	2.28 	
3.98 	1.90 	
4.17 	1.93 	
4.26 	1.54 	
3.94 	3.03 	
3.94 	2.70 	
3.68 	3.40 	
4.10 	3.20 	
3.98 	3.77 	
4.10 	4.39 	
4.10 	4.30 	
3.81 	4.49 	
3.95 	4.37 	
3.80 	4.66 	
4.09 	4.35 	
4.17 	4.97 	
4.07 	4.74 	
3.95 	4.19 	
3.97 	4.83 	
3.81 	5.16 	
4.08 	4.50 	
3.98 	4.39 	
4.01 	4.01 	
3.94 	3.74 	
3.80 	3.19 	
3.73 	4.47 	
3.79 	4.40 	
3.99 	2.89 	
3.80 	4.93 	
4.05 	5.19 	
3.59 	5.07 	
4.01 	4.59 	
4.01 	4.72 	
4.01 	6.08 	
4.05 	5.16 	
4.01 	5.48 	
3.79 	5.00 	
4.15 	5.47 	
4.09 	5.20 	
4.03 	5.19 	
4.56 	5.08 	
3.99 	5.49 	
3.88 	5.90 	
3.92 	5.85 	
4.16 	5.70 	
3.91 	6.19 	
3.91 	5.04 	
3.85 	5.84 	
3.83 	5.96 	
3.73 	5.27 	
3.33 	4.99 	
4.04 	5.04 	
3.04 	4.40 	
3.35 	5.41 	
3.97 	4.99 	
3.79 	5.29 	
3.81 	3.86 	
3.38 	5.70 	
3.49 	5.60 	
3.77 	6.20 	
3.92 	4.48 	
3.94 	5.71 	
3.75 	5.56 	
3.78 	5.05 	
4.06 	6.22 	
3.74 	5.72 	
4.09 	4.76 	
3.84 	4.88 	
3.33 	5.34 	
3.84 	5.00 	
3.84 	5.65 	
3.86 	5.25 	
3.94 	5.54 	
4.05 	5.41 	
3.98 	5.57 	
4.10 	5.24 	
3.87 	5.55 	
3.88 	5.39 	
4.03 	5.23 	
4.01 	5.34 	
4.32 	5.32 	
4.01 	5.45 	
3.98 	5.13 	
3.96 	3.86 	
3.84 	3.86 	
3.80 	4.76 	
4.00 	4.53 	
3.87 	4.45 	
4.06 	4.62 	
4.02 	5.28 	
3.96 	5.54 	
4.09 	4.72 	
3.83 	5.56 	
4.04 	4.36 	
4.10 	5.12 	
3.81 	5.02 	
4.06 	5.26 	
3.98 	4.78 	
4.25 	4.60 	
3.77 	4.47 	
3.63 	3.93 	
3.74 	4.91 	
3.86 	5.35 	
3.63 	5.16 	
3.72 	5.62 	
3.94 	5.48 	
3.59 	5.11 	
3.82 	4.42 	
4.16 	4.96 	
4.11 	4.75 	
3.55 	3.10 	
3.53 	3.76 	
4.40 	4.27 	
3.80 	3.39 	
4.01 	4.24 	
3.59 	4.60 	
3.56 	4.61 	
3.72 	4.38 	
3.52 	4.51 	
3.71 	4.19 	
3.73 	4.27 	
3.70 	4.56 	
3.90 	5.25 	
3.75 	4.53 	
3.77 	4.86 	
3.60 	4.46 	
3.68 	4.23 	
3.61 	4.59 	
4.25 	4.17 	
3.90 	4.78 	
4.01 	4.22 	
3.80 	4.19 	
3.94 	5.04 	
3.77 	4.68 	
3.95 	4.67 	
3.64 	5.21 	
3.76 	4.62 	
3.62 	4.59 	
3.81 	4.65 	
3.87 	4.52 	
3.97 	5.21 	
3.93 	4.37 	
3.91 	4.72 	
3.90 	4.55 	
3.69 	4.69 	
3.87 	4.63 	
3.58 	4.63 	
3.54 	4.06 	
3.68 	4.61 	
3.51 	4.59 	
3.60 	4.75 	
3.74 	4.71 	
3.46 	5.19 	
3.46 	5.45 	
3.22 	5.23 	
3.13 	4.84 	
3.20 	5.30 	
3.30 	5.36 	
3.68 	5.48 	
3.80 	5.65 	
3.53 	5.88 	
3.52 	6.03 	
3.51 	5.69 	
3.79 	5.76 	
3.51 	5.18 	
3.67 	5.35 	
3.53 	5.58 	
3.49 	5.63 	
3.55 	5.82 	
3.52 	5.72 	
3.62 	5.68 	
3.77 	5.43 	
3.80 	5.72 	
3.40 	5.39 	
3.83 	5.63 	
3.98 	6.13 	
3.69 	5.92 	
3.89 	4.97 	
3.67 	5.71 	
4.11 	5.19 	
3.71 	5.52 	
3.75 	5.83 	
4.28 	5.17 	
4.25 	5.74 	
3.90 	5.52 	
3.69 	5.53 	
3.57 	5.49 	
3.99 	5.47 	
3.76 	5.44 	
3.76 	5.01 	
3.52 	4.70 	
3.83 	4.75 	
3.60 	4.50 	
3.83 	4.78 	
3.70 	4.81 	
4.08 	4.48 	
4.05 	4.53 	
3.85 	4.17 	
3.85 	4.76 	
3.72 	4.77 	
3.62 	4.59 	
4.08 	4.53 	
4.06 	3.88 	
3.96 	4.65 	
3.89 	4.08 	
4.06 	4.10 	
3.87 	4.05 	
4.08 	4.56 	
3.62 	4.50 	
3.77 	4.51 	
3.52 	4.62 	
3.70 	4.36 	
3.87 	4.55 	
3.62 	4.49 	
3.85 	4.57 	
3.71 	3.99 	
3.54 	4.37 	
3.60 	4.51 	
3.82 	4.85 	
3.81 	4.55 	
3.66 	5.25 	
3.60 	4.29 	
4.17 	4.26 	
3.67 	4.61 	
3.94 	4.83 	
3.33 	4.51 	
3.47 	4.66 	
3.38 	4.84 	
3.87 	4.48 	
3.90 	4.45 	
3.82 	4.95 	
3.82 	4.60 	
3.26 	4.64 	
3.74 	4.61 	
3.92 	4.58 	
3.54 	4.54 	
3.80 	4.69 	
3.63 	4.30 	
3.87 	4.52 	
3.89 	5.26 	
4.10 	4.70 	
3.70 	4.94 	
3.61 	4.90 	
3.75 	5.16 	
3.66 	4.92 	
3.72 	4.47 	
3.88 	5.13 	
3.79 	4.70 	
3.89 	4.84 	
4.05 	5.02 	
3.74 	4.84 	
3.69 	4.34 	
4.21 	4.79 	
4.15 	4.72 	
4.02 	5.08 	
4.21 	4.33 	
3.46 	4.44 	
3.75 	4.41 	
3.83 	4.80 	
3.72 	4.49 	
3.82 	4.62 	
3.68 	4.81 	
3.97 	4.74 	
3.84 	4.40 	
4.04 	4.71 	
3.99 	4.24 	
4.21 	5.03 	
4.20 	4.58 	
3.85 	4.47 	
3.74 	4.61 	
3.45 	4.75 	
3.78 	3.91 	
3.84 	4.02 	
3.97 	3.58 	
3.99 	4.07 	
3.53 	3.23 	
3.64 	3.56 	
3.48 	3.66 	
3.36 	4.13 	
3.40 	4.12 	
3.30 	4.28 	
3.42 	4.15 	
3.35 	4.92 	
3.25 	4.42 	
3.52 	4.03 	
3.64 	4.59 	
3.43 	4.26 	
3.52 	4.53 	
3.23 	5.08 	
3.49 	4.85 	
3.48 	4.58 	
3.55 	4.70 	
3.50 	4.58 	
3.71 	3.94 	
3.75 	5.07 	
3.65 	4.33 	
3.68 	4.45 	
3.72 	4.47 	
3.70 	4.46 	
3.57 	4.47 	
3.70 	4.00 	
3.93 	4.35 	
4.22 	4.09 	
3.93 	4.57 	
3.63 	4.64 	
3.83 	4.38 	
3.58 	4.14 	
3.71 	5.17 	
3.91 	4.69 	
3.68 	4.23 	
3.45 	4.33 	
3.69 	4.29 	
4.01 	4.55 	
3.75 	4.09 	
3.90 	4.52 	
3.61 	4.47 	
3.92 	4.82 	
3.51 	4.60 	
3.50 	4.96 	
3.66 	5.07 	
3.46 	4.88 	
3.86 	4.72 	
3.58 	5.22 	
4.22 	4.34 	
4.02 	4.99 	
3.94 	4.75 	
3.96 	4.80 	
3.65 	4.67 	
3.29 	4.93 	
3.54 	4.55 	
3.95 	4.34 	
3.72 	4.57 	
4.03 	4.21 	
4.09 	4.60 	
4.07 	4.73 	
3.77 	5.06 	
4.02 	5.07 	
4.04 	5.13 	
3.95 	5.01 	
3.57 	4.58 	
3.87 	4.24 	
3.77 	3.55 	
3.64 	4.10 	
3.81 	3.54 	
3.75 	4.19 	
3.47 	3.88 	
3.68 	4.57 	
3.56 	3.28 	
3.62 	3.48 	
3.61 	3.54 	
4.00 	3.44 	
3.56 	2.13 	
3.81 	2.47 	
3.70 	2.88 	
3.93 	3.10 	
3.93 	3.56 	
3.97 	3.85 	
4.05 	2.11 	
3.84 	2.71 	
3.88 	2.27 	
3.82 	2.84 	
3.57 	2.70 	
4.11 	2.95 	
4.05 	3.32 	
4.09 	3.21 	
3.74 	3.09 	
4.00 	2.11 	
3.80 	3.92 	
4.50 	4.09 	
3.91 	4.44 	
4.31 	4.92 	
3.82 	4.56 	
4.04 	5.17 	
3.77 	5.07 	
4.07 	5.15 	
3.98 	4.79 	
3.91 	4.86 	
3.76 	5.09 	
3.48 	4.70 	
3.32 	4.96 	
3.45 	4.95 	
3.45 	5.07 	
3.63 	4.84 	
3.63 	4.97 	
3.76 	4.71 	
3.88 	4.84 	
3.67 	4.80 	
3.89 	5.03 	
3.54 	4.46 	
3.55 	4.88 	
3.79 	5.17 	
4.00 	4.86 	
3.64 	4.68 	
3.62 	5.10 	
3.13 	4.77 	
3.74 	5.19 	
3.81 	4.84 	
3.17 	4.71 	
3.78 	4.71 	
3.84 	4.85 	
3.79 	5.04 	
4.01 	5.20 	
4.12 	5.39 	
4.24 	4.79 	
3.82 	4.65 	
4.08 	4.90 	
3.87 	4.85 	
3.90 	4.62 	
3.91 	4.53 	
4.01 	4.16 	
3.74 	4.64 	
3.43 	4.59 	
3.61 	4.79 	
3.78 	4.85 	
3.33 	4.46 	
3.62 	4.63 	
3.80 	4.51 	
3.92 	4.51 	
3.70 	4.71 	
3.50 	4.30 	
3.73 	4.74 	
3.92 	4.59 	
4.19 	4.62 	
3.92 	5.02 	
3.25 	4.30 	
3.96 	4.42 	
3.90 	4.49 	
3.68 	4.16 	
4.07 	4.45 	
4.01 	4.21 	
3.77 	4.45 	
4.04 	4.48 	
4.18 	4.46 	
3.94 	4.25 	
3.85 	4.26 	
3.70 	4.44 	
3.85 	4.51 	
3.80 	4.97 	
4.11 	4.52 	
3.86 	4.63 	
3.72 	4.16 	
4.16 	4.54 	
3.67 	4.61 	
3.83 	4.49 	
3.32 	4.03 	
3.45 	4.10 	
3.78 	4.41 	
3.29 	4.60 	
3.59 	4.10 	
3.23 	4.44 	
3.28 	4.43 	
3.32 	4.46 	
3.20 	4.75 	
3.53 	4.70 	
3.39 	4.30 	
3.50 	4.52 	
3.37 	4.41 	
3.30 	4.61 	
3.74 	5.00 	
3.66 	5.02 	
3.50 	4.60 	
3.05 	4.64 	
3.45 	4.96 	
3.57 	4.92 	
3.25 	5.09 	
3.36 	4.74 	
3.87 	4.83 	
3.34 	5.12 	
3.51 	4.75 	
3.44 	4.38 	
3.44 	4.63 	
3.63 	4.92 	
3.57 	4.82 	
3.19 	5.22 	
3.08 	4.74 	
3.17 	4.97 	
3.41 	4.56 	
3.55 	4.95 	
3.07 	4.61 	
3.15 	4.24 	
3.38 	4.14 	
3.28 	4.65 	
2.89 	4.52 	
3.39 	4.54 	
3.69 	4.44 	
3.67 	4.28 	
3.85 	4.47 	
3.38 	4.45 	
3.45 	4.58 	
3.71 	4.60 	
3.93 	4.09 	
3.36 	4.55 	
3.46 	4.38 	
3.38 	4.53 	
3.58 	4.39 	
3.74 	4.31 	
3.61 	4.39 	
3.48 	4.20 	
3.38 	4.06 	
3.46 	4.37 	
3.73 	4.40 	
4.03 	4.53 	
4.11 	4.45 	
3.73 	4.20 	
4.13 	4.64 	
4.03 	4.47 	
4.12 	4.76 	
3.88 	4.14 	
4.00 	4.15 	
4.01 	4.89 	
3.87 	4.85 	
3.92 	4.89 	
3.62 	4.95 	
3.46 	4.79 	
3.69 	4.41 	
3.62 	4.70 	
3.49 	4.71 	
3.79 	4.59 	
3.57 	4.84 	
3.77 	4.62 	
3.68 	4.44 	
3.24 	4.43 	
3.28 	4.87 	
3.32 	4.01 	
3.53 	4.58 	
3.30 	4.62 	
3.27 	4.88 	
3.59 	4.30 	
3.28 	4.58 	
3.63 	4.79 	
4.38 	4.67 	
4.29 	4.89 	
4.33 	4.74 	
4.35 	4.56 	
4.08 	4.81 	
4.05 	4.69 	
4.19 	4.69 	
4.66 	4.68 	
3.63 	4.47 	
4.40 	4.22 	
4.56 	4.78 	
4.31 	4.23 	
4.39 	4.81 	
4.03 	4.64 	
4.19 	4.79 	
4.36 	4.51 	
3.84 	4.30 	
4.10 	4.62 	
4.62 	4.12 	
3.98 	4.36 	
4.38 	4.63 	
4.47 	4.37 	
4.50 	4.83 	
4.39 	4.31 	
4.72 	4.52 	
3.90 	4.55 	
4.59 	4.35 	
4.79 	4.68 	
4.25 	4.75 	
3.74 	4.74 	
4.07 	4.75 	
3.69 	4.50 	
4.00 	4.30 	
3.94 	4.46 	
3.51 	4.80 	
3.64 	4.43 	
3.65 	4.56 	
3.67 	4.25 	
3.67 	4.30 	
3.63 	4.51 	
3.73 	4.62 	
3.40 	4.96 	
3.52 	4.86 	
3.69 	3.96 	
3.66 	4.59 	
3.79 	4.11 	
3.57 	4.43 	
3.87 	4.49 	
3.90 	4.70 	
3.51 	5.03 	
3.60 	4.59 	
3.56 	4.37 	
3.71 	4.64 	
3.68 	4.66 	
3.49 	4.82 	
3.62 	4.36 	
3.38 	4.32 	
3.64 	5.26 	
3.37 	4.68 	
3.60 	4.33 	
3.59 	4.00 	
3.90 	4.11 	
3.66 	4.55 	
3.97 	5.02 	
3.88 	4.96 	
4.02 	4.98 	
4.11 	5.07 	
4.07 	5.34 	
4.12 	4.96 	
3.80 	4.91 	
4.04 	4.89 	
3.67 	4.81 	
4.09 	5.39 	
3.76 	4.93 	
3.90 	5.19 	
3.97 	5.29 	
3.90 	5.14 	
4.26 	4.79 	
4.00 	5.02 	
3.96 	4.62 	
4.02 	4.58 	
3.80 	4.88 	
3.82 	4.68 	
3.44 	4.87 	
3.23 	4.53 	
3.42 	5.19 	
3.45 	5.07 	
3.35 	4.59 	
3.45 	4.78 	
3.57 	4.78 	
3.91 	4.68 	
3.62 	5.06 	
3.57 	4.98 	
3.89 	5.30 	
3.63 	5.28 	
3.47 	4.96 	
3.15 	5.13 	
3.49 	5.13 	
4.12 	4.91 	
3.62 	5.16 	
3.30 	4.67 	
3.29 	4.88 	
3.48 	4.75 	
3.24 	4.94 	
3.46 	4.74 	
3.45 	5.10 	
3.40 	4.81 	
3.44 	4.41 	
3.23 	4.63 	
3.44 	4.56 	
3.42 	4.71 	
3.66 	4.68 	
3.53 	5.14 	
3.43 	4.62 	
3.48 	4.54 	
3.56 	4.98 	
3.35 	4.89 	
3.73 	4.74 	
3.38 	4.63 	
3.02 	4.68 	
3.11 	4.67 	
3.63 	4.40 	
3.47 	4.93 	
3.57 	5.01 	
3.55 	4.68 	
3.50 	4.32 	
3.54 	4.85 	
3.65 	4.75 	
3.43 	5.16 	
3.82 	5.19 	
4.03 	4.81 	
3.63 	4.91 	
3.84 	4.69 	
3.82 	4.97 	
3.66 	4.88 	
3.93 	4.26 	
3.78 	5.20 	
3.67 	4.64 	
3.71 	4.85 	
3.60 	4.81 	
3.92 	4.52 	
3.78 	4.89 	
4.26 	4.44 	
3.96 	4.79 	
3.91 	4.04 	
3.91 	3.88 	
3.72 	3.45 	
3.70 	4.56 	
3.44 	4.24 	
3.54 	4.14 	
3.89 	4.76 	
3.82 	4.30 	
3.73 	4.30 	
3.89 	4.85 	
3.32 	4.49 	
3.63 	4.66 	
3.55 	4.95 	
3.32 	4.65 	
3.17 	4.51 	
3.93 	4.14 	
3.58 	4.62 	
3.94 	4.89 	
3.84 	4.85 	
4.04 	4.45 	
3.89 	4.35 	
3.97 	4.50 	
3.76 	4.37 	
3.68 	4.37 	
4.25 	4.23 	
3.76 	4.08 	
3.56 	5.29 	
4.01 	4.48 	
3.89 	4.42 	
4.10 	4.56 	
3.65 	3.51 	
3.56 	3.85 	
3.91 	3.84 	
3.88 	3.64 	
3.52 	3.90 	
3.37 	3.89 	
3.31 	4.09 	
3.58 	3.83 	
3.35 	4.01 	
3.37 	3.83 	
3.35 	3.64 	
3.44 	3.70 	
3.35 	4.06 	
3.54 	3.55 	
3.52 	3.84 	
3.38 	4.06 	
3.64 	3.89 	
3.52 	3.83 	
3.26 	4.00 	
3.46 	4.00 	
3.42 	4.37 	
3.36 	3.99 	
3.65 	4.22 	
3.46 	3.92 	
3.71 	3.88 	
3.58 	4.30 	
3.63 	3.53 	
3.44 	3.90 	
3.42 	4.13 	
3.41 	4.27 	
3.48 	3.62 	
3.38 	4.54 	
3.80 	4.35 	
3.46 	3.56 	
3.26 	3.86 	
3.41 	4.01 	
3.23 	3.81 	
3.53 	4.08 	
3.42 	4.59 	
3.34 	3.56 	
3.76 	4.11 	
3.79 	4.20 	
3.75 	3.57 	
3.67 	4.03 	
3.69 	4.05 	
3.68 	4.11 	
3.82 	3.97 	
3.63 	4.06 	
4.04 	4.14 	
3.69 	4.31 	
4.14 	4.23 	
3.73 	3.98 	
3.45 	3.76 	
3.67 	3.38 	
3.98 	4.09 	
3.74 	4.17 	
3.79 	3.86 	
3.67 	4.31 	
4.14 	4.34 	
3.88 	4.66 	
4.06 	3.85 	
3.34 	4.05 	
3.68 	4.16 	
4.16 	4.28 	
3.85 	4.40 	
3.91 	3.95 	
3.74 	4.84 	
4.06 	4.48 	
4.06 	4.19 	
3.91 	4.40 	
4.00 	4.15 	
3.74 	4.24 	
3.48 	3.66 	
3.47 	4.32 	
3.48 	4.52 	
3.55 	4.06 	
3.52 	4.12 	
3.38 	3.96 	
3.46 	4.28 	
3.60 	3.97 	
3.45 	3.96 	
3.62 	3.95 	
3.67 	3.35 	
3.69 	3.91 	
3.84 	4.15 	
3.98 	3.64 	
3.48 	3.97 	
3.44 	4.05 	
3.63 	3.68 	
3.30 	2.62 	
3.41 	3.30 	
3.50 	4.19 	
3.50 	3.91 	
3.34 	3.72 	
3.55 	3.51 	
3.34 	3.79 	
3.51 	3.96 	
2.88 	3.49 	
3.65 	3.75 	
3.46 	3.67 	
3.59 	3.20 	
3.68 	3.66 	
3.28 	4.06 	
3.43 	3.86 	
3.32 	4.42 	
3.73 	4.35 	
3.52 	4.05 	
3.23 	3.92 	
3.43 	3.39 	
3.58 	4.09 	
3.49 	3.97 	
3.31 	4.45 	
3.43 	4.36 	
3.51 	4.54 	
3.29 	4.47 	
3.22 	4.11 	
2.94 	4.06 	
3.13 	4.71 	
3.30 	4.84 	
3.14 	4.86 	
3.20 	4.57 	
3.30 	4.34 	
3.65 	4.85 	
3.44 	4.65 	
3.61 	4.10 	
3.47 	4.44 	
3.31 	3.99 	
3.52 	3.28 	
3.28 	4.54 	
3.06 	4.37 	
2.88 	3.49 	
3.24 	3.18 	
3.85 	3.59 	
3.50 	3.35 	
3.17 	3.77 	
3.38 	3.67 	
3.19 	4.48 	
3.85 	3.80 	
3.44 	4.09 	
3.85 	3.73 	
3.77 	3.67 	
3.50 	4.39 	
3.46 	3.76 	
3.52 	4.25 	
3.72 	4.10 	
3.62 	4.20 	
3.51 	4.80 	
3.67 	5.13 	
3.86 	4.83 	
3.87 	4.39 	
3.67 	3.70 	
3.64 	4.62 	
3.57 	4.67 	
3.68 	4.59 	
3.73 	4.62 	
3.98 	4.34 	
3.39 	4.54 	
3.74 	3.61 	
3.73 	3.90 	
3.68 	3.87 	
3.59 	4.22 	
3.80 	4.36 	
3.54 	4.47 	
3.51 	4.43 	
3.59 	3.97 	
3.86 	4.54 	
3.84 	4.32 	
3.71 	4.73 	
3.96 	4.51 	
3.68 	4.66 	
3.96 	4.02 	
3.52 	4.58 	
3.85 	3.80 	
3.65 	4.61 	
3.87 	4.46 	
3.91 	4.40 	
3.62 	4.51 	
3.71 	4.49 	
3.30 	4.70 	
3.38 	4.38 	
3.74 	4.74 	
3.42 	4.14 	
3.22 	4.95 	
3.64 	5.00 	
3.79 	5.05 	
4.18 	4.57 	
3.96 	5.02 	
3.68 	5.32 	
3.62 	4.62 	
4.11 	5.01 	
3.91 	4.61 	
3.76 	4.82 	
3.86 	4.14 	
3.78 	4.13 	
3.86 	4.28 	
4.13 	4.02 	
3.90 	4.73 	
3.60 	3.88 	
3.50 	4.74 	
3.67 	5.39 	
3.50 	4.89 	
3.44 	4.79 	
3.55 	4.92 	
3.39 	5.50 	
3.89 	4.62 	
3.82 	5.03 	
3.60 	4.29 	
3.79 	4.84 	
3.74 	5.16 	
3.64 	4.79 	
3.90 	4.96 	
3.77 	4.85 	
3.64 	5.12 	
3.78 	4.82 	
3.83 	4.40 	
4.30 	4.49 	
3.86 	4.73 	
3.77 	4.29 	
3.86 	4.07 	
3.92 	4.71 	
3.84 	3.42 	
3.83 	4.25 	
3.54 	4.64 	
3.79 	4.14 	
3.87 	4.95 	
3.56 	4.45 	
3.94 	4.81 	
3.67 	4.25 	
3.76 	4.78 	
3.65 	4.76 	
3.86 	4.09 	
3.82 	4.62 	
3.38 	4.66 	
3.89 	5.01 	
4.16 	4.23 	
4.01 	4.98 	
3.39 	4.65 	
3.75 	5.05 	
3.60 	4.89 	
3.68 	4.57 	
3.57 	3.94 	
3.64 	3.95 	
3.89 	4.65 	
3.61 	4.69 	
3.57 	5.11 	
3.61 	4.83 	
4.01 	4.87 	
3.93 	4.82 	
3.74 	4.59 	
3.29 	4.52 	
3.52 	4.64 	
3.69 	3.94 	
3.42 	4.16 	
3.76 	3.79 	
3.41 	4.09 	
3.31 	4.61 	
3.51 	4.47 	
3.59 	4.60 	
3.76 	4.29 	
3.85 	4.29 	
3.79 	4.29 	
3.48 	4.51 	
3.41 	4.28 	
3.87 	4.45 	
3.60 	4.95 	
3.77 	5.25 	
4.01 	4.19 	
4.23 	5.05 	
4.05 	4.45 	
4.14 	4.49 	
3.61 	3.97 	
3.49 	4.26 	
3.49 	4.28 	
3.43 	4.59 	
3.24 	4.81 	
3.01 	3.52 	
3.45 	4.06 	
3.41 	4.39 	
3.32 	4.46 	
3.29 	4.88 	
3.52 	4.67 	
3.46 	5.27 	
3.67 	4.83 	
3.51 	4.51 	
3.85 	3.98 	
3.75 	4.60 	
3.91 	5.23 	
3.86 	4.49 	
3.51 	4.88 	
3.89 	5.12 	
3.25 	5.39 	
3.80 	4.87 	
3.66 	5.55 	
3.37 	4.83 	
3.69 	4.22 	
3.51 	3.87 	
3.83 	3.59 	
3.26 	3.79 	
3.80 	3.75 	
3.75 	3.64 	
3.85 	4.35 	
4.00 	4.36 	
3.51 	2.97 	
3.77 	4.84 	
4.00 	4.22 	
3.42 	3.32 	
4.03 	4.21 	
3.61 	4.94 	
3.46 	4.01 	
3.71 	3.93 	
3.64 	4.31 	
3.62 	4.05 	
3.78 	3.23 	
3.51 	4.32 	
3.37 	4.58 	
3.59 	3.92 	
3.77 	4.06 	
3.64 	3.90 	
3.93 	3.36 	
4.02 	3.83 	
4.32 	3.38 	
4.21 	3.53 	
3.80 	4.05 	
3.49 	4.84 	
3.94 	4.47 	
3.54 	4.92 	
3.68 	4.49 	
3.83 	3.86 	
3.74 	4.42 	
3.75 	4.42 	
3.70 	3.98 	
3.52 	4.56 	
3.82 	4.85 	
3.56 	4.36 	
3.63 	4.89 	
3.80 	4.63 	
3.59 	4.58 	
3.55 	4.49 	
3.95 	3.82 	
3.83 	4.27 	
3.32 	4.70 	
3.72 	4.10 	
3.79 	4.57 	
3.59 	3.83 	
4.01 	4.69 	
3.52 	5.12 	
3.94 	4.67 	
3.62 	3.76 	
3.87 	4.31 	
3.86 	4.30 	
3.71 	4.27 	
3.91 	5.04 	
3.87 	5.15 	
3.66 	5.22 	
3.85 	4.59 	
3.85 	4.74 	
4.26 	5.00 	
3.62 	5.25 	
3.91 	5.02 	
3.82 	4.60 	
3.91 	4.60 	
3.68 	4.65 	
3.95 	5.22 	
3.62 	4.21 	
3.82 	4.27 	
4.00 	4.17 	
4.05 	4.15 	
3.94 	3.85 	
3.45 	4.22 	
3.45 	4.33 	
3.55 	4.72 	
3.48 	4.07 	
3.48 	4.66 	
3.95 	4.50 	
4.05 	4.63 	
4.19 	4.39 	
3.78 	4.56 	
4.19 	4.37 	
4.08 	4.46 	
4.30 	5.01 	
3.86 	4.34 	
4.17 	3.96 	
3.95 	4.66 	
3.70 	5.09 	
3.76 	4.86 	
4.34 	4.86 	
3.77 	4.72 	
4.45 	4.89 	
4.70 	4.82 	
3.99 	4.38 	
4.43 	4.37 	
4.36 	4.87 	
4.32 	4.34 	
4.15 	4.08 	
4.37 	3.94 	
4.53 	3.79 	
4.31 	3.91 	
4.45 	3.94 	
4.25 	4.09 	
4.18 	4.52 	
4.22 	4.08 	
4.08 	3.98 	
4.09 	4.30 	
4.29 	4.33 	
4.05 	4.08 	
3.72 	4.29 	
4.34 	4.22 	
4.62 	4.28 	
3.57 	4.30 	
3.70 	4.37 	
4.26 	4.38 	
4.35 	4.75 	
4.35 	4.32 	
4.40 	4.24 	
4.32 	4.41 	
3.84 	4.45 	
4.39 	4.85 	
4.47 	4.63 	
4.05 	4.79 	
3.89 	5.00 	
4.43 	5.15 	
3.77 	5.59 	
3.85 	4.86 	
3.49 	5.24 	
3.56 	4.88 	
3.78 	5.27 	
3.54 	5.20 	
3.54 	5.03 	
2.97 	5.10 	
3.11 	5.44 	
2.70 	6.16 	
2.53 	5.71 	
2.94 	5.54 	
2.87 	5.70 	
2.62 	5.46 	
2.77 	5.23 	
2.73 	5.41 	
3.34 	5.62 	
3.32 	4.96 	
2.61 	5.38 	
2.87 	5.80 	
2.66 	5.14 	
2.60 	4.72 	
2.54 	5.46 	
2.65 	4.95 	
2.62 	3.98 	
2.67 	5.12 	
2.75 	4.77 	
2.98 	5.28 	
3.62 	5.34 	
3.27 	5.65 	
3.44 	5.55 	
3.17 	5.62 	
3.43 	4.97 	
3.16 	5.22 	
3.38 	4.63 	
3.52 	4.73 	
3.40 	5.63 	
3.43 	4.78 	
3.52 	5.56 	
3.24 	5.45 	
3.58 	5.73 	
3.19 	4.99 	
3.28 	4.74 	
3.19 	4.71 	
3.09 	4.86 	
3.81 	5.14 	
3.49 	4.65 	
3.40 	4.70 	
3.67 	5.21 	
3.49 	5.48 	
3.80 	4.91 	
3.60 	5.15 	
3.85 	4.83 	
3.84 	5.27 	
3.50 	4.65 	
3.32 	5.13 	
3.73 	5.31 	
3.79 	4.84 	
3.34 	4.92 	
3.67 	5.24 	
3.72 	5.00 	
3.99 	5.17 	
3.86 	5.29 	
3.79 	5.67 	
3.37 	5.72 	
3.59 	6.01 	
3.79 	5.71 	
3.67 	6.10 	
3.90 	5.76 	
3.94 	5.00 	
3.45 	5.00 	
3.82 	5.54 	
3.79 	5.48 	
4.02 	5.10 	
3.66 	5.35 	
3.84 	5.64 	
3.49 	5.54 	
3.20 	5.42 	
3.53 	5.25 	
3.42 	5.44 	
3.35 	5.56 	
3.12 	5.20 	
3.16 	5.84 	
3.36 	5.43 	
3.23 	5.34 	
3.06 	5.50 	
3.03 	5.74 	
3.38 	5.68 	
3.17 	5.40 	
3.12 	6.02 	
3.12 	6.03 	
3.49 	5.70 	
2.99 	5.77 	
2.78 	5.87 	
3.10 	5.86 	
3.02 	5.82 	
2.59 	5.95 	
2.62 	6.17 	
3.06 	5.75 	
3.15 	5.74 	
3.11 	5.82 	
3.20 	5.88 	
3.15 	5.93 	
3.30 	5.87 	
3.35 	6.25 	
2.73 	5.70 	
3.25 	5.83 	
3.19 	5.99 	
3.08 	5.72 	
3.45 	5.56 	
3.13 	5.92 	
2.78 	5.71 	
3.62 	6.25 	
3.15 	5.64 	
3.36 	5.79 	
3.46 	5.38 	
3.41 	6.33 	
3.34 	6.03 	
2.77 	6.16 	
3.25 	5.98 	
3.34 	5.66 	
3.67 	6.04 	
3.30 	5.54 	
3.09 	5.22 	
2.87 	7.04 	
2.88 	5.96 	
2.55 	5.47 	
2.74 	5.80 	
2.82 	5.29 	
3.43 	5.74 	
3.32 	5.98 	
2.76 	5.79 	
2.62 	5.94 	
2.79 	5.87 	
3.06 	5.58 	
3.31 	5.68 	
3.17 	5.78 	
3.18 	5.88 	
3.31 	5.75 	
3.12 	5.48 	
3.21 	5.84 	
3.10 	5.42 	
3.01 	5.55 	
3.71 	5.61 	
3.37 	5.63 	
3.22 	5.32 	
3.58 	6.07 	
3.49 	4.96 	
3.12 	5.65 	
3.60 	5.60 	
3.12 	5.92 	
3.41 	5.59 	
3.16 	5.86 	
3.27 	5.13 	
2.94 	5.04 	
2.69 	5.71 	
3.29 	5.64 	
3.33 	5.64 	
3.28 	5.10 	
3.29 	4.90 	
2.98 	5.38 	
3.19 	5.58 	
2.92 	4.91 	
2.81 	5.20 	
3.12 	5.56 	
3.67 	5.60 	
3.05 	5.19 	
3.74 	5.71 	
3.45 	5.32 	
4.29 	5.20 	
3.86 	5.27 	
3.37 	5.98 	
3.46 	5.76 	
3.00 	5.57 	
3.36 	5.49 	
2.96 	5.34 	
3.12 	5.61 	
3.30 	5.59 	
3.19 	5.79 	
3.32 	5.37 	
3.16 	5.78 	
3.29 	5.63 	
3.70 	5.38 	
2.78 	5.48 	
2.93 	5.19 	
3.18 	4.88 	
3.11 	5.28 	
3.21 	5.37 	
3.33 	5.26 	
3.88 	5.39 	
3.22 	4.95 	
3.26 	5.02 	
3.14 	4.58 	
3.61 	4.69 	
3.02 	4.71 	
3.20 	4.37 	
2.97 	5.22 	
3.11 	4.80 	
3.02 	4.98 	
2.98 	4.59 	
2.94 	4.44 	
3.06 	4.81 	
2.89 	4.83 	
2.96 	4.95 	
3.04 	4.51 	
3.99 	4.52 	
4.09 	4.94 	
3.96 	4.77 	
3.68 	4.26 	
3.42 	4.54 	
3.41 	4.50 	
3.52 	4.46 	
3.82 	3.96 	
3.33 	4.73 	
3.79 	4.30 	
3.58 	4.42 	
3.92 	4.50 	
3.50 	4.16 	
3.30 	4.21 	
3.58 	4.31 	
3.51 	4.60 	
3.37 	4.61 	
3.61 	4.56 	
3.57 	4.52 	
3.45 	4.48 	
3.36 	4.34 	
3.34 	4.14 	
2.65 	3.75 	
3.43 	4.15 	
3.00 	3.79 	
3.81 	4.55 	
3.60 	3.97 	
3.12 	4.74 	
3.01 	4.87 	
2.93 	4.66 	
3.16 	4.74 	
3.54 	4.03 	
3.49 	4.35 	
3.82 	3.62 	
3.30 	4.17 	
3.15 	4.27 	
3.34 	4.15 	
3.72 	3.93 	
3.50 	4.48 	
3.39 	4.35 	
3.58 	4.56 	
3.72 	4.38 	
3.18 	4.27 	
2.99 	4.16 	
3.31 	4.09 	
3.42 	4.23 	
3.21 	4.22 	
3.45 	4.89 	
3.22 	5.14 	
2.86 	4.77 	
3.72 	4.91 	
2.87 	4.59 	
2.85 	4.25 	
3.10 	4.60 	
2.87 	4.92 	
3.42 	4.99 	
3.63 	4.76 	
3.33 	4.98 	
3.30 	5.33 	
3.46 	5.33 	
3.19 	5.22 	
3.25 	5.01 	
3.23 	5.01 	
3.08 	5.20 	
3.06 	5.28 	
4.15 	4.94 	
3.88 	5.25 	
3.76 	5.03 	
3.64 	4.75 	
3.78 	5.58 	
3.28 	5.34 	
2.66 	5.75 	
2.86 	5.52 	
2.96 	5.68 	
3.02 	5.51 	
2.98 	5.46 	
2.69 	5.54 	
2.79 	5.03 	
3.03 	5.20 	
2.99 	5.09 	
3.48 	5.41 	
3.06 	5.62 	
2.94 	5.11 	
3.06 	5.33 	
3.06 	5.19 	
3.14 	5.62 	
2.82 	5.52 	
3.08 	5.37 	
2.90 	5.25 	
3.52 	5.27 	
3.22 	5.13 	
3.27 	5.26 	
3.13 	5.53 	
3.73 	5.30 	
3.47 	5.37 	
3.54 	5.29 	
3.38 	5.53 	
3.21 	5.52 	
3.32 	5.41 	
3.76 	5.32 	
3.66 	5.28 	
4.11 	5.58 	
3.80 	5.51 	
3.78 	5.38 	
3.45 	5.29 	
3.76 	5.48 	
3.41 	5.52 	
3.46 	5.59 	
3.48 	5.50 	
3.68 	5.22 	
3.61 	5.37 	
3.35 	4.80 	
3.49 	5.05 	
3.63 	5.29 	
3.33 	5.12 	
3.31 	5.06 	
3.37 	5.07 	
3.57 	5.30 	
3.96 	5.33 	
3.44 	5.29 	
3.74 	5.00 	
2.91 	5.00 	
3.28 	4.76 	
3.70 	4.99 	
3.33 	4.90 	
3.68 	4.92 	
3.88 	5.32 	
3.51 	5.01 	
3.41 	5.18 	
3.40 	5.13 	
3.14 	5.53 	
3.48 	4.73 	
3.16 	5.10 	
2.84 	5.04 	
2.93 	5.00 	
2.97 	5.04 	
2.83 	4.98 	
3.87 	5.35 	
2.96 	5.27 	
3.07 	5.08 	
3.37 	5.04 	
2.64 	4.93 	
2.97 	4.81 	
3.79 	5.40 	
2.75 	4.81 	
3.53 	4.89 	
3.30 	4.68 	
2.76 	5.01 	
3.13 	4.90 	
3.69 	5.09 	
3.03 	4.85 	
3.11 	5.27 	
3.42 	5.25 	
2.99 	4.90 	
3.69 	4.79 	
3.65 	5.16 	
3.78 	5.01 	
3.99 	5.21 	
3.28 	5.05 	
3.61 	4.98 	
3.49 	4.93 	
3.66 	5.35 	
2.90 	4.88 	
3.84 	4.60 	
3.67 	4.96 	
3.72 	4.84 	
3.42 	5.25 	
3.77 	5.16 	
3.52 	5.67 	
3.76 	5.50 	
3.85 	4.63 	
3.59 	4.95 	
3.91 	5.14 	
3.64 	5.12 	
3.63 	5.28 	
3.86 	4.95 	
4.25 	5.43 	
3.88 	5.10 	
4.20 	4.83 	
4.11 	4.93 	
3.75 	5.32 	
4.24 	5.21 	
4.12 	5.55 	
3.75 	5.15 	
3.90 	5.49 	
3.81 	5.59 	
3.19 	4.95 	
3.31 	5.16 	
3.37 	4.98 	
3.38 	5.14 	
3.56 	4.78 	
3.83 	4.47 	
4.08 	5.21 	
3.68 	4.94 	
3.25 	5.38 	
3.26 	5.06 	
3.55 	5.09 	
3.89 	4.81 	
3.84 	4.99 	
3.85 	4.81 	
3.71 	5.19 	
3.61 	4.98 	
3.76 	5.58 	
3.67 	6.08 	
4.03 	5.46 	
3.65 	5.67 	
3.89 	6.00 	
3.98 	5.77 	
4.05 	5.64 	
3.92 	5.05 	
4.15 	5.32 	
4.23 	5.52 	
4.11 	5.73 	
4.22 	5.80 	
4.00 	5.68 	
4.05 	5.75 	
3.95 	5.72 	
3.88 	5.69 	
4.17 	5.94 	
4.00 	5.51 	
3.98 	5.51 	
3.79 	5.72 	
4.04 	5.43 	
3.76 	5.87 	
4.14 	5.67 	
4.22 	5.51 	
4.12 	5.83 	
3.67 	5.58 	
3.86 	5.42 	
4.01 	6.02 	
3.90 	5.36 	
3.91 	5.45 	
3.76 	5.53 	
4.28 	5.36 	
3.66 	5.12 	
3.85 	5.61 	
3.94 	5.19 	
3.48 	4.77 	
3.30 	5.25 	
3.43 	5.14 	
3.69 	5.27 	
3.83 	5.21 	
4.16 	5.63 	
4.02 	5.87 	
4.18 	5.23 	
3.72 	5.41 	
3.45 	4.76 	
3.56 	4.98 	
3.88 	5.28 	
3.86 	5.22 	
3.70 	5.35 	
3.30 	4.85 	
3.49 	5.50 	
3.60 	5.66 	
3.88 	5.67 	
3.81 	5.02 	
3.58 	5.44 	
3.87 	5.51 	
3.76 	5.22 	
3.87 	5.27 	
3.65 	5.46 	
3.79 	5.14 	
3.46 	5.41 	
3.68 	4.59 	
3.58 	5.12 	
3.71 	5.78 	
3.54 	5.56 	
3.62 	5.34 	
3.51 	4.93 	
3.76 	5.22 	
3.54 	5.22 	
3.47 	5.32 	
3.69 	5.36 	
3.88 	5.10 	
3.74 	5.25 	
3.92 	4.99 	
3.92 	4.80 	
3.75 	4.47 	
4.16 	4.87 	
4.04 	5.23 	
3.74 	5.58 	
3.60 	5.55 	
3.74 	5.36 	
3.51 	5.40 	
3.85 	5.86 	
3.39 	5.71 	
3.76 	5.79 	
3.78 	5.97 	
3.88 	5.45 	
4.29 	5.58 	
3.83 	5.58 	
3.96 	5.85 	
3.71 	5.57 	
4.34 	6.00 	
4.00 	5.73 	
3.90 	5.78 	
3.79 	5.62 	
4.09 	5.58 	
3.75 	5.88 	
3.67 	6.04 	
3.73 	5.74 	
3.76 	5.42 	
3.84 	5.54 	
3.94 	5.71 	
3.82 	5.69 	
4.17 	5.54 	
4.02 	5.75 	
4.00 	5.22 	
4.09 	5.44 	
4.03 	5.46 	
3.72 	5.09 	
3.98 	5.09 	
3.69 	5.21 	
4.03 	4.93 	
4.09 	5.54 	
3.96 	5.34 	
3.99 	5.49 	
4.07 	5.01 	
3.79 	5.43 	
4.33 	5.32 	
3.99 	5.75 	
3.91 	5.10 	
3.27 	5.48 	
3.70 	5.52 	
3.93 	5.40 	
3.61 	5.17 	
3.81 	5.29 	
3.73 	5.35 	
3.53 	5.71 	
3.60 	5.49 	
3.78 	5.58 	
3.54 	5.37 	
3.62 	5.44 	
3.50 	4.93 	
3.68 	5.47 	
3.52 	5.36 	
3.54 	5.13 	
3.86 	5.24 	
3.36 	5.47 	
3.79 	5.72 	
3.96 	5.58 	
3.76 	5.59 	
3.60 	5.69 	
3.72 	5.20 	
3.71 	5.32 	
3.86 	4.97 	
3.52 	5.15 	
3.26 	4.87 	
3.93 	5.34 	
4.19 	5.17 	
3.50 	4.61 	
3.82 	5.44 	
4.03 	5.26 	
3.79 	5.30 	
3.92 	5.36 	
4.05 	5.04 	
4.19 	5.14 	
3.82 	5.17 	
3.92 	5.08 	
4.14 	5.55 	
3.88 	5.20 	
3.88 	5.43 	
3.83 	5.26 	
3.99 	5.10 	
3.94 	5.54 	
4.20 	5.49 	
4.13 	5.27 	
3.92 	5.06 	
3.99 	5.09 	
3.95 	5.54 	
3.86 	5.10 	
3.94 	5.16 	
3.94 	4.99 	
3.98 	5.25 	
3.99 	5.32 	
3.88 	5.56 	
3.82 	5.59 	
3.93 	5.52 	
3.89 	5.71 	
3.96 	5.86 	
3.89 	5.76 	
3.83 	5.62 	
3.62 	5.92 	
4.08 	4.71 	
3.87 	4.88 	
3.71 	4.87 	
3.85 	4.54 	
4.08 	5.24 	
3.95 	6.13 	
3.68 	5.35 	
3.62 	5.40 	
3.76 	5.53 	
4.01 	5.21 	
3.60 	6.06 	
3.83 	4.66 	
3.76 	4.79 	
3.92 	5.19 	
3.78 	5.18 	
4.14 	5.70 	
4.09 	5.53 	
4.15 	5.29 	
3.76 	5.20 	
4.11 	5.14 	
3.79 	5.16 	
3.78 	5.22 	
3.83 	4.74 	
3.92 	5.55 	
3.64 	5.26 	
4.07 	5.23 	
3.80 	5.29 	
4.34 	5.00 	
3.81 	5.52 	
3.79 	5.18 	
3.61 	5.50 	
3.99 	5.36 	
3.61 	5.24 	
3.76 	5.37 	
3.65 	5.41 	
4.15 	4.98 	
4.01 	5.17 	
3.77 	5.20 	
3.74 	5.41 	
4.16 	5.12 	
3.83 	5.08 	
3.52 	5.26 	
3.68 	5.34 	
3.99 	5.32 	
3.95 	5.73 	
3.60 	5.45 	
3.51 	5.29 	
3.86 	5.08 	
3.63 	5.46 	
4.13 	5.37 	
3.94 	5.29 	
3.93 	5.57 	
3.83 	5.53 	
3.92 	5.39 	
4.16 	5.39 	
4.05 	4.99 	
3.75 	5.31 	
3.83 	5.85 	
3.96 	5.70 	
3.91 	5.48 	
3.78 	5.26 	
4.07 	5.49 	
4.05 	5.73 	
4.16 	5.22 	
4.32 	5.35 	
4.10 	4.81 	
4.19 	5.31 	
3.86 	5.34 	
4.00 	5.37 	
3.82 	5.45 	
4.19 	5.11 	
4.24 	5.43 	
3.95 	5.19 	
4.13 	5.27 	
4.16 	5.33 	
3.94 	5.29 	
3.93 	4.96 	
3.70 	5.05 	
4.00 	5.34 	
3.94 	5.09 	
4.16 	5.31 	
4.41 	5.49 	
4.30 	5.43 	
4.43 	5.25 	
4.38 	5.38 	
4.44 	5.25 	
3.88 	5.21 	
4.16 	5.02 	
4.16 	5.32 	
4.60 	5.18 	
4.12 	5.38 	
4.18 	5.34 	
4.35 	5.29 	
4.51 	5.08 	
4.42 	5.78 	
4.26 	5.65 	
4.19 	5.56 	
4.10 	5.39 	
4.16 	5.60 	
4.21 	5.32 	
4.14 	5.18 	
4.08 	5.24 	
4.02 	5.53 	
3.50 	5.24 	
4.14 	5.48 	
3.92 	5.20 	
3.99 	5.18 	
3.61 	5.24 	
4.23 	5.45 	
4.11 	5.43 	
4.17 	5.30 	
4.12 	5.44 	
4.12 	5.41 	
3.84 	5.44 	
3.67 	5.37 	
4.21 	5.12 	
3.85 	5.51 	
4.17 	5.29 	
4.25 	5.14 	
3.82 	5.16 	
4.43 	5.20 	
3.99 	5.53 	
4.25 	5.07 	
4.08 	5.41 	
4.11 	5.08 	
4.20 	5.30 	
4.09 	5.43 	
4.52 	5.42 	
4.07 	5.97 	
4.28 	5.04 	
4.22 	5.22 	
4.16 	5.46 	
4.22 	5.26 	
4.40 	5.21 	
3.98 	5.06 	
4.12 	5.00 	
4.25 	5.07 	
3.84 	5.01 	
4.16 	5.36 	
4.33 	5.72 	
4.31 	5.37 	
4.14 	5.10 	
4.17 	5.36 	
4.12 	5.12 	
3.87 	5.13 	
4.58 	5.29 	
4.25 	5.61 	
4.09 	5.28 	
3.92 	5.19 	
4.81 	5.23 	
4.00 	5.24 	
4.13 	4.89 	
3.83 	5.05 	
4.25 	4.91 	
4.22 	5.40 	
4.39 	4.91 	
4.28 	5.69 	
4.28 	5.33 	
4.05 	4.94 	
4.19 	4.65 	
4.05 	5.09 	
3.78 	5.04 	
4.11 	4.92 	
4.06 	5.21 	
4.30 	4.94 	
3.88 	4.90 	
3.93 	4.98 	
3.94 	5.03 	
3.91 	4.99 	
4.14 	5.17 	
4.19 	5.55 	
3.86 	5.27 	
4.18 	5.41 	
3.97 	5.13 	
4.24 	5.13 	
4.12 	5.19 	
4.21 	5.22 	
4.01 	5.18 	
4.05 	5.30 	
4.00 	4.78 	
4.34 	5.18 	
4.49 	5.09 	
4.38 	4.43 	
4.27 	4.55 	
4.12 	5.13 	
4.38 	5.09 	
3.98 	5.59 	
3.93 	4.72 	
4.15 	4.99 	
3.98 	5.11 	
3.75 	5.00 	
4.10 	4.97 	
3.70 	4.90 	
3.61 	4.67 	
3.87 	4.89 	
3.92 	4.71 	
3.93 	5.02 	
3.87 	4.98 	
3.88 	5.03 	
3.78 	4.44 	
3.60 	4.98 	
3.42 	5.18 	
3.70 	5.46 	
3.71 	4.94 	
3.81 	4.63 	
3.75 	5.30 	
3.87 	4.60 	
3.93 	4.85 	
3.89 	4.95 	
3.88 	4.93 	
3.96 	5.19 	
4.05 	5.40 	
3.70 	5.36 	
3.82 	5.12 	
4.21 	5.52 	
4.37 	5.46 	
4.13 	5.41 	
4.25 	5.44 	
4.14 	5.56 	
3.86 	5.44 	
3.84 	5.69 	
3.75 	5.44 	
3.75 	5.53 	
3.86 	5.33 	
4.02 	5.30 	
3.98 	5.23 	
3.76 	5.21 	
3.75 	5.44 	
3.91 	5.40 	
3.83 	5.35 	
3.88 	5.34 	
3.67 	5.26 	
3.66 	5.46 	
3.52 	5.57 	
3.85 	5.35 	
3.82 	5.21 	
3.75 	5.69 	
3.57 	5.30 	
3.80 	5.41 	
3.58 	5.71 	
3.87 	5.01 	
3.60 	5.45 	
3.88 	5.65 	
3.90 	5.12 	
3.97 	5.04 	
3.66 	5.59 	
3.72 	5.36 	
3.79 	5.12 	
4.26 	5.09 	
4.06 	5.64 	
4.25 	5.55 	
4.22 	5.46 	
4.40 	5.09 	
3.90 	5.56 	
3.94 	5.22 	
3.96 	5.31 	
4.46 	5.14 	
4.09 	5.47 	
3.95 	4.92 	
4.03 	5.42 	
4.06 	5.30 	
3.73 	5.54 	
3.80 	5.71 	
3.88 	5.55 	
4.18 	5.19 	
3.87 	5.43 	
3.60 	4.71 	
3.75 	5.16 	
3.66 	4.62 	
3.94 	4.62 	
3.62 	4.95 	
3.78 	4.90 	
4.07 	5.16 	
3.86 	5.29 	
3.48 	4.64 	
3.70 	5.15 	
3.46 	4.95 	
3.66 	5.03 	
3.30 	5.24 	
3.37 	5.38 	
3.64 	4.84 	
3.22 	5.14 	
3.81 	5.07 	
3.40 	5.09 	
3.33 	5.08 	
3.39 	4.89 	
3.40 	4.94 	
3.25 	5.36 	
2.88 	5.11 	
3.59 	5.61 	
3.13 	5.59 	
3.07 	4.81 	
3.76 	5.48 	
3.56 	5.57 	
3.63 	5.36 	
3.61 	5.38 	
3.34 	5.50 	
3.74 	5.19 	
3.34 	5.41 	
3.71 	5.23 	
3.53 	5.04 	
3.43 	5.17 	
3.11 	5.08 	
3.37 	5.09 	
3.11 	5.28 	
3.00 	5.20 	
3.47 	5.13 	
3.11 	5.48 	
3.43 	5.39 	
3.01 	4.86 	
2.98 	5.41 	
3.80 	5.54 	
4.26 	5.03 	
3.73 	5.13 	
3.97 	5.54 	
3.27 	4.92 	
3.21 	5.38 	
3.39 	4.93 	
3.18 	4.89 	
3.92 	5.29 	
3.42 	5.03 	
3.03 	5.17 	
2.73 	5.43 	
3.34 	5.15 	
3.15 	5.32 	
3.62 	5.36 	
3.82 	5.36 	
3.72 	5.28 	
3.90 	5.46 	
3.71 	4.84 	
3.68 	5.42 	
3.73 	5.58 	
3.72 	5.09 	
3.69 	4.86 	
3.73 	5.10 	
3.60 	4.76 	
3.65 	4.96 	
3.71 	5.51 	
3.53 	5.45 	
3.41 	5.65 	
3.70 	5.51 	
3.41 	5.37 	
3.78 	5.69 	
4.04 	5.53 	
2.68 	5.40 	
3.11 	5.26 	
2.96 	4.94 	
2.92 	5.44 	
3.25 	5.20 	
3.35 	5.78 	
3.46 	5.51 	
3.42 	5.54 	
3.81 	4.89 	
3.22 	5.28 	
4.02 	5.59 	
3.24 	5.25 	
3.47 	4.88 	
4.01 	5.32 	
3.48 	5.57 	
3.12 	5.27 	
3.31 	5.50 	
3.61 	5.66 	
3.97 	5.32 	
3.22 	4.94 	
3.68 	5.21 	
2.73 	5.36 	
3.23 	5.32 	
3.71 	5.47 	
3.62 	5.74 	
3.27 	5.37 	
3.43 	5.06 	
3.98 	5.17 	
3.78 	5.24 	
3.82 	5.22 	
3.23 	5.48 	
2.63 	5.22 	
2.97 	5.55 	
3.41 	5.26 	
3.53 	5.25 	
3.41 	5.44 	
3.65 	5.44 	
3.34 	5.53 	
3.33 	5.45 	
3.70 	5.27 	
3.19 	5.30 	
3.31 	5.44 	
3.47 	5.29 	
3.45 	5.42 	
3.43 	5.15 	
3.43 	5.24 	
3.41 	5.55 	
3.50 	5.37 	
3.32 	5.39 	
3.52 	5.45 	
3.53 	5.43 	
3.31 	5.41 	
3.70 	5.75 	
3.28 	5.83 	
3.36 	5.38 	
3.22 	5.42 	
3.48 	5.55 	
3.39 	5.38 	
3.60 	5.05 	
3.80 	5.38 	
3.34 	5.11 	
3.52 	5.33 	
3.76 	5.16 	
3.90 	5.34 	
3.51 	5.43 	
3.44 	5.42 	
3.48 	5.15 	
2.95 	5.23 	
2.77 	5.03 	
2.97 	5.35 	
2.95 	5.02 	
3.41 	5.41 	
2.69 	5.16 	
3.02 	5.32 	
3.01 	5.57 	
3.89 	5.14 	
3.24 	5.17 	
3.26 	5.15 	
3.01 	5.40 	
2.98 	5.67 	
3.35 	5.14 	
3.38 	5.34 	
3.28 	5.03 	
3.26 	5.23 	
3.21 	5.52 	
3.24 	5.43 	
3.54 	4.66 	
3.43 	5.26 	
3.28 	5.42 	
3.18 	5.38 	
3.65 	5.47 	
3.20 	5.22 	
3.25 	5.47 	
3.43 	5.09 	
3.41 	5.26 	
3.54 	5.28 	
3.73 	5.08 	
3.77 	5.36 	
3.29 	5.14 	
3.55 	5.18 	
3.56 	5.18 	
3.50 	5.41 	
3.43 	5.31 	
3.34 	4.95 	
3.69 	5.33 	
3.55 	5.16 	
3.47 	5.49 	
3.48 	5.25 	
3.28 	5.34 	
3.03 	5.54 	
3.46 	5.47 	
3.41 	5.33 	
3.61 	5.20 	
3.90 	5.24 	
4.17 	5.12 	
3.87 	5.36 	
4.07 	5.53 	
3.18 	5.51 	
3.54 	5.73 	
3.39 	5.09 	
3.89 	5.68 	
3.97 	5.24 	
4.07 	5.42 	
3.95 	5.51 	
3.98 	5.47 	
3.91 	5.17 	
3.80 	5.26 	
4.10 	5.37 	
3.90 	5.39 	
3.81 	5.53 	
3.85 	5.18 	
4.21 	5.49 	
3.83 	5.31 	
3.26 	5.30 	
3.43 	5.27 	
3.21 	4.88 	
3.01 	5.29 	
2.96 	5.19 	
3.60 	5.29 	
4.43 	5.27 	
4.10 	5.34 	
3.02 	5.41 	
3.41 	5.19 	
3.29 	4.98 	
3.21 	5.54 	
3.32 	5.40 	
3.63 	5.42 	
2.98 	5.19 	
3.47 	5.11 	
2.69 	4.82 	
2.73 	5.27 	
3.06 	5.30 	
2.72 	5.24 	
3.42 	5.33 	
3.62 	5.49 	
3.70 	5.34 	
3.58 	5.40 	
3.20 	5.12 	
3.73 	5.03 	
3.99 	4.92 	
3.69 	5.34 	
3.81 	4.71 	
4.18 	5.07 	
4.55 	4.93 	
4.23 	5.14 	
3.90 	5.16 	
3.61 	5.12 	
3.44 	4.95 	
3.92 	4.79 	
3.55 	5.40 	
3.48 	4.85 	
3.27 	5.15 	
3.78 	4.98 	
3.17 	5.25 	
2.98 	5.15 	
3.58 	4.63 	
3.38 	4.93 	
3.31 	4.98 	
3.20 	4.84 	
3.81 	5.10 	
3.77 	5.14 	
3.62 	5.30 	
3.56 	4.95 	
4.10 	5.02 	
3.53 	5.26 	
4.24 	4.90 	
3.93 	5.24 	
4.05 	5.11 	
3.77 	5.11 	
3.92 	5.12 	
3.75 	4.86 	
3.60 	5.09 	
3.84 	4.97 	
3.71 	4.92 	
3.87 	4.56 	
3.58 	4.88 	
3.41 	4.66 	
3.79 	4.94 	
4.26 	5.18 	
3.57 	5.05 	
4.04 	4.88 	
3.33 	4.93 	
3.71 	4.70 	
3.72 	5.01 	
3.64 	4.94 	
3.77 	4.97 	
3.41 	5.17 	
3.82 	5.16 	
3.36 	4.94 	
3.20 	5.03 	
3.62 	4.86 	
3.09 	4.84 	
3.18 	5.13 	
3.56 	5.09 	
3.21 	5.14 	
3.42 	4.84 	
3.90 	5.12 	
4.51 	4.97 	
3.79 	5.10 	
3.82 	5.13 	
3.69 	4.92 	
3.78 	5.21 	
4.22 	5.33 	
3.94 	5.17 	
4.57 	5.32 	
3.94 	5.49 	
4.09 	5.49 	
3.85 	5.23 	
3.70 	5.18 	
3.62 	5.26 	
3.62 	5.26 	
4.19 	5.22 	
3.72 	4.49 	
3.66 	5.12 	
3.97 	5.33 	
4.28 	5.44 	
4.04 	4.84 	
4.18 	5.14 	
4.15 	5.51 	
3.60 	5.46 	
3.71 	5.42 	
3.67 	5.47 	
3.84 	5.38 	
3.43 	5.25 	
3.66 	5.11 	
3.98 	5.17 	
4.03 	5.50 	
3.77 	5.40 	
3.69 	5.46 	
3.86 	5.31 	
4.07 	5.26 	
3.77 	5.27 	
3.98 	5.25 	
3.53 	5.13 	
3.15 	5.39 	
3.76 	5.56 	
3.32 	5.25 	
3.73 	5.12 	
3.69 	5.07 	
3.60 	4.95 	
3.97 	4.84 	
3.65 	4.73 	
3.71 	4.88 	
3.81 	5.20 	
3.63 	5.16 	
3.69 	4.87 	
3.57 	5.08 	
3.24 	4.89 	
3.51 	5.05 	
4.10 	5.29 	
3.89 	5.21 	
3.81 	5.08 	
4.04 	5.09 	
3.65 	5.21 	
3.76 	5.03 	
3.93 	5.11 	
3.87 	5.12 	
3.92 	5.21 	
3.85 	5.12 	
3.50 	5.15 	
3.75 	4.69 	
4.13 	5.07 	
3.39 	5.21 	
3.49 	5.42 	
3.40 	5.37 	
3.31 	5.35 	
4.31 	5.42 	
3.94 	5.17 	
3.57 	5.22 	
3.89 	4.96 	
4.05 	5.25 	
3.76 	5.05 	
3.49 	5.12 	
3.45 	4.98 	
3.54 	5.32 	
2.90 	5.19 	
2.77 	5.27 	
3.23 	5.27 	
3.39 	5.12 	
3.56 	5.44 	
3.10 	5.27 	
3.53 	5.19 	
3.42 	4.93 	
3.32 	5.22 	
3.45 	5.34 	
2.78 	5.54 	
2.58 	5.33 	
3.17 	5.41 	
3.75 	5.17 	
4.22 	5.04 	
3.85 	5.31 	
3.86 	5.37 	
3.99 	5.39 	
3.63 	5.33 	
3.81 	5.29 	
3.83 	5.35 	
4.00 	5.25 	
4.16 	5.39 	
4.01 	5.29 	
3.91 	5.48 	
3.98 	5.46 	
3.96 	5.20 	
4.32 	5.46 	
3.92 	5.37 	
4.38 	5.61 	
3.97 	5.71 	
3.58 	5.45 	
3.96 	5.41 	
3.62 	5.51 	
3.73 	5.35 	
4.08 	5.54 	
3.55 	5.59 	
3.95 	5.48 	
3.48 	5.53 	
3.65 	5.80 	
3.85 	5.58 	
3.84 	5.72 	
3.91 	5.77 	
3.75 	5.35 	
3.62 	5.28 	
3.97 	5.55 	
3.29 	5.65 	
3.98 	5.52 	
3.88 	5.49 	
3.44 	5.21 	
3.79 	5.19 	
3.45 	5.24 	
3.33 	5.23 	
3.46 	5.12 	
3.50 	5.36 	
3.51 	5.27 	
2.89 	5.44 	
3.05 	5.75 	
3.18 	5.62 	
2.95 	5.66 	
2.86 	5.20 	
3.05 	5.39 	
2.82 	5.30 	
3.11 	5.32 	
3.12 	5.29 	
3.17 	5.23 	
2.79 	5.03 	
2.87 	4.62 	
2.85 	5.33 	
3.00 	5.05 	
3.90 	4.75 	
3.30 	5.01 	
3.22 	4.59 	
3.28 	4.96 	
3.49 	5.13 	
3.52 	4.80 	
3.16 	4.76 	
3.31 	4.07 	
3.52 	5.18 	
3.39 	4.85 	
3.41 	5.05 	
3.43 	4.93 	
3.56 	5.09 	
3.27 	4.90 	
3.31 	5.18 	
3.36 	4.51 	
2.77 	5.23 	
2.99 	5.07 	
2.82 	4.47 	
3.78 	4.71 	
4.01 	5.14 	
3.59 	4.94 	
3.54 	4.88 	
3.43 	5.25 	
3.37 	5.27 	
3.75 	4.89 	
3.33 	4.88 	
3.59 	5.38 	
3.32 	5.40 	
3.49 	4.92 	
3.76 	5.24 	
3.63 	5.27 	
3.48 	5.47 	
3.40 	5.01 	
3.59 	5.44 	
3.45 	5.23 	
3.49 	5.19 	
3.71 	5.38 	
3.63 	5.89 	
3.64 	5.29 	
2.74 	5.38 	
2.68 	5.33 	
2.81 	5.37 	
2.76 	5.06 	
3.63 	5.56 	
3.51 	5.29 	
2.91 	5.59 	
3.06 	5.05 	
3.11 	5.28 	
3.80 	4.85 	
3.73 	5.08 	
3.47 	5.55 	
3.78 	4.76 	
3.70 	4.97 	
3.57 	4.86 	
3.89 	5.17 	
3.87 	5.42 	
3.63 	4.93 	
3.37 	5.28 	
3.75 	5.51 	
3.72 	5.40 	
3.90 	5.42 	
3.56 	5.06 	
3.70 	5.01 	
3.84 	5.36 	
3.91 	5.07 	
3.92 	5.37 	
3.83 	4.95 	
3.77 	5.26 	
3.41 	5.26 	
4.07 	5.19 	
3.70 	5.05 	
3.20 	5.05 	
3.14 	5.27 	
3.39 	5.08 	
3.20 	4.99 	
3.78 	5.08 	
3.59 	5.07 	
3.26 	4.94 	
3.31 	5.07 	
3.62 	5.02 	
3.53 	5.15 	
3.02 	4.98 	
3.54 	5.31 	
3.15 	4.84 	
3.41 	4.92 	
3.53 	5.08 	
3.54 	5.02 	
3.73 	5.29 	
3.60 	5.37 	
3.41 	4.84 	
3.36 	5.29 	
3.59 	5.33 	
3.32 	5.34 	
3.13 	5.48 	
3.58 	5.59 	
3.33 	5.71 	
3.26 	5.42 	
3.28 	5.65 	
3.50 	5.46 	
3.50 	5.51 	
3.66 	5.82 	
3.43 	5.28 	
3.24 	5.39 	
2.98 	5.47 	
2.85 	5.37 	
2.84 	5.42 	
2.76 	5.48 	
3.06 	5.59 	
2.95 	5.72 	
3.35 	5.58 	
4.18 	5.64 	
3.64 	4.73 	
3.47 	5.16 	
3.26 	5.69 	
2.99 	5.90 	
3.27 	5.67 	
3.40 	5.74 	
3.34 	5.72 	
3.66 	5.40 	
3.42 	5.00 	
3.49 	5.56 	
3.47 	4.97 	
3.92 	5.05 	
4.10 	5.57 	
3.58 	5.14 	
3.46 	5.00 	
3.05 	4.94 	
4.03 	5.40 	
3.88 	5.22 	
3.73 	4.90 	
3.74 	5.36 	
3.05 	5.18 	
3.20 	5.51 	
3.76 	5.44 	
3.63 	5.37 	
3.95 	5.61 	
3.54 	5.37 	
3.99 	5.52 	
3.87 	5.37 	
3.85 	5.40 	
3.98 	5.80 	
3.45 	5.21 	
3.75 	5.87 	
4.04 	5.60 	
3.61 	5.41 	
3.84 	5.63 	
3.70 	5.60 	
3.79 	5.47 	
3.94 	5.44 	
4.03 	5.02 	
3.68 	5.25 	
3.92 	5.44 	
3.85 	4.59 	
3.86 	5.35 	
4.03 	4.83 	
3.43 	5.43 	
4.03 	5.28 	
3.54 	4.63 	
3.83 	4.96 	
3.81 	5.62 	
3.56 	5.14 	
3.91 	5.15 	
3.12 	5.37 	
3.07 	5.49 	
3.15 	5.36 	
3.28 	5.49 	
2.79 	5.59 	
3.55 	5.55 	
3.17 	5.81 	
3.70 	5.70 	
3.27 	5.43 	
2.74 	5.64 	
3.22 	5.48 	
3.32 	5.70 	
3.40 	5.62 	
3.77 	5.59 	
3.35 	5.55 	
3.23 	5.25 	
3.52 	5.30 	
3.97 	5.07 	
3.73 	5.47 	
4.11 	4.79 	
3.62 	5.08 	
3.53 	4.66 	
3.63 	5.35 	
3.38 	5.44 	
2.97 	5.06 	
3.49 	5.11 	
3.88 	4.74 	
3.87 	5.34 	
3.35 	4.76 	
3.36 	5.43 	
3.22 	5.30 	
3.18 	5.32 	
3.90 	5.34 	
3.84 	5.18 	
4.46 	5.49 	
3.77 	5.40 	
3.96 	5.07 	
3.65 	5.26 	
3.65 	4.96 	
3.95 	5.20 	
3.73 	5.13 	
3.83 	5.21 	
3.43 	4.98 	
3.82 	4.84 	
3.78 	4.96 	
3.52 	5.46 	
3.65 	5.29 	
3.81 	4.92 	
3.78 	4.96 	
3.80 	5.14 	
4.33 	4.93 	
3.54 	4.88 	
3.80 	4.73 	
3.81 	5.30 	
3.71 	4.62 	
3.37 	5.19 	
3.65 	5.10 	
3.19 	5.03 	
3.34 	4.72 	
3.47 	4.96 	
3.90 	5.38 	
3.58 	5.26 	
3.24 	4.90 	
3.36 	4.81 	
3.48 	4.68 	
3.62 	5.03 	
3.56 	4.99 	
3.58 	4.59 	
3.33 	4.98 	
3.59 	4.96 	
3.26 	4.93 	
2.95 	3.85 	
3.89 	4.46 	
3.75 	4.10 	
3.79 	4.89 	
3.89 	5.17 	
3.86 	4.35 	
3.66 	4.81 	
3.66 	4.90 	
3.94 	4.67 	
3.98 	4.48 	
3.79 	4.56 	
3.66 	4.53 	
3.90 	4.31 	
3.47 	4.68 	
3.85 	4.45 	
3.85 	4.64 	
3.78 	4.49 	
4.00 	4.68 	
4.02 	4.59 	
3.45 	4.80 	
4.08 	4.62 	
3.70 	4.44 	
3.85 	4.96 	
3.73 	4.79 	
3.71 	4.49 	
3.77 	4.81 	
3.82 	5.26 	
3.53 	4.76 	
2.73 	5.14 	
2.69 	5.44 	
2.99 	5.15 	
2.90 	5.32 	
2.97 	5.15 	
2.98 	5.31 	
3.83 	4.78 	
2.88 	4.97 	
3.81 	5.30 	
3.83 	5.74 	
3.91 	5.26 	
3.80 	5.70 	
3.64 	5.45 	
3.90 	5.32 	
3.64 	5.05 	
3.48 	4.59 	
3.41 	4.72 	
3.38 	5.14 	
3.20 	4.83 	
3.63 	4.85 	
3.44 	5.27 	
3.42 	4.55 	
3.54 	4.67 	
3.27 	4.82 	
3.52 	4.76 	
3.05 	5.21 	
2.93 	5.06 	
2.78 	4.97 	
2.66 	5.17 	
2.93 	5.31 	
3.55 	5.25 	
3.83 	5.18 	
3.20 	4.74 	
3.03 	5.08 	
3.55 	5.47 	
3.05 	5.05 	
2.85 	4.83 	
3.49 	4.80 	
3.15 	4.69 	
3.22 	4.71 	
2.95 	5.10 	
3.10 	4.96 	
4.01 	4.77 	
3.37 	4.69 	
3.74 	4.84 	
2.89 	4.87 	
3.23 	4.70 	
3.36 	4.69 	
3.23 	4.75 	
3.17 	4.72 	
3.26 	4.66 	
3.86 	4.72 	
3.37 	4.76 	
3.52 	5.25 	
3.95 	4.92 	
3.70 	5.13 	
4.32 	4.95 	
3.92 	4.92 	
3.77 	5.04 	
3.37 	5.22 	
3.37 	4.73 	
3.43 	4.67 	
3.88 	5.05 	
3.32 	4.86 	
3.54 	4.55 	
3.67 	4.71 	
3.56 	5.00 	
3.56 	4.66 	
3.36 	4.88 	
3.57 	4.93 	
3.18 	4.89 	
3.39 	4.24 	
3.24 	4.88 	
2.98 	4.76 	
3.27 	4.99 	
3.79 	5.08 	
3.89 	4.82 	
3.38 	4.95 	
3.51 	5.39 	
3.10 	5.19 	
3.82 	5.22 	
3.81 	5.29 	
3.52 	4.91 	
3.47 	5.16 	
3.65 	5.35 	
3.65 	5.31 	
3.38 	5.19 	
3.46 	4.90 	
3.81 	4.98 	
3.43 	5.02 	
3.88 	4.77 	
3.13 	4.92 	
3.04 	4.90 	
3.24 	5.11 	
3.27 	5.18 	
3.13 	5.42 	
3.42 	5.29 	
3.50 	5.19 	
3.43 	5.02 	
3.21 	5.44 	
3.52 	4.84 	
3.70 	5.05 	
3.31 	4.70 	
3.41 	4.87 	
3.23 	4.92 	
3.78 	5.07 	
3.66 	5.30 	
3.87 	5.17 	
3.82 	5.12 	
4.16 	5.22 	
4.05 	5.31 	
3.88 	4.93 	
3.88 	5.02 	
3.65 	4.85 	
3.65 	5.19 	
3.45 	4.75 	
3.85 	5.16 	
4.01 	5.13 	
3.91 	5.00 	
3.76 	4.98 	
3.62 	5.48 	
3.64 	5.34 	
3.50 	5.09 	
3.75 	5.13 	
3.77 	5.12 	
3.55 	5.35 	
3.51 	5.39 	
3.88 	5.21 	
3.84 	5.21 	
3.77 	4.89 	
3.80 	5.40 	
3.91 	4.71 	
3.16 	5.19 	
3.58 	5.19 	
3.46 	5.24 	
3.35 	5.02 	
3.58 	5.66 	
3.82 	5.02 	
3.78 	4.84 	
3.76 	5.27 	
3.73 	4.93 	
3.77 	5.27 	
3.41 	4.45 	
3.43 	5.28 	
3.72 	5.47 	
3.47 	5.07 	
3.73 	5.19 	
3.63 	4.50 	
3.80 	5.21 	
3.68 	4.70 	
3.38 	5.14 	
3.47 	4.78 	
3.69 	5.00 	
3.72 	5.04 	
3.12 	4.88 	
3.17 	4.56 	
3.83 	4.77 	
3.48 	4.48 	
3.84 	4.23 	
3.73 	4.79 	
3.64 	5.04 	
4.18 	5.01 	
3.78 	4.88 	
4.12 	4.85 	
4.22 	5.17 	
4.13 	4.88 	
4.56 	5.12 	
3.76 	5.12 	
3.79 	5.39 	
3.76 	5.16 	
3.90 	5.08 	
4.11 	4.61 	
4.16 	5.03 	
4.34 	4.89 	
4.22 	5.07 	
4.17 	4.87 	
4.08 	5.10 	
3.82 	4.87 	
3.85 	4.86 	
3.90 	4.78 	
3.80 	5.06 	
4.15 	5.40 	
3.82 	5.13 	
3.75 	5.02 	
3.47 	4.62 	
4.03 	4.80 	
3.70 	5.11 	
3.45 	4.96 	
3.50 	4.81 	
2.90 	5.15 	
2.97 	5.09 	
2.55 	4.51 	
2.79 	4.90 	
2.45 	4.70 	
2.76 	4.76 	
2.77 	4.49 	
2.46 	5.06 	
2.69 	4.74 	
3.24 	5.24 	
2.87 	5.21 	
2.67 	4.98 	
3.08 	5.04 	
3.21 	5.37 	
3.21 	5.35 	
3.03 	5.14 	
2.93 	5.07 	
3.06 	5.06 	
2.93 	4.94 	
3.25 	5.18 	
2.99 	5.15 	
3.16 	5.24 	
3.13 	5.00 	
3.46 	5.27 	
3.82 	5.25 	
3.46 	4.94 	
3.28 	5.16 	
3.49 	5.27 	
3.45 	5.38 	
3.88 	5.43 	
3.64 	5.20 	
3.20 	5.21 	
2.97 	5.34 	
3.55 	5.38 	
3.92 	5.61 	
3.43 	5.31 	
3.81 	5.48 	
3.31 	5.40 	
3.49 	5.39 	
3.59 	5.30 	
3.43 	5.40 	
3.56 	5.56 	
3.58 	5.73 	
3.77 	5.11 	
3.79 	5.03 	
3.16 	5.23 	
3.13 	5.16 	
3.22 	5.09 	
3.83 	5.40 	
3.53 	5.13 	
3.23 	5.62 	
3.72 	5.01 	
3.05 	5.34 	
3.60 	5.44 	
3.71 	5.51 	
3.29 	5.17 	
3.67 	5.63 	
3.43 	5.48 	
3.10 	4.87 	
3.33 	5.04 	
3.54 	5.36 	
3.79 	5.49 	
3.54 	5.45 	
3.85 	5.40 	
3.91 	5.25 	
3.79 	5.54 	
4.01 	5.34 	
3.62 	5.04 	
3.91 	5.47 	
3.66 	4.57 	
3.71 	5.30 	
3.56 	4.94 	
3.80 	4.95 	
3.92 	4.46 	
3.86 	5.40 	
3.82 	5.02 	
3.98 	5.10 	
3.88 	4.69 	
3.78 	5.17 	
3.81 	4.86 	
4.08 	4.86 	
3.86 	5.20 	
3.87 	5.30 	
3.69 	5.39 	
3.84 	5.21 	
4.04 	5.43 	
3.45 	5.10 	
3.85 	5.56 	
3.87 	5.56 	
3.79 	5.02 	
3.18 	5.04 	
3.16 	5.48 	
3.18 	5.42 	
3.29 	5.18 	
3.08 	5.36 	
3.21 	5.39 	
3.15 	5.63 	
3.32 	5.79 	
3.32 	6.00 	
3.87 	6.17 	
3.30 	5.57 	
3.77 	5.41 	
3.82 	5.44 	
3.77 	5.25 	
3.09 	4.97 	
3.27 	5.26 	
3.26 	5.52 	
3.14 	5.92 	
2.96 	5.60 	
3.15 	4.99 	
2.91 	5.60 	
2.85 	5.42 	
3.31 	5.48 	
3.45 	5.65 	
3.11 	5.56 	
3.20 	5.55 	
3.21 	4.88 	
3.75 	5.43 	
3.24 	5.26 	
3.87 	5.15 	
3.77 	5.40 	
3.49 	5.22 	
3.20 	5.81 	
3.43 	5.32 	
3.15 	5.44 	
3.41 	5.49 	
3.43 	5.63 	
3.86 	5.72 	
3.74 	5.79 	
3.25 	5.95 	
3.55 	5.59 	
3.54 	5.86 	
3.00 	5.91 	
3.27 	6.05 	
3.51 	6.01 	
3.45 	5.78 	
3.76 	6.40 	
3.49 	5.99 	
3.31 	6.14 	
4.07 	5.98 	
3.72 	5.81 	
3.26 	5.62 	
3.58 	5.71 	
3.99 	6.21 	
3.68 	5.45 	
3.61 	4.97 	
3.40 	5.25 	
3.67 	5.15 	
3.37 	5.51 	
3.42 	4.78 	
3.40 	5.25 	
3.34 	5.52 	
2.88 	5.48 	
2.96 	5.39 	
2.65 	5.22 	
3.34 	4.88 	
2.86 	4.28 	
3.31 	5.49 	
3.33 	5.07 	
3.32 	5.08 	
3.16 	4.59 	
3.38 	5.01 	
3.94 	5.00 	
3.79 	5.54 	
3.40 	5.06 	
3.60 	5.31 	
3.61 	4.99 	
3.90 	5.10 	
3.30 	5.10 	
3.37 	4.92 	
3.26 	5.24 	
3.12 	5.64 	
2.99 	5.30 	
3.78 	5.21 	
2.79 	5.31 	
2.83 	5.27 	
3.62 	4.95 	
3.44 	4.88 	
3.23 	4.96 	
3.34 	5.15 	
3.81 	5.34 	
3.96 	5.30 	
3.47 	5.55 	
3.19 	5.02 	
3.10 	5.17 	
3.19 	5.16 	
3.26 	5.44 	
3.71 	5.00 	
3.22 	4.86 	
3.19 	4.75 	
2.97 	5.31 	
3.11 	5.06 	
3.26 	5.12 	
3.26 	5.25 	
3.53 	5.49 	
3.35 	5.08 	
3.77 	5.28 	
3.10 	5.19 	
3.26 	5.45 	
3.29 	5.03 	
3.16 	5.33 	
3.70 	5.09 	
3.64 	5.09 	
3.50 	4.98 	
3.19 	5.10 	
3.29 	5.42 	
3.01 	4.93 	
2.96 	5.30 	
3.30 	5.13 	
3.31 	5.45 	
3.48 	5.25 	
3.43 	4.94 	
3.56 	5.50 	
3.32 	5.38 	
3.49 	4.87 	
3.30 	5.17 	
3.27 	5.46 	
3.58 	4.75 	
3.81 	5.05 	
3.28 	4.68 	
3.11 	4.35 	
3.31 	4.63 	
3.31 	4.53 	
3.14 	4.50 	
3.12 	4.45 	
3.35 	4.64 	
3.25 	4.45 	
3.29 	5.31 	
3.16 	5.41 	
3.24 	5.24 	
3.27 	5.29 	
3.28 	5.11 	
3.34 	4.89 	
3.33 	5.05 	
3.27 	4.91 	
3.28 	5.03 	
3.27 	4.98 	
3.43 	4.79 	
3.34 	5.12 	
3.38 	4.94 	
3.55 	5.26 	
3.33 	5.06 	
3.23 	5.05 	
2.59 	5.32 	
3.30 	5.11 	
3.20 	5.32 	
3.53 	5.12 	
2.98 	5.12 	
3.09 	5.18 	
2.98 	4.82 	
3.50 	5.19 	
3.57 	4.67 	
3.37 	4.90 	
3.57 	5.46 	
3.48 	5.08 	
3.62 	5.53 	
3.39 	5.27 	
3.55 	4.68 	
3.44 	4.52 	
3.37 	5.32 	
3.34 	5.49 	
3.10 	5.64 	
3.59 	5.20 	
3.45 	5.51 	
3.45 	4.82 	
3.23 	5.25 	
3.81 	5.05 	
4.01 	4.78 	
3.45 	4.98 	
3.40 	4.91 	
3.33 	5.33 	
3.15 	4.94 	
3.17 	4.46 	
3.55 	5.02 	
2.44 	5.09 	
3.63 	4.79 	
2.95 	5.16 	
3.31 	4.92 	
3.17 	4.85 	
3.51 	4.96 	
3.31 	5.10 	
3.54 	4.79 	
3.62 	5.24 	
3.55 	5.42 	
3.79 	4.70 	
3.66 	4.91 	
3.62 	4.56 	
3.58 	4.81 	
3.64 	5.08 	
4.15 	5.22 	
3.71 	5.28 	
3.81 	5.33 	
3.92 	5.38 	
3.86 	4.04 	
3.44 	4.03 	
3.89 	3.88 	
4.00 	4.08 	
3.65 	4.13 	
3.65 	4.14 	
3.89 	4.69 	
3.69 	4.12 	
3.78 	4.25 	
3.62 	4.50 	
3.59 	4.62 	
3.09 	4.92 	
3.64 	4.56 	
3.93 	4.49 	
3.61 	4.84 	
3.61 	4.48 	
3.64 	4.35 	
3.43 	4.62 	
2.79 	4.28 	
2.92 	4.05 	
2.89 	3.92 	
2.95 	4.64 	
3.01 	4.27 	
3.70 	4.19 	
2.82 	4.48 	
3.30 	4.47 	
3.11 	4.10 	
2.85 	4.41 	
3.20 	4.05 	
3.14 	4.38 	
3.46 	4.27 	
3.08 	4.60 	
2.57 	4.42 	
3.15 	4.46 	
3.81 	4.56 	
3.69 	4.19 	
3.62 	4.38 	
2.84 	3.93 	
3.00 	4.04 	
3.51 	4.08 	
2.82 	4.17 	
2.30 	4.06 	
2.87 	4.27 	
2.48 	4.40 	
2.73 	4.43 	
2.89 	4.59 	
3.28 	4.39 	
3.50 	5.18 	
3.15 	4.97 	
3.68 	5.30 	
3.24 	4.99 	
3.02 	4.92 	
2.96 	4.97 	
3.71 	5.08 	
3.55 	4.84 	
3.35 	4.97 	
3.40 	4.77 	
3.61 	4.55 	
3.72 	4.93 	
3.69 	4.70 	
3.61 	4.30 	
3.23 	4.11 	
3.94 	5.06 	
3.75 	4.71 	
3.65 	4.32 	
4.01 	4.28 	
3.70 	4.23 	
3.59 	4.22 	
3.72 	4.51 	
3.63 	4.28 	
3.61 	4.40 	
3.31 	4.40 	
3.54 	4.10 	
3.42 	4.26 	
3.47 	4.71 	
3.38 	4.61 	
3.85 	4.26 	
3.90 	4.07 	
3.99 	4.43 	
4.08 	4.59 	
3.91 	4.27 	
3.93 	4.23 	
3.80 	4.33 	
3.72 	4.40 	
4.02 	4.48 	
3.91 	4.25 	
3.98 	4.52 	
3.84 	4.51 	
3.22 	4.24 	
3.50 	4.33 	
3.83 	4.27 	
3.62 	4.05 	
3.78 	4.12 	
4.22 	4.18 	
4.38 	4.16 	
4.04 	4.20 	
3.90 	4.50 	
3.91 	4.24 	
3.60 	4.16 	
3.17 	4.45 	
2.80 	4.75 	
2.50 	4.62 	
3.42 	4.70 	
