2.69 	6.57 	
2.24 	5.59 	
2.56 	4.45 	
2.39 	5.27 	
2.27 	5.29 	
2.72 	5.24 	
2.74 	5.06 	
2.19 	4.68 	
2.12 	5.17 	
1.93 	5.67 	
2.40 	5.80 	
2.03 	5.79 	
2.16 	6.37 	
1.89 	7.22 	
1.90 	5.23 	
2.14 	5.80 	
2.75 	5.95 	
3.05 	6.09 	
2.04 	6.62 	
3.11 	6.30 	
2.72 	5.70 	
2.22 	5.50 	
2.79 	5.39 	
2.20 	5.85 	
3.47 	5.41 	
3.23 	5.34 	
3.40 	7.25 	
3.26 	5.65 	
3.38 	4.76 	
2.57 	4.17 	
2.01 	5.27 	
2.08 	5.02 	
2.18 	4.15 	
2.62 	4.05 	
2.19 	4.24 	
2.30 	3.54 	
2.83 	3.52 	
2.01 	3.95 	
1.81 	4.06 	
1.59 	3.33 	
1.42 	3.06 	
1.35 	4.55 	
2.81 	3.85 	
3.68 	4.17 	
2.53 	3.90 	
3.35 	4.16 	
2.80 	4.06 	
2.25 	5.65 	
2.30 	3.79 	
2.87 	3.92 	
3.15 	4.33 	
2.46 	3.74 	
2.58 	4.86 	
2.83 	4.96 	
2.58 	6.41 	
2.38 	6.74 	
2.61 	7.09 	
2.74 	6.10 	
3.96 	6.25 	
3.25 	6.12 	
2.32 	6.57 	
2.57 	5.45 	
2.08 	4.98 	
2.14 	4.85 	
2.76 	5.05 	
2.67 	5.56 	
2.83 	3.54 	
3.07 	4.47 	
2.66 	4.13 	
2.70 	5.09 	
3.69 	4.08 	
2.92 	3.86 	
2.43 	4.46 	
3.09 	4.88 	
2.56 	4.99 	
2.56 	5.21 	
2.61 	4.39 	
3.05 	4.25 	
3.00 	4.23 	
2.93 	4.40 	
3.17 	4.08 	
3.38 	4.14 	
2.77 	4.92 	
2.66 	4.66 	
2.73 	5.42 	
2.83 	5.43 	
2.72 	5.30 	
2.54 	4.83 	
2.55 	4.97 	
3.11 	4.88 	
3.19 	5.02 	
3.33 	4.77 	
1.53 	4.62 	
3.60 	5.54 	
2.67 	5.64 	
3.01 	4.80 	
2.55 	4.57 	
3.19 	5.29 	
2.83 	5.66 	
2.75 	5.29 	
2.65 	4.91 	
3.06 	5.03 	
2.99 	6.09 	
2.79 	6.18 	
3.26 	5.60 	
3.20 	5.45 	
2.62 	6.44 	
3.80 	5.04 	
2.83 	4.88 	
3.35 	4.56 	
2.91 	4.40 	
2.38 	4.33 	
2.70 	4.92 	
2.51 	4.80 	
3.35 	5.93 	
2.85 	6.01 	
2.69 	6.06 	
2.44 	5.64 	
2.11 	4.54 	
2.11 	3.95 	
1.86 	5.01 	
1.34 	5.22 	
1.88 	3.97 	
2.97 	5.31 	
2.95 	3.94 	
2.42 	4.24 	
1.64 	3.64 	
2.91 	4.02 	
2.65 	3.85 	
2.70 	4.33 	
3.29 	4.96 	
2.82 	4.28 	
3.11 	3.88 	
3.07 	3.84 	
3.07 	4.19 	
2.85 	4.03 	
3.27 	4.37 	
3.55 	4.55 	
2.97 	4.03 	
2.70 	4.29 	
2.96 	5.11 	
3.26 	4.64 	
2.77 	3.99 	
2.65 	3.95 	
3.02 	4.66 	
2.28 	4.73 	
2.14 	5.45 	
2.47 	3.88 	
2.32 	5.29 	
2.11 	4.41 	
2.35 	4.22 	
2.47 	4.51 	
2.41 	4.35 	
2.45 	3.91 	
1.88 	5.33 	
1.58 	5.19 	
2.46 	5.08 	
1.47 	5.95 	
1.02 	4.24 	
1.64 	5.36 	
1.64 	4.80 	
1.11 	6.03 	
1.74 	6.07 	
1.81 	5.50 	
1.94 	4.03 	
1.78 	5.00 	
1.76 	4.20 	
1.79 	4.79 	
1.68 	5.47 	
3.24 	3.72 	
3.15 	5.00 	
3.39 	4.19 	
2.87 	4.56 	
3.81 	5.97 	
3.12 	5.62 	
2.97 	5.84 	
3.50 	3.83 	
3.05 	6.42 	
1.89 	5.34 	
1.84 	4.71 	
1.81 	4.80 	
2.34 	5.32 	
2.54 	4.70 	
1.23 	5.49 	
2.57 	5.99 	
2.47 	4.99 	
2.79 	5.11 	
2.30 	5.56 	
2.41 	5.12 	
2.37 	5.08 	
2.85 	4.72 	
2.73 	6.90 	
2.88 	6.17 	
2.70 	5.47 	
1.29 	5.74 	
1.51 	6.49 	
0.78 	5.63 	
0.95 	5.89 	
1.00 	5.72 	
1.03 	4.69 	
1.26 	5.28 	
2.38 	6.47 	
2.28 	6.20 	
1.55 	6.03 	
1.15 	4.65 	
1.18 	5.02 	
1.42 	5.37 	
1.15 	5.72 	
1.21 	6.79 	
0.87 	6.48 	
1.20 	6.39 	
1.07 	7.02 	
1.00 	6.76 	
1.35 	6.60 	
1.77 	6.49 	
1.63 	6.12 	
0.97 	5.79 	
0.90 	5.95 	
1.38 	5.80 	
2.36 	5.72 	
3.85 	5.70 	
4.07 	5.39 	
3.09 	5.95 	
1.59 	6.79 	
1.88 	5.85 	
1.40 	5.97 	
1.96 	5.05 	
2.46 	6.51 	
2.16 	5.33 	
2.47 	4.64 	
3.27 	5.18 	
2.64 	5.52 	
2.97 	5.55 	
2.92 	4.98 	
2.03 	4.39 	
3.52 	5.70 	
3.81 	5.06 	
3.13 	6.03 	
2.97 	4.11 	
3.27 	5.28 	
3.41 	5.29 	
3.51 	5.05 	
3.05 	4.55 	
3.74 	4.65 	
3.72 	5.02 	
4.53 	5.14 	
4.29 	4.23 	
4.65 	4.36 	
3.05 	4.95 	
1.94 	4.17 	
2.57 	4.72 	
2.89 	4.12 	
3.25 	5.20 	
2.53 	5.04 	
3.03 	4.44 	
2.75 	4.33 	
3.27 	4.28 	
3.54 	4.92 	
3.65 	5.22 	
3.91 	5.55 	
2.93 	5.11 	
3.35 	4.43 	
3.30 	4.26 	
3.00 	3.91 	
2.65 	4.31 	
2.75 	3.55 	
2.95 	3.85 	
3.45 	4.87 	
3.74 	4.23 	
4.10 	4.56 	
3.49 	5.53 	
2.31 	5.66 	
2.80 	5.37 	
2.14 	5.58 	
2.63 	5.03 	
2.75 	5.16 	
1.73 	4.76 	
1.43 	4.36 	
3.23 	4.32 	
2.48 	3.98 	
2.53 	3.88 	
3.05 	4.54 	
2.06 	5.23 	
1.66 	3.67 	
2.15 	4.78 	
2.64 	5.51 	
2.62 	5.62 	
2.38 	6.50 	
2.66 	6.49 	
2.55 	6.29 	
2.33 	6.61 	
1.53 	7.20 	
2.08 	6.89 	
1.76 	6.61 	
2.62 	6.51 	
3.00 	6.40 	
3.40 	5.62 	
3.04 	5.46 	
2.85 	6.13 	
3.40 	5.04 	
3.26 	5.27 	
3.74 	5.33 	
3.40 	4.61 	
4.11 	5.37 	
3.36 	5.60 	
3.27 	5.32 	
3.30 	5.69 	
3.17 	4.89 	
3.06 	5.44 	
3.41 	5.65 	
3.36 	5.45 	
2.77 	6.35 	
2.77 	5.96 	
3.32 	6.30 	
3.26 	6.73 	
3.49 	6.33 	
3.02 	6.26 	
3.03 	6.25 	
3.49 	6.24 	
3.17 	6.04 	
3.09 	6.16 	
2.98 	6.88 	
2.92 	6.11 	
3.14 	6.31 	
2.88 	5.66 	
2.90 	6.06 	
2.85 	6.22 	
2.65 	6.29 	
3.01 	6.02 	
2.92 	6.75 	
3.04 	6.59 	
2.99 	5.84 	
2.85 	6.68 	
2.67 	6.70 	
2.84 	6.13 	
2.89 	5.90 	
3.34 	5.22 	
3.13 	6.66 	
3.39 	6.78 	
3.18 	5.92 	
3.31 	6.21 	
3.10 	6.58 	
3.36 	6.26 	
3.15 	6.17 	
3.38 	6.97 	
3.58 	6.23 	
3.56 	6.26 	
3.79 	6.24 	
3.29 	6.50 	
3.10 	6.24 	
3.30 	5.98 	
3.23 	6.14 	
3.65 	7.23 	
3.72 	6.48 	
3.45 	6.46 	
3.62 	6.81 	
3.72 	6.19 	
3.38 	7.37 	
3.56 	6.80 	
3.45 	5.87 	
3.80 	7.00 	
3.33 	6.62 	
3.56 	6.49 	
3.08 	7.03 	
3.13 	5.88 	
3.33 	6.38 	
3.87 	6.46 	
3.35 	6.55 	
3.74 	6.94 	
3.38 	6.77 	
3.95 	6.95 	
4.20 	5.25 	
3.98 	6.53 	
4.14 	6.81 	
3.51 	6.17 	
3.93 	6.29 	
3.60 	6.41 	
3.74 	5.92 	
3.14 	5.96 	
3.31 	4.98 	
3.00 	5.45 	
3.11 	5.65 	
3.74 	5.63 	
3.13 	5.92 	
3.53 	6.66 	
3.35 	5.37 	
3.37 	5.64 	
3.52 	5.32 	
3.38 	5.53 	
2.88 	5.59 	
3.25 	5.65 	
2.99 	5.35 	
3.11 	5.21 	
3.30 	4.37 	
3.89 	4.06 	
3.09 	5.18 	
2.91 	6.54 	
3.27 	6.95 	
3.78 	6.21 	
3.82 	6.34 	
3.41 	6.31 	
3.88 	5.04 	
3.74 	5.80 	
3.19 	4.94 	
3.87 	6.15 	
3.50 	5.92 	
3.96 	6.98 	
3.20 	6.13 	
4.00 	7.25 	
4.03 	6.92 	
4.23 	5.91 	
4.10 	6.06 	
3.59 	6.03 	
3.34 	5.70 	
3.50 	5.91 	
3.91 	5.97 	
3.93 	5.84 	
3.79 	6.36 	
4.54 	6.66 	
4.76 	6.79 	
4.62 	5.88 	
4.47 	5.68 	
5.30 	6.25 	
4.75 	5.54 	
4.62 	5.47 	
4.49 	5.58 	
3.94 	5.92 	
4.42 	4.18 	
5.09 	4.31 	
4.89 	4.39 	
5.23 	3.16 	
5.20 	4.71 	
4.95 	5.54 	
5.05 	5.75 	
4.48 	5.54 	
4.28 	5.04 	
3.89 	5.46 	
2.97 	4.72 	
3.33 	4.69 	
2.95 	4.68 	
2.99 	4.95 	
3.81 	4.56 	
4.40 	5.00 	
4.54 	4.49 	
4.42 	4.98 	
4.41 	5.28 	
4.03 	5.07 	
4.30 	4.81 	
4.24 	3.84 	
3.81 	4.22 	
3.48 	4.67 	
4.45 	4.35 	
4.70 	4.04 	
4.99 	4.30 	
4.67 	4.17 	
4.53 	4.40 	
4.17 	4.49 	
3.99 	4.56 	
3.95 	4.42 	
3.94 	4.87 	
4.02 	5.00 	
3.73 	4.91 	
4.61 	4.47 	
4.29 	5.34 	
4.08 	5.11 	
4.40 	4.91 	
4.18 	5.29 	
4.16 	5.08 	
4.00 	5.55 	
4.14 	4.50 	
3.98 	4.70 	
4.27 	4.83 	
4.26 	4.18 	
4.36 	4.76 	
4.22 	4.51 	
3.17 	4.27 	
3.38 	4.20 	
3.24 	4.54 	
3.50 	4.93 	
3.78 	4.64 	
4.95 	4.11 	
5.06 	4.33 	
3.97 	4.24 	
4.93 	4.66 	
4.84 	4.38 	
5.12 	5.05 	
5.33 	4.72 	
5.60 	4.75 	
5.38 	4.42 	
4.95 	4.19 	
5.51 	4.88 	
5.17 	4.96 	
5.09 	4.09 	
5.42 	4.50 	
5.18 	4.73 	
5.47 	4.20 	
5.90 	5.01 	
4.85 	5.14 	
4.95 	5.06 	
5.06 	4.75 	
5.10 	5.29 	
4.86 	4.87 	
5.09 	5.28 	
5.17 	5.43 	
5.09 	5.35 	
4.87 	5.21 	
4.63 	5.22 	
5.23 	5.10 	
4.73 	4.64 	
4.72 	5.33 	
4.72 	5.25 	
4.79 	4.93 	
4.04 	5.14 	
4.96 	5.06 	
5.63 	5.20 	
5.10 	4.37 	
5.12 	4.79 	
5.15 	4.03 	
4.76 	4.87 	
4.86 	5.05 	
4.86 	5.63 	
4.53 	4.98 	
4.56 	5.23 	
4.84 	4.72 	
5.04 	5.64 	
5.40 	5.70 	
4.86 	6.06 	
4.65 	5.28 	
5.13 	5.35 	
4.75 	5.82 	
4.48 	5.95 	
4.41 	6.27 	
4.32 	6.07 	
4.74 	5.85 	
5.22 	5.76 	
5.04 	5.40 	
4.88 	5.59 	
4.62 	5.85 	
4.82 	5.99 	
5.41 	5.45 	
4.86 	6.02 	
5.33 	6.46 	
5.63 	5.66 	
5.39 	6.07 	
5.39 	5.51 	
5.61 	5.91 	
5.63 	6.82 	
5.30 	5.78 	
5.49 	5.84 	
5.62 	6.07 	
4.96 	5.61 	
4.59 	5.84 	
4.33 	5.88 	
4.69 	5.74 	
4.41 	5.93 	
4.77 	5.47 	
4.64 	5.52 	
5.10 	5.59 	
5.26 	5.40 	
5.29 	5.16 	
5.37 	5.61 	
5.66 	5.59 	
5.05 	5.61 	
5.34 	5.91 	
5.66 	5.35 	
5.33 	5.08 	
5.46 	4.95 	
4.98 	4.97 	
4.38 	5.14 	
4.42 	4.99 	
4.61 	5.04 	
4.35 	5.48 	
4.79 	5.29 	
5.08 	5.77 	
4.91 	5.49 	
4.76 	5.32 	
5.05 	5.78 	
4.76 	5.36 	
5.51 	5.40 	
4.86 	5.79 	
4.84 	5.22 	
4.94 	4.72 	
4.37 	5.29 	
5.13 	5.50 	
5.67 	4.96 	
5.53 	4.93 	
5.12 	5.34 	
5.47 	5.32 	
5.17 	5.22 	
4.87 	4.93 	
4.68 	5.37 	
4.83 	5.14 	
5.76 	5.57 	
5.58 	5.63 	
5.42 	5.52 	
5.19 	5.19 	
5.27 	4.61 	
5.14 	5.28 	
5.34 	5.09 	
5.44 	5.86 	
5.67 	5.63 	
5.53 	5.32 	
5.13 	5.66 	
5.20 	5.52 	
5.47 	6.00 	
5.20 	5.76 	
5.56 	7.22 	
5.80 	6.18 	
6.24 	5.45 	
5.64 	5.04 	
5.53 	5.58 	
5.45 	5.49 	
5.51 	4.92 	
5.53 	4.98 	
4.35 	4.76 	
4.75 	4.72 	
4.82 	4.52 	
3.93 	4.31 	
4.50 	4.40 	
4.75 	4.38 	
4.97 	4.19 	
4.46 	4.56 	
4.24 	4.50 	
4.32 	4.39 	
4.84 	4.31 	
4.81 	4.06 	
4.70 	5.07 	
5.19 	4.81 	
4.93 	4.40 	
4.77 	4.12 	
5.28 	4.40 	
5.32 	3.93 	
5.12 	4.62 	
4.81 	4.72 	
4.99 	4.39 	
4.36 	4.64 	
4.20 	4.80 	
4.72 	4.36 	
4.97 	4.63 	
5.03 	5.45 	
5.03 	5.16 	
4.88 	4.94 	
5.43 	4.89 	
5.25 	5.02 	
5.14 	4.90 	
5.01 	4.48 	
5.32 	4.51 	
4.87 	4.49 	
4.42 	5.07 	
4.91 	5.11 	
4.34 	5.14 	
5.11 	4.99 	
4.86 	5.76 	
4.47 	4.94 	
4.61 	5.23 	
5.07 	5.27 	
4.95 	5.08 	
4.79 	4.97 	
4.36 	5.24 	
4.53 	4.99 	
4.86 	4.32 	
5.32 	3.89 	
4.82 	4.04 	
5.08 	3.72 	
4.47 	4.03 	
5.35 	4.13 	
5.17 	3.76 	
4.24 	3.61 	
4.82 	3.89 	
4.99 	3.83 	
4.75 	3.62 	
5.15 	4.15 	
4.15 	3.95 	
4.30 	3.45 	
4.08 	4.05 	
5.17 	4.09 	
4.84 	3.75 	
4.38 	4.79 	
4.46 	3.82 	
5.18 	4.72 	
4.76 	5.50 	
4.83 	5.12 	
4.78 	5.11 	
3.99 	5.28 	
4.14 	4.85 	
4.57 	5.42 	
3.77 	6.52 	
4.13 	5.89 	
4.68 	6.06 	
4.95 	5.52 	
4.72 	4.73 	
4.66 	3.40 	
4.68 	4.32 	
4.94 	3.32 	
4.66 	3.85 	
5.20 	4.24 	
5.09 	3.88 	
4.89 	3.91 	
4.69 	3.88 	
4.84 	3.60 	
5.06 	2.92 	
5.04 	3.95 	
4.85 	3.80 	
4.82 	4.03 	
4.94 	4.38 	
5.20 	4.42 	
4.24 	4.28 	
5.21 	4.12 	
5.08 	4.37 	
4.25 	4.61 	
4.73 	4.18 	
5.01 	4.04 	
4.67 	4.51 	
4.90 	4.28 	
5.08 	3.82 	
5.19 	3.94 	
5.70 	4.50 	
5.12 	3.90 	
5.04 	4.18 	
5.06 	3.96 	
5.37 	4.24 	
4.89 	4.00 	
5.31 	4.53 	
5.12 	4.91 	
5.00 	6.48 	
4.76 	6.33 	
4.56 	6.99 	
5.18 	6.97 	
5.03 	5.72 	
5.85 	6.34 	
5.41 	5.96 	
5.47 	6.13 	
5.33 	6.29 	
5.36 	6.49 	
5.91 	6.26 	
5.23 	5.44 	
4.99 	5.33 	
4.94 	5.23 	
4.83 	4.90 	
5.36 	5.46 	
5.50 	5.07 	
4.41 	5.73 	
5.19 	6.09 	
5.61 	5.82 	
5.36 	6.16 	
5.26 	5.48 	
5.25 	5.81 	
5.22 	5.09 	
5.26 	6.50 	
4.98 	6.31 	
5.32 	6.21 	
5.25 	5.98 	
5.00 	5.83 	
5.05 	5.70 	
5.61 	6.57 	
4.42 	5.79 	
4.76 	5.54 	
4.73 	6.28 	
4.97 	5.20 	
4.88 	4.92 	
4.63 	5.83 	
4.91 	5.76 	
4.61 	6.24 	
5.20 	6.24 	
4.63 	6.21 	
4.68 	7.07 	
4.41 	6.75 	
4.74 	6.20 	
4.28 	6.71 	
4.48 	6.29 	
4.86 	6.70 	
4.57 	5.94 	
4.56 	6.65 	
4.90 	6.04 	
4.55 	6.26 	
4.78 	6.27 	
4.72 	6.63 	
4.64 	6.27 	
4.64 	5.79 	
4.53 	5.29 	
4.88 	5.57 	
5.09 	5.86 	
4.48 	6.36 	
5.01 	5.91 	
4.93 	5.41 	
4.84 	5.57 	
4.10 	6.04 	
4.02 	6.26 	
4.14 	6.73 	
4.33 	5.70 	
5.38 	5.45 	
5.13 	5.88 	
5.05 	5.48 	
4.79 	5.50 	
4.82 	6.21 	
4.70 	5.96 	
4.71 	5.70 	
5.29 	6.51 	
5.16 	6.15 	
5.38 	5.98 	
5.46 	5.65 	
5.27 	5.96 	
5.40 	5.07 	
4.40 	5.54 	
5.07 	6.45 	
5.03 	5.22 	
5.45 	5.89 	
4.84 	6.02 	
5.27 	5.49 	
4.92 	5.67 	
4.57 	5.21 	
5.33 	5.72 	
5.33 	5.82 	
4.95 	5.56 	
4.95 	5.46 	
4.96 	6.63 	
5.02 	6.78 	
5.36 	6.61 	
5.39 	6.56 	
5.10 	6.58 	
5.29 	5.85 	
5.52 	6.16 	
5.03 	6.07 	
5.47 	6.28 	
4.62 	6.13 	
4.85 	6.31 	
4.34 	7.04 	
5.10 	6.90 	
4.77 	7.28 	
5.41 	7.40 	
5.21 	6.51 	
4.76 	6.48 	
4.76 	6.13 	
5.28 	6.16 	
4.66 	6.40 	
4.95 	6.24 	
4.88 	6.43 	
4.68 	6.21 	
5.02 	5.87 	
4.72 	5.98 	
5.33 	5.31 	
5.12 	6.46 	
5.04 	6.46 	
5.03 	6.64 	
5.17 	6.70 	
5.84 	6.80 	
5.49 	6.90 	
5.22 	6.00 	
5.29 	6.36 	
4.69 	6.51 	
5.25 	5.50 	
5.06 	4.86 	
5.40 	5.32 	
4.51 	5.20 	
4.80 	6.20 	
5.21 	5.39 	
5.39 	5.13 	
5.26 	5.53 	
5.33 	5.64 	
5.11 	6.04 	
5.10 	6.79 	
4.99 	6.25 	
5.07 	5.91 	
5.03 	5.51 	
5.53 	6.20 	
5.27 	5.64 	
4.75 	5.46 	
5.09 	5.32 	
4.93 	5.23 	
4.15 	5.54 	
4.46 	5.17 	
4.50 	5.12 	
5.23 	5.31 	
4.84 	5.95 	
4.62 	5.24 	
4.60 	5.45 	
4.46 	5.37 	
4.40 	4.42 	
4.22 	4.86 	
4.36 	4.82 	
3.95 	4.83 	
5.10 	5.12 	
4.66 	5.53 	
4.76 	5.39 	
4.74 	4.80 	
4.16 	5.03 	
4.55 	5.79 	
3.80 	5.24 	
4.15 	5.63 	
4.18 	4.29 	
4.14 	5.79 	
4.41 	4.66 	
4.65 	4.11 	
4.76 	4.11 	
4.72 	3.71 	
4.72 	5.01 	
4.91 	5.24 	
4.79 	5.70 	
5.00 	5.51 	
4.03 	5.21 	
3.97 	4.53 	
4.44 	5.07 	
4.65 	5.35 	
4.28 	5.28 	
4.64 	4.97 	
4.11 	5.38 	
4.44 	5.23 	
3.46 	5.45 	
3.83 	5.40 	
4.68 	5.85 	
4.69 	5.73 	
4.76 	5.66 	
5.08 	5.71 	
5.30 	5.49 	
4.90 	5.55 	
5.20 	5.20 	
4.98 	4.57 	
5.59 	5.37 	
5.75 	4.79 	
5.45 	4.54 	
5.73 	5.50 	
5.40 	5.35 	
5.36 	5.72 	
4.71 	5.71 	
4.44 	5.21 	
4.97 	5.84 	
5.03 	6.01 	
4.95 	5.76 	
5.08 	4.89 	
4.58 	5.69 	
4.52 	5.89 	
4.65 	6.01 	
5.02 	5.59 	
4.99 	6.00 	
4.85 	5.22 	
4.29 	5.83 	
4.96 	6.06 	
4.58 	6.04 	
3.81 	5.71 	
4.19 	5.52 	
4.17 	5.77 	
4.29 	6.11 	
4.54 	6.69 	
4.66 	6.59 	
4.61 	6.38 	
4.69 	6.15 	
4.11 	5.98 	
3.71 	6.59 	
3.85 	6.79 	
4.58 	6.37 	
4.25 	6.37 	
4.53 	5.84 	
5.09 	6.36 	
5.35 	6.19 	
5.50 	6.45 	
5.20 	6.77 	
4.92 	6.69 	
5.52 	6.15 	
5.16 	6.24 	
5.65 	6.40 	
5.19 	6.96 	
5.14 	6.30 	
5.44 	6.01 	
4.54 	6.34 	
5.01 	6.72 	
4.40 	5.98 	
4.63 	6.67 	
5.17 	7.04 	
4.27 	7.22 	
4.69 	7.47 	
5.37 	7.36 	
5.23 	7.57 	
5.05 	7.09 	
4.58 	6.52 	
5.45 	7.58 	
4.58 	7.23 	
5.09 	6.60 	
5.08 	6.48 	
4.47 	5.91 	
4.87 	6.46 	
5.11 	6.66 	
5.07 	6.21 	
5.13 	6.02 	
5.21 	6.45 	
5.07 	7.12 	
5.13 	6.55 	
4.74 	6.55 	
4.75 	6.41 	
4.87 	7.12 	
5.41 	7.12 	
5.04 	7.27 	
5.09 	7.02 	
5.40 	7.05 	
5.62 	6.65 	
5.17 	7.08 	
4.67 	6.76 	
4.73 	7.11 	
5.28 	6.47 	
4.95 	6.92 	
5.22 	6.72 	
4.75 	7.09 	
3.71 	6.64 	
3.46 	6.55 	
3.64 	6.05 	
4.17 	6.45 	
4.07 	7.30 	
4.61 	7.63 	
4.95 	5.22 	
4.89 	3.84 	
5.10 	4.37 	
4.43 	3.17 	
4.98 	4.82 	
4.42 	4.13 	
5.20 	3.02 	
5.12 	3.55 	
4.57 	3.38 	
5.16 	4.80 	
5.34 	3.90 	
4.59 	5.08 	
4.84 	4.88 	
4.61 	4.41 	
5.12 	3.80 	
5.49 	4.08 	
4.88 	4.86 	
4.87 	4.81 	
4.43 	4.71 	
4.41 	3.72 	
4.74 	3.81 	
4.56 	4.04 	
4.82 	4.34 	
4.83 	4.23 	
4.52 	3.95 	
4.73 	3.82 	
4.90 	5.25 	
5.12 	4.99 	
4.72 	4.97 	
5.29 	5.05 	
5.03 	4.93 	
4.79 	5.07 	
4.41 	4.92 	
4.86 	4.94 	
4.42 	4.85 	
4.74 	4.13 	
4.28 	4.98 	
4.83 	4.21 	
5.27 	4.21 	
4.50 	4.48 	
4.42 	4.33 	
4.71 	4.56 	
4.69 	3.63 	
5.06 	3.95 	
4.99 	3.51 	
4.03 	3.92 	
4.58 	4.07 	
5.61 	4.12 	
4.52 	3.94 	
4.74 	4.23 	
4.21 	4.10 	
4.81 	4.42 	
3.74 	4.12 	
4.19 	4.30 	
4.52 	3.64 	
4.25 	3.32 	
4.67 	3.65 	
5.35 	3.05 	
5.17 	3.14 	
5.44 	3.27 	
5.45 	4.20 	
4.25 	3.05 	
5.40 	3.98 	
5.18 	3.94 	
5.40 	4.00 	
4.23 	3.86 	
5.12 	4.65 	
4.70 	4.29 	
5.37 	3.99 	
4.93 	4.19 	
4.79 	4.10 	
4.64 	4.43 	
4.56 	4.24 	
4.72 	3.90 	
3.86 	3.98 	
3.45 	3.74 	
4.20 	4.11 	
4.24 	4.75 	
4.75 	3.89 	
4.92 	4.27 	
4.52 	4.54 	
4.70 	4.04 	
4.57 	3.82 	
4.48 	3.97 	
4.66 	4.63 	
4.62 	4.25 	
4.47 	4.12 	
4.73 	4.04 	
4.14 	4.08 	
4.54 	4.17 	
5.01 	4.34 	
5.11 	4.19 	
3.90 	4.71 	
4.10 	4.36 	
4.34 	4.22 	
4.74 	4.25 	
4.52 	4.38 	
4.25 	4.46 	
4.41 	4.02 	
4.61 	4.17 	
4.42 	4.06 	
5.06 	3.66 	
5.11 	3.63 	
4.49 	3.50 	
4.70 	3.06 	
3.87 	3.71 	
4.27 	3.87 	
4.35 	3.59 	
5.64 	3.63 	
5.03 	3.85 	
4.61 	4.04 	
5.17 	3.88 	
5.49 	4.21 	
5.27 	4.28 	
5.34 	4.55 	
4.96 	4.28 	
4.83 	4.37 	
4.09 	4.31 	
5.46 	4.33 	
5.65 	4.41 	
5.00 	4.35 	
4.41 	4.59 	
4.11 	4.23 	
4.43 	3.93 	
4.52 	3.76 	
4.04 	3.96 	
3.70 	4.18 	
3.74 	4.28 	
3.25 	4.00 	
4.18 	3.78 	
4.38 	3.93 	
3.81 	4.14 	
4.90 	4.72 	
4.85 	4.11 	
5.14 	3.90 	
5.34 	4.28 	
4.41 	3.97 	
5.21 	3.94 	
4.60 	3.81 	
5.30 	3.77 	
5.15 	4.01 	
4.63 	4.16 	
5.11 	4.10 	
5.09 	3.78 	
4.84 	4.09 	
5.43 	3.86 	
5.24 	4.17 	
4.90 	3.94 	
5.48 	3.67 	
4.53 	4.53 	
4.76 	4.46 	
4.69 	5.17 	
4.64 	4.29 	
5.25 	4.39 	
4.78 	4.28 	
5.21 	4.13 	
5.43 	4.51 	
5.26 	4.05 	
5.10 	3.84 	
5.67 	4.98 	
5.64 	4.09 	
5.53 	4.33 	
6.05 	5.01 	
5.46 	5.21 	
5.46 	4.91 	
5.64 	4.53 	
5.63 	4.46 	
6.11 	3.40 	
5.81 	4.00 	
5.73 	4.38 	
5.12 	4.25 	
5.09 	4.35 	
4.79 	4.75 	
5.13 	4.89 	
5.62 	4.65 	
5.33 	5.44 	
5.45 	4.78 	
5.37 	4.05 	
5.06 	3.95 	
5.39 	5.21 	
5.48 	4.38 	
5.81 	4.53 	
5.42 	4.58 	
5.24 	4.03 	
5.10 	4.40 	
5.28 	4.61 	
5.08 	4.32 	
5.02 	5.19 	
5.41 	5.44 	
5.60 	5.25 	
5.39 	5.04 	
5.16 	5.25 	
5.40 	4.99 	
5.62 	5.01 	
4.54 	4.79 	
5.23 	4.59 	
5.16 	4.95 	
5.52 	4.45 	
4.98 	4.37 	
5.00 	4.35 	
5.78 	5.29 	
5.11 	5.13 	
5.78 	5.13 	
5.67 	5.28 	
5.30 	5.20 	
5.32 	5.32 	
5.73 	5.39 	
5.01 	5.26 	
5.18 	5.33 	
5.29 	4.95 	
5.34 	5.19 	
5.59 	5.35 	
5.49 	5.24 	
5.42 	5.79 	
5.75 	5.32 	
5.06 	5.14 	
5.08 	5.37 	
5.70 	5.27 	
5.21 	5.32 	
4.77 	4.77 	
5.26 	5.50 	
4.77 	5.50 	
4.60 	5.88 	
4.58 	5.59 	
4.70 	5.26 	
4.91 	4.63 	
5.44 	5.34 	
5.71 	5.36 	
5.38 	5.53 	
5.23 	5.06 	
5.51 	5.07 	
4.43 	5.13 	
4.91 	4.64 	
5.25 	4.98 	
5.07 	5.06 	
4.24 	4.92 	
4.61 	5.30 	
5.12 	4.63 	
5.55 	5.61 	
4.71 	5.23 	
4.69 	5.37 	
4.27 	5.32 	
3.79 	5.93 	
3.85 	5.43 	
4.05 	5.31 	
4.23 	5.01 	
4.05 	5.26 	
4.07 	5.44 	
4.30 	5.57 	
4.16 	6.08 	
4.15 	5.77 	
4.10 	5.40 	
4.17 	5.66 	
4.57 	5.68 	
4.41 	4.92 	
4.72 	5.50 	
4.59 	5.23 	
4.32 	5.34 	
4.80 	5.23 	
4.27 	5.54 	
3.89 	5.68 	
4.51 	5.66 	
4.56 	5.24 	
4.65 	5.42 	
4.69 	5.50 	
4.40 	5.23 	
4.23 	5.43 	
4.09 	5.66 	
4.47 	5.59 	
5.02 	5.42 	
4.54 	5.55 	
4.79 	5.45 	
5.02 	5.69 	
4.64 	5.84 	
4.73 	5.76 	
4.43 	4.87 	
5.22 	5.68 	
4.88 	5.25 	
4.83 	5.70 	
4.41 	5.61 	
4.66 	5.28 	
4.37 	5.21 	
4.26 	5.40 	
4.18 	5.71 	
4.04 	5.45 	
4.11 	5.41 	
4.83 	5.63 	
4.24 	4.95 	
5.25 	5.01 	
5.35 	4.60 	
5.45 	5.63 	
5.26 	5.43 	
5.64 	5.65 	
4.70 	5.11 	
4.42 	5.27 	
3.71 	5.17 	
3.52 	5.83 	
4.95 	5.51 	
4.48 	5.43 	
4.62 	5.37 	
3.96 	5.31 	
4.68 	5.20 	
4.47 	5.25 	
3.96 	5.40 	
5.15 	5.44 	
4.12 	5.67 	
3.72 	5.47 	
4.30 	5.26 	
4.67 	5.31 	
4.75 	5.25 	
4.33 	5.73 	
4.70 	5.04 	
5.40 	4.66 	
4.95 	4.44 	
5.40 	4.35 	
5.51 	4.31 	
5.29 	4.47 	
4.77 	4.60 	
4.89 	4.72 	
4.76 	5.60 	
4.40 	5.44 	
4.42 	5.50 	
4.29 	5.80 	
4.52 	5.73 	
4.08 	5.63 	
4.44 	5.35 	
4.30 	5.51 	
4.48 	5.74 	
4.80 	5.87 	
4.38 	5.80 	
4.16 	5.44 	
4.34 	5.21 	
4.35 	5.07 	
4.37 	5.40 	
4.51 	5.15 	
4.39 	5.18 	
4.11 	5.28 	
4.67 	5.35 	
4.26 	5.25 	
4.64 	5.26 	
4.10 	5.34 	
4.22 	5.38 	
4.39 	5.39 	
4.31 	5.39 	
4.09 	5.38 	
4.64 	5.20 	
4.07 	5.34 	
4.46 	6.04 	
4.63 	5.49 	
5.05 	5.12 	
4.81 	5.45 	
5.20 	5.62 	
4.55 	5.09 	
4.83 	5.40 	
4.47 	5.19 	
4.48 	5.84 	
4.55 	5.43 	
4.41 	5.29 	
4.74 	5.44 	
4.87 	4.84 	
4.76 	4.96 	
4.72 	4.79 	
4.38 	5.40 	
5.29 	4.68 	
4.43 	5.21 	
4.20 	5.54 	
4.80 	5.09 	
4.95 	5.31 	
4.62 	5.30 	
4.69 	5.17 	
4.52 	5.07 	
4.69 	5.30 	
4.54 	5.32 	
4.37 	5.04 	
5.21 	5.26 	
5.30 	5.30 	
4.91 	5.59 	
4.71 	4.98 	
4.71 	5.02 	
5.10 	4.88 	
4.49 	5.08 	
4.65 	5.11 	
4.80 	5.00 	
4.62 	5.27 	
4.49 	5.23 	
4.75 	5.19 	
4.70 	5.47 	
4.31 	5.05 	
4.20 	5.21 	
4.32 	4.86 	
4.67 	4.30 	
4.20 	4.21 	
4.21 	5.24 	
3.96 	5.37 	
4.22 	5.12 	
4.60 	4.82 	
4.24 	4.95 	
4.44 	5.13 	
5.05 	5.27 	
4.82 	5.10 	
4.50 	4.88 	
4.46 	5.37 	
4.75 	4.81 	
4.74 	5.02 	
4.63 	4.95 	
4.27 	5.44 	
4.55 	5.23 	
4.78 	5.50 	
4.87 	5.17 	
4.76 	5.28 	
4.34 	5.22 	
4.52 	5.03 	
4.95 	5.06 	
4.28 	5.18 	
4.91 	5.45 	
4.71 	5.31 	
4.12 	5.58 	
4.83 	5.64 	
4.60 	5.73 	
5.66 	5.42 	
4.70 	4.87 	
4.86 	5.28 	
5.20 	5.25 	
5.20 	5.26 	
5.56 	5.04 	
4.70 	4.83 	
4.52 	5.17 	
4.16 	4.88 	
4.13 	5.10 	
4.58 	4.84 	
4.20 	4.90 	
3.92 	4.54 	
4.29 	5.03 	
4.63 	4.79 	
5.26 	5.15 	
4.47 	5.20 	
4.14 	5.11 	
3.78 	4.76 	
3.89 	5.02 	
3.86 	4.92 	
3.81 	5.06 	
5.03 	4.89 	
5.18 	4.78 	
4.38 	4.95 	
4.45 	4.67 	
4.79 	5.13 	
4.24 	5.02 	
4.93 	5.00 	
5.99 	5.38 	
5.69 	5.38 	
6.05 	4.85 	
5.90 	5.54 	
4.92 	5.93 	
4.84 	4.86 	
5.35 	5.18 	
4.98 	4.87 	
4.89 	4.62 	
4.98 	4.71 	
5.15 	5.91 	
5.05 	5.83 	
4.63 	5.73 	
4.55 	4.63 	
4.34 	4.74 	
5.04 	5.35 	
4.76 	4.82 	
5.04 	5.48 	
4.91 	5.14 	
4.92 	4.88 	
4.64 	5.00 	
4.61 	4.80 	
5.21 	5.71 	
4.46 	4.58 	
4.22 	4.82 	
5.08 	4.90 	
4.30 	4.52 	
5.33 	4.23 	
5.10 	5.47 	
4.33 	4.58 	
4.88 	4.43 	
4.65 	3.74 	
4.41 	4.01 	
4.15 	4.11 	
4.60 	4.21 	
5.32 	4.55 	
4.92 	5.18 	
4.94 	4.95 	
5.15 	4.88 	
4.70 	4.74 	
4.80 	5.09 	
4.92 	4.54 	
4.44 	5.24 	
4.39 	4.68 	
4.29 	4.34 	
4.53 	4.48 	
4.69 	4.15 	
3.91 	4.55 	
3.88 	4.17 	
4.40 	4.08 	
4.56 	4.57 	
4.49 	4.43 	
4.81 	4.13 	
4.07 	4.44 	
4.69 	4.31 	
4.86 	4.68 	
4.65 	4.59 	
4.71 	4.50 	
4.07 	4.48 	
4.37 	4.81 	
4.21 	4.44 	
5.05 	4.30 	
4.12 	4.20 	
4.12 	3.90 	
4.29 	4.51 	
5.10 	4.04 	
4.15 	4.15 	
4.47 	4.37 	
3.91 	4.85 	
4.52 	4.15 	
4.23 	4.51 	
3.54 	5.07 	
4.02 	4.82 	
4.31 	4.84 	
4.17 	4.73 	
4.04 	5.18 	
4.06 	5.26 	
4.42 	5.09 	
4.07 	4.46 	
4.60 	4.12 	
4.82 	4.18 	
4.59 	4.04 	
4.73 	4.23 	
4.34 	4.18 	
3.19 	4.26 	
4.00 	4.24 	
4.90 	4.12 	
4.55 	4.45 	
3.94 	3.70 	
3.97 	3.92 	
4.16 	3.54 	
4.54 	3.92 	
4.04 	4.52 	
4.24 	3.60 	
4.09 	3.76 	
4.52 	4.77 	
4.05 	5.07 	
4.01 	4.25 	
4.18 	4.31 	
3.68 	5.19 	
4.04 	3.32 	
3.58 	4.19 	
3.83 	5.32 	
3.66 	5.40 	
3.76 	5.38 	
3.95 	4.09 	
3.81 	4.92 	
4.07 	5.35 	
4.35 	3.26 	
4.21 	3.30 	
4.16 	3.06 	
4.53 	3.49 	
4.30 	3.34 	
4.60 	2.91 	
4.33 	3.49 	
4.15 	3.13 	
4.13 	3.59 	
4.44 	3.95 	
4.49 	3.85 	
3.98 	3.55 	
3.97 	3.76 	
4.42 	3.76 	
3.98 	3.71 	
4.27 	3.78 	
4.23 	3.71 	
3.28 	3.26 	
4.02 	3.17 	
4.80 	3.61 	
4.21 	3.38 	
3.92 	3.39 	
4.51 	3.84 	
4.27 	3.39 	
4.26 	3.89 	
4.21 	3.45 	
4.29 	3.70 	
4.24 	3.79 	
4.46 	3.49 	
3.90 	3.52 	
3.85 	3.69 	
3.76 	3.52 	
3.92 	3.78 	
4.07 	3.53 	
4.35 	3.54 	
4.29 	3.38 	
4.46 	3.18 	
4.20 	3.11 	
4.33 	3.13 	
4.18 	3.00 	
4.05 	2.97 	
4.28 	3.34 	
3.42 	3.15 	
3.79 	3.48 	
3.84 	3.46 	
3.90 	3.50 	
3.97 	3.58 	
3.99 	3.67 	
4.35 	3.61 	
4.14 	3.42 	
3.92 	3.52 	
3.88 	3.37 	
4.08 	3.60 	
4.52 	3.34 	
4.27 	3.17 	
3.93 	3.22 	
3.65 	3.20 	
3.81 	3.42 	
3.68 	3.42 	
3.94 	3.44 	
3.84 	2.93 	
4.31 	3.47 	
3.78 	3.50 	
3.82 	3.64 	
4.09 	3.21 	
4.58 	3.22 	
4.30 	3.23 	
4.11 	3.73 	
4.18 	3.53 	
4.19 	3.40 	
3.88 	3.61 	
3.34 	3.30 	
3.22 	3.02 	
3.22 	3.35 	
2.99 	3.25 	
3.17 	3.55 	
3.38 	3.18 	
3.03 	3.31 	
4.34 	3.28 	
3.54 	3.14 	
2.80 	3.40 	
4.19 	3.37 	
3.34 	3.25 	
3.45 	3.34 	
3.07 	3.16 	
3.23 	3.52 	
4.21 	3.54 	
5.28 	3.42 	
5.41 	3.97 	
3.34 	3.44 	
3.29 	3.35 	
3.33 	3.03 	
3.39 	3.58 	
3.93 	3.67 	
4.09 	3.55 	
3.97 	3.57 	
4.23 	3.67 	
3.95 	3.35 	
4.07 	3.53 	
3.88 	3.47 	
3.65 	3.18 	
3.59 	3.39 	
4.04 	3.49 	
4.03 	3.31 	
4.19 	3.42 	
3.85 	3.69 	
3.68 	3.38 	
3.69 	3.45 	
3.81 	3.67 	
3.18 	3.76 	
3.35 	3.69 	
3.28 	3.70 	
3.00 	3.48 	
2.16 	3.02 	
2.32 	3.51 	
3.32 	3.35 	
4.19 	3.44 	
2.80 	3.25 	
2.95 	3.22 	
3.50 	3.33 	
3.65 	3.30 	
3.46 	2.90 	
3.38 	3.11 	
3.89 	3.08 	
3.87 	3.25 	
3.58 	3.39 	
3.86 	3.21 	
3.62 	3.42 	
3.53 	3.24 	
3.91 	3.45 	
3.62 	3.39 	
3.25 	3.40 	
3.77 	3.19 	
3.76 	3.09 	
3.92 	3.47 	
3.54 	3.37 	
3.80 	3.60 	
3.38 	3.20 	
3.28 	3.39 	
3.69 	3.25 	
3.69 	3.16 	
3.54 	3.03 	
3.14 	3.18 	
3.67 	2.98 	
3.58 	3.85 	
3.24 	3.06 	
3.79 	3.50 	
3.30 	3.54 	
3.41 	3.50 	
3.50 	3.32 	
3.11 	3.60 	
3.50 	3.16 	
3.39 	3.58 	
2.89 	3.05 	
3.16 	3.49 	
3.02 	3.46 	
3.06 	3.41 	
3.42 	3.39 	
3.33 	3.45 	
3.20 	3.42 	
3.14 	3.86 	
2.94 	3.44 	
2.76 	3.40 	
2.23 	2.92 	
2.72 	2.83 	
2.96 	2.78 	
2.75 	2.99 	
2.70 	3.14 	
2.49 	3.17 	
3.17 	3.16 	
3.09 	2.98 	
1.98 	2.88 	
2.24 	3.02 	
2.07 	3.24 	
2.37 	3.49 	
2.41 	4.03 	
1.57 	3.82 	
2.09 	3.79 	
2.26 	3.02 	
2.25 	4.09 	
2.23 	3.34 	
2.18 	3.18 	
1.93 	3.29 	
2.23 	3.99 	
1.94 	3.32 	
1.36 	2.89 	
1.63 	3.71 	
0.97 	3.86 	
0.98 	3.95 	
1.82 	4.14 	
2.79 	4.26 	
2.76 	4.30 	
2.77 	4.05 	
2.04 	3.80 	
2.22 	4.09 	
2.26 	4.07 	
2.38 	3.83 	
2.42 	4.38 	
2.64 	5.10 	
3.38 	4.88 	
3.56 	4.29 	
3.15 	3.86 	
4.25 	3.92 	
3.15 	4.71 	
3.23 	4.30 	
3.18 	4.07 	
3.64 	4.24 	
2.22 	3.77 	
3.00 	3.42 	
3.09 	3.99 	
3.06 	3.94 	
3.32 	4.24 	
3.70 	4.55 	
3.33 	3.95 	
3.21 	4.64 	
3.13 	4.63 	
3.47 	4.72 	
3.27 	4.20 	
3.20 	4.25 	
3.22 	4.41 	
2.79 	3.79 	
3.39 	4.33 	
2.60 	4.62 	
2.23 	4.36 	
2.77 	4.12 	
3.03 	4.45 	
3.12 	4.13 	
2.92 	4.39 	
2.85 	3.72 	
2.90 	4.37 	
1.91 	3.90 	
2.02 	3.67 	
2.47 	3.74 	
2.51 	3.10 	
2.59 	3.89 	
2.75 	3.27 	
2.62 	3.13 	
2.87 	3.38 	
2.51 	2.73 	
2.79 	4.11 	
2.54 	4.39 	
2.54 	4.35 	
2.42 	4.22 	
2.61 	4.05 	
3.05 	4.25 	
2.89 	4.03 	
2.80 	3.94 	
2.41 	3.78 	
2.48 	4.67 	
2.91 	4.36 	
2.72 	4.56 	
2.46 	5.05 	
2.06 	4.97 	
1.44 	5.07 	
2.91 	4.75 	
2.44 	4.75 	
2.57 	4.99 	
2.58 	5.06 	
3.41 	5.08 	
3.35 	5.08 	
3.50 	4.77 	
4.60 	4.84 	
4.24 	4.60 	
3.79 	4.35 	
4.08 	4.93 	
4.11 	4.53 	
4.19 	4.45 	
4.04 	5.01 	
3.97 	4.36 	
4.14 	4.64 	
4.03 	4.72 	
4.11 	4.52 	
3.96 	4.62 	
3.72 	5.00 	
4.07 	4.76 	
4.16 	4.13 	
3.79 	4.43 	
3.89 	4.92 	
4.02 	4.44 	
3.53 	4.63 	
3.86 	4.28 	
3.71 	4.46 	
3.49 	4.71 	
3.90 	5.03 	
4.01 	4.54 	
4.05 	4.55 	
3.47 	4.97 	
3.77 	4.31 	
3.71 	4.93 	
4.22 	5.33 	
3.88 	5.40 	
4.00 	5.09 	
3.75 	5.00 	
3.69 	4.78 	
3.84 	4.23 	
3.51 	5.44 	
3.77 	5.21 	
3.74 	4.69 	
4.13 	4.99 	
3.97 	4.51 	
3.38 	4.86 	
4.18 	5.12 	
3.91 	4.85 	
3.93 	5.26 	
4.29 	4.65 	
3.82 	4.99 	
3.85 	4.57 	
3.86 	5.32 	
3.97 	4.85 	
3.94 	5.01 	
4.13 	5.79 	
3.87 	5.80 	
3.98 	5.57 	
3.99 	5.39 	
3.76 	4.99 	
4.09 	5.18 	
3.76 	4.94 	
3.73 	5.08 	
4.17 	4.68 	
3.84 	5.27 	
4.26 	5.19 	
4.59 	4.70 	
4.10 	4.22 	
4.18 	4.72 	
4.04 	4.51 	
4.06 	5.08 	
3.87 	5.28 	
4.07 	5.31 	
3.84 	5.24 	
3.83 	4.96 	
3.67 	5.26 	
3.74 	4.61 	
3.69 	4.91 	
4.10 	5.08 	
4.11 	5.06 	
4.47 	5.31 	
3.95 	5.38 	
4.08 	4.83 	
4.33 	5.30 	
4.32 	5.64 	
3.80 	5.26 	
3.82 	5.16 	
3.95 	4.70 	
4.56 	4.61 	
3.72 	4.34 	
4.32 	3.80 	
4.02 	3.59 	
3.76 	4.10 	
3.89 	3.96 	
4.01 	3.91 	
4.32 	3.45 	
3.83 	3.26 	
4.60 	4.20 	
4.10 	5.02 	
4.47 	4.77 	
3.86 	4.46 	
3.72 	4.56 	
4.23 	4.57 	
3.95 	4.41 	
3.98 	3.95 	
4.36 	4.43 	
4.29 	4.11 	
4.21 	4.06 	
4.18 	4.38 	
4.84 	4.18 	
4.04 	4.71 	
3.92 	4.40 	
4.29 	4.72 	
3.88 	4.54 	
4.11 	4.40 	
3.90 	3.98 	
4.56 	4.64 	
4.20 	3.84 	
3.91 	4.04 	
4.61 	4.39 	
4.57 	4.28 	
4.39 	4.46 	
3.98 	4.37 	
4.15 	4.63 	
4.60 	4.12 	
4.20 	4.49 	
4.45 	4.81 	
4.37 	4.41 	
4.12 	4.59 	
4.12 	3.77 	
4.39 	4.91 	
4.20 	4.38 	
4.02 	4.55 	
4.07 	4.61 	
4.19 	4.64 	
4.25 	4.86 	
4.60 	4.70 	
4.13 	5.06 	
3.95 	4.68 	
4.37 	4.69 	
4.34 	4.50 	
3.91 	4.85 	
3.88 	4.82 	
3.62 	5.18 	
3.67 	4.59 	
3.83 	5.10 	
3.88 	5.01 	
3.86 	4.92 	
4.03 	5.10 	
3.84 	5.68 	
3.74 	5.36 	
3.81 	5.59 	
3.98 	5.74 	
4.21 	5.77 	
3.82 	5.79 	
3.99 	5.83 	
4.42 	5.72 	
4.01 	5.73 	
4.10 	6.01 	
3.94 	4.66 	
4.37 	3.81 	
4.45 	3.56 	
4.12 	4.12 	
3.99 	4.79 	
4.63 	5.65 	
4.25 	5.52 	
4.19 	5.64 	
4.41 	6.10 	
3.89 	5.53 	
4.06 	5.80 	
4.49 	5.35 	
4.28 	5.39 	
3.84 	5.67 	
4.35 	5.13 	
4.29 	4.94 	
4.42 	3.91 	
3.95 	4.26 	
3.92 	4.28 	
4.11 	4.33 	
4.18 	3.98 	
4.19 	4.55 	
3.81 	3.98 	
3.85 	4.24 	
4.07 	4.31 	
3.74 	4.47 	
4.08 	4.29 	
3.85 	4.18 	
4.02 	4.08 	
4.04 	3.83 	
3.98 	3.92 	
3.97 	3.91 	
4.15 	4.44 	
4.44 	4.24 	
4.30 	4.04 	
3.84 	4.03 	
3.90 	4.51 	
4.20 	4.28 	
4.25 	4.59 	
4.38 	3.79 	
3.83 	4.24 	
4.19 	4.41 	
3.75 	4.58 	
4.29 	4.48 	
4.06 	4.22 	
4.00 	4.11 	
4.28 	4.58 	
4.32 	4.59 	
3.88 	5.23 	
4.15 	5.01 	
4.48 	5.40 	
3.98 	5.23 	
3.67 	5.31 	
3.46 	6.37 	
3.88 	5.75 	
3.46 	5.28 	
3.64 	5.72 	
3.83 	4.93 	
4.10 	5.03 	
3.57 	5.04 	
4.02 	4.72 	
3.59 	5.19 	
3.74 	5.68 	
3.94 	5.42 	
3.79 	5.69 	
4.01 	6.78 	
3.86 	6.23 	
4.08 	5.68 	
4.01 	5.80 	
3.82 	5.58 	
4.38 	5.79 	
3.98 	5.48 	
3.81 	5.18 	
3.85 	5.29 	
3.99 	4.92 	
3.79 	4.84 	
4.30 	4.82 	
4.00 	5.45 	
3.63 	4.86 	
3.74 	5.95 	
3.97 	5.33 	
3.51 	5.42 	
3.70 	5.03 	
4.02 	5.00 	
4.18 	5.06 	
4.10 	4.89 	
3.45 	4.94 	
3.65 	4.09 	
4.24 	5.12 	
3.77 	4.93 	
3.92 	4.58 	
4.08 	4.74 	
3.74 	5.14 	
4.28 	4.51 	
3.86 	4.30 	
4.23 	5.38 	
3.95 	5.61 	
4.48 	4.87 	
4.37 	4.31 	
4.17 	4.74 	
4.13 	5.44 	
4.16 	5.22 	
4.32 	4.55 	
3.79 	3.88 	
4.06 	4.05 	
4.16 	4.38 	
4.01 	4.60 	
4.03 	5.03 	
3.93 	4.42 	
3.53 	5.14 	
4.25 	4.50 	
4.13 	4.24 	
4.05 	5.58 	
4.47 	5.90 	
4.10 	5.11 	
4.31 	5.88 	
4.17 	5.67 	
3.83 	6.09 	
4.19 	5.18 	
4.11 	5.56 	
4.58 	4.84 	
4.32 	5.50 	
4.36 	5.89 	
4.42 	5.17 	
3.77 	5.10 	
4.17 	5.32 	
3.79 	5.45 	
3.84 	6.01 	
4.23 	5.96 	
3.78 	5.62 	
3.31 	5.56 	
3.12 	5.75 	
3.30 	5.57 	
3.34 	5.28 	
3.55 	5.35 	
3.66 	5.73 	
3.58 	4.53 	
3.92 	5.24 	
3.49 	5.00 	
3.66 	5.41 	
3.60 	5.33 	
4.09 	5.93 	
4.19 	4.99 	
3.66 	5.07 	
3.50 	4.90 	
3.97 	4.52 	
3.76 	5.10 	
3.88 	5.47 	
3.78 	5.16 	
3.92 	5.46 	
3.86 	5.59 	
3.92 	4.82 	
3.56 	5.58 	
3.93 	5.91 	
3.82 	5.59 	
3.54 	6.80 	
3.68 	6.23 	
4.13 	6.28 	
3.48 	6.06 	
3.62 	6.25 	
3.41 	7.18 	
3.61 	6.67 	
3.70 	7.79 	
3.52 	6.91 	
3.72 	6.86 	
3.33 	6.14 	
4.17 	5.83 	
3.79 	7.38 	
3.28 	6.11 	
4.10 	7.23 	
3.56 	7.03 	
4.19 	5.60 	
3.86 	5.27 	
4.05 	6.02 	
3.39 	4.98 	
4.10 	5.10 	
3.92 	5.78 	
3.47 	5.14 	
3.62 	5.52 	
3.70 	5.46 	
3.64 	5.05 	
4.04 	5.46 	
3.85 	5.76 	
3.60 	5.50 	
2.99 	5.52 	
3.57 	5.04 	
3.70 	5.97 	
3.77 	5.37 	
3.92 	5.39 	
3.66 	6.02 	
3.63 	6.29 	
3.31 	6.40 	
4.42 	6.28 	
4.26 	5.83 	
4.48 	6.06 	
4.15 	6.43 	
4.03 	6.64 	
4.36 	5.93 	
3.78 	7.51 	
4.33 	6.20 	
4.39 	6.84 	
4.06 	5.79 	
3.89 	6.34 	
4.30 	5.08 	
3.46 	4.65 	
3.48 	5.66 	
3.10 	5.41 	
2.81 	5.65 	
3.07 	5.36 	
2.94 	4.43 	
2.82 	4.51 	
3.17 	4.75 	
2.96 	3.97 	
3.34 	4.45 	
3.14 	5.43 	
2.95 	5.09 	
3.06 	5.64 	
3.19 	5.19 	
3.16 	5.51 	
3.54 	5.73 	
3.58 	4.88 	
3.79 	5.55 	
4.42 	6.18 	
4.24 	5.98 	
4.35 	5.17 	
4.76 	5.82 	
4.26 	5.11 	
4.24 	5.16 	
3.81 	5.64 	
4.18 	6.05 	
4.61 	6.59 	
4.80 	5.35 	
4.19 	5.71 	
3.76 	5.91 	
4.50 	6.39 	
4.08 	6.15 	
4.10 	6.56 	
3.98 	7.16 	
3.90 	6.54 	
4.01 	6.46 	
3.91 	6.82 	
3.76 	6.66 	
3.93 	6.66 	
3.87 	7.20 	
3.70 	6.80 	
3.77 	7.20 	
4.32 	7.08 	
4.66 	7.51 	
4.43 	6.82 	
4.20 	7.02 	
3.94 	6.90 	
3.97 	6.45 	
3.48 	6.64 	
4.41 	6.20 	
4.17 	6.44 	
4.33 	5.87 	
4.39 	5.99 	
3.70 	7.09 	
4.00 	6.67 	
4.64 	5.93 	
3.85 	6.03 	
3.76 	5.85 	
3.58 	6.01 	
3.49 	5.63 	
4.02 	5.16 	
3.89 	4.24 	
3.46 	4.97 	
4.50 	5.11 	
3.90 	5.51 	
3.88 	5.53 	
4.00 	5.32 	
4.05 	5.66 	
3.90 	4.01 	
4.33 	5.61 	
3.89 	5.65 	
4.21 	4.67 	
3.31 	4.59 	
3.91 	4.48 	
4.02 	5.43 	
4.13 	5.78 	
4.28 	7.00 	
3.78 	7.33 	
3.95 	6.94 	
3.93 	6.92 	
3.65 	5.59 	
3.76 	5.25 	
3.91 	6.28 	
3.84 	5.67 	
3.58 	6.49 	
3.75 	5.33 	
3.99 	6.29 	
4.17 	5.35 	
3.69 	5.25 	
4.11 	4.86 	
3.51 	5.68 	
3.64 	5.13 	
4.44 	5.41 	
3.55 	6.15 	
3.70 	5.94 	
3.69 	4.85 	
3.58 	5.59 	
3.95 	5.62 	
3.88 	7.19 	
3.69 	4.70 	
4.09 	5.00 	
3.65 	6.82 	
3.88 	4.86 	
3.50 	5.42 	
3.77 	5.00 	
3.71 	5.08 	
4.16 	5.65 	
4.21 	5.51 	
4.19 	5.36 	
3.95 	5.85 	
3.96 	5.37 	
3.58 	4.67 	
3.73 	4.85 	
4.17 	4.68 	
3.69 	4.51 	
3.97 	4.67 	
3.94 	4.81 	
3.91 	5.01 	
4.00 	4.59 	
3.99 	4.84 	
4.06 	4.29 	
3.85 	4.08 	
3.97 	4.32 	
3.85 	3.40 	
3.77 	3.73 	
4.23 	3.39 	
3.93 	3.63 	
3.25 	4.27 	
3.41 	3.53 	
3.59 	4.02 	
3.55 	3.45 	
3.40 	3.93 	
3.57 	3.19 	
3.42 	3.57 	
3.56 	4.23 	
3.62 	3.38 	
3.70 	3.59 	
3.55 	3.30 	
3.57 	3.97 	
3.82 	3.60 	
3.15 	3.37 	
3.28 	3.85 	
3.89 	3.65 	
3.37 	4.02 	
3.38 	4.14 	
3.37 	3.82 	
3.57 	4.27 	
3.99 	3.87 	
3.56 	3.49 	
3.68 	4.15 	
3.45 	4.14 	
3.75 	4.52 	
4.03 	4.01 	
4.23 	4.44 	
3.78 	4.33 	
3.51 	3.80 	
3.54 	3.00 	
3.67 	2.53 	
3.88 	2.32 	
4.47 	2.34 	
3.95 	2.57 	
3.99 	2.86 	
4.01 	2.60 	
4.44 	2.58 	
4.09 	2.82 	
4.30 	2.79 	
3.75 	2.44 	
4.36 	2.45 	
3.80 	2.84 	
4.58 	2.80 	
3.85 	3.05 	
3.67 	2.10 	
4.27 	1.54 	
3.87 	2.89 	
4.21 	2.12 	
3.98 	1.49 	
4.28 	1.78 	
3.87 	1.74 	
4.00 	1.32 	
3.93 	1.31 	
3.76 	1.37 	
3.86 	1.20 	
3.91 	1.27 	
4.05 	0.83 	
3.81 	1.01 	
3.96 	1.07 	
4.10 	1.03 	
3.72 	0.89 	
4.02 	1.10 	
3.99 	1.05 	
3.82 	1.00 	
3.76 	0.79 	
3.68 	0.80 	
4.11 	1.14 	
3.96 	1.07 	
4.05 	0.98 	
4.32 	1.38 	
4.07 	0.91 	
4.12 	0.87 	
3.93 	0.84 	
4.02 	0.86 	
3.98 	0.88 	
4.67 	0.82 	
4.03 	0.85 	
3.97 	0.82 	
4.26 	0.88 	
4.20 	0.84 	
4.45 	0.77 	
4.24 	0.93 	
3.96 	0.78 	
4.28 	0.77 	
4.11 	0.85 	
3.85 	1.04 	
3.63 	1.37 	
3.84 	1.38 	
3.58 	0.96 	
3.82 	1.69 	
3.80 	1.95 	
4.08 	1.74 	
3.76 	0.80 	
3.61 	1.10 	
3.53 	0.93 	
3.75 	0.82 	
4.47 	1.23 	
3.91 	1.94 	
4.14 	2.19 	
4.34 	1.40 	
3.96 	2.03 	
4.37 	1.18 	
3.91 	1.29 	
4.41 	0.94 	
4.59 	0.69 	
4.01 	0.87 	
4.30 	0.80 	
4.18 	0.71 	
4.24 	0.97 	
3.63 	1.17 	
3.74 	1.26 	
3.67 	0.53 	
3.72 	0.69 	
4.48 	1.30 	
3.22 	1.22 	
4.10 	0.91 	
3.98 	0.93 	
4.70 	1.11 	
4.16 	0.93 	
4.10 	0.91 	
3.95 	0.90 	
4.62 	1.08 	
4.09 	0.98 	
4.28 	1.14 	
4.51 	1.27 	
4.31 	1.10 	
4.41 	0.91 	
3.88 	1.14 	
4.11 	0.99 	
3.89 	1.39 	
4.58 	1.34 	
3.73 	1.09 	
4.43 	1.01 	
4.32 	1.04 	
4.36 	1.28 	
4.35 	1.16 	
4.72 	1.06 	
3.23 	1.28 	
4.55 	1.08 	
3.80 	1.30 	
4.43 	1.30 	
4.18 	1.10 	
4.51 	1.22 	
4.34 	1.00 	
3.56 	0.94 	
3.63 	0.82 	
4.17 	0.86 	
4.14 	0.69 	
4.04 	0.76 	
4.23 	0.65 	
3.91 	0.92 	
4.15 	0.94 	
3.60 	0.87 	
3.94 	0.99 	
4.12 	0.72 	
4.09 	0.86 	
4.02 	1.37 	
3.95 	1.07 	
4.12 	1.10 	
3.87 	1.01 	
3.94 	0.94 	
4.17 	0.92 	
3.76 	0.94 	
4.04 	0.93 	
3.95 	0.92 	
4.09 	0.94 	
3.90 	1.60 	
4.15 	1.24 	
3.94 	1.20 	
3.78 	1.19 	
4.68 	1.22 	
3.93 	1.35 	
3.75 	1.11 	
3.98 	1.00 	
3.83 	0.99 	
4.00 	0.80 	
3.88 	0.82 	
3.70 	1.17 	
3.95 	1.19 	
4.06 	1.23 	
4.28 	1.24 	
4.15 	1.34 	
4.19 	0.82 	
4.37 	1.25 	
4.60 	1.38 	
4.47 	1.00 	
4.52 	1.36 	
4.56 	1.09 	
4.27 	1.05 	
3.92 	1.33 	
3.89 	1.15 	
4.23 	1.12 	
3.98 	1.08 	
4.07 	1.13 	
4.08 	1.33 	
4.27 	1.21 	
4.52 	1.23 	
4.39 	1.18 	
4.22 	1.07 	
4.10 	0.90 	
3.99 	0.91 	
3.96 	1.12 	
3.79 	1.17 	
4.29 	1.20 	
3.76 	1.32 	
4.24 	1.24 	
4.23 	1.23 	
3.91 	1.07 	
4.34 	1.18 	
4.66 	1.22 	
4.38 	1.19 	
4.48 	1.24 	
4.64 	1.23 	
4.51 	0.81 	
4.17 	1.41 	
4.13 	1.04 	
4.16 	1.37 	
4.24 	1.22 	
4.15 	1.05 	
4.07 	1.12 	
4.32 	1.02 	
3.94 	1.23 	
3.97 	0.75 	
4.01 	0.88 	
4.06 	1.01 	
4.19 	1.00 	
4.35 	0.78 	
4.00 	0.79 	
3.85 	0.80 	
5.04 	1.06 	
4.18 	1.03 	
4.21 	1.02 	
4.19 	1.00 	
3.94 	0.73 	
4.02 	0.74 	
4.65 	0.86 	
3.92 	0.57 	
3.52 	0.61 	
4.13 	0.69 	
3.99 	0.59 	
4.03 	0.81 	
3.73 	0.93 	
4.29 	0.98 	
4.48 	0.66 	
3.84 	0.61 	
4.38 	0.64 	
4.25 	0.83 	
4.19 	0.72 	
4.17 	0.87 	
4.45 	0.81 	
4.14 	0.92 	
4.04 	1.30 	
4.40 	0.86 	
4.18 	0.82 	
4.22 	0.83 	
4.11 	0.91 	
4.01 	0.91 	
4.46 	0.85 	
4.39 	0.79 	
3.90 	0.82 	
3.77 	0.68 	
4.40 	0.65 	
4.20 	0.82 	
3.93 	0.76 	
4.27 	0.90 	
4.64 	0.78 	
3.98 	1.18 	
4.47 	1.05 	
4.48 	0.68 	
4.09 	0.58 	
3.87 	0.87 	
4.08 	0.66 	
4.20 	0.65 	
3.97 	0.65 	
4.11 	0.87 	
4.13 	0.55 	
4.15 	1.15 	
4.10 	0.71 	
3.91 	0.87 	
3.77 	0.71 	
4.31 	1.10 	
4.41 	0.97 	
4.10 	1.10 	
3.84 	1.08 	
4.04 	1.00 	
4.09 	0.74 	
4.45 	0.85 	
4.48 	0.96 	
3.94 	0.98 	
4.46 	0.85 	
4.14 	0.89 	
3.95 	1.13 	
4.52 	1.15 	
4.60 	1.10 	
4.47 	0.74 	
4.08 	0.93 	
3.88 	0.69 	
4.29 	0.84 	
4.36 	0.94 	
3.84 	1.00 	
4.09 	0.77 	
4.39 	0.83 	
3.35 	0.67 	
3.83 	0.67 	
3.84 	0.73 	
3.95 	0.78 	
3.97 	0.55 	
3.29 	0.64 	
3.85 	0.72 	
4.08 	0.65 	
4.09 	0.75 	
3.88 	0.90 	
4.14 	0.93 	
3.88 	0.74 	
4.00 	0.57 	
2.32 	0.68 	
3.18 	0.69 	
2.16 	0.62 	
2.63 	0.68 	
3.04 	0.99 	
3.13 	1.14 	
2.74 	1.22 	
3.13 	0.89 	
2.53 	0.78 	
2.27 	0.79 	
3.00 	0.81 	
2.88 	1.05 	
3.76 	0.90 	
3.43 	1.02 	
3.83 	0.87 	
4.32 	0.68 	
3.76 	0.94 	
4.27 	0.75 	
4.34 	0.72 	
4.99 	0.75 	
4.53 	0.68 	
4.71 	0.79 	
4.53 	0.67 	
4.72 	0.66 	
4.40 	0.86 	
4.76 	0.66 	
4.50 	0.78 	
3.67 	0.75 	
3.21 	0.77 	
2.36 	0.70 	
3.51 	0.70 	
3.66 	1.03 	
3.52 	0.62 	
3.44 	0.53 	
2.96 	0.77 	
2.87 	0.93 	
4.01 	0.64 	
3.57 	0.65 	
4.79 	0.81 	
3.72 	0.66 	
3.72 	1.10 	
3.84 	0.91 	
3.79 	0.69 	
4.00 	0.54 	
3.98 	0.59 	
3.95 	0.62 	
4.22 	0.74 	
4.28 	0.61 	
3.86 	0.57 	
3.01 	0.67 	
3.51 	0.66 	
4.01 	0.83 	
3.90 	0.68 	
4.60 	0.59 	
4.88 	0.65 	
4.57 	0.59 	
4.43 	0.75 	
4.30 	0.69 	
5.38 	0.74 	
5.15 	0.71 	
4.07 	0.56 	
5.20 	0.61 	
4.13 	0.88 	
3.31 	1.00 	
3.78 	0.61 	
3.86 	0.69 	
2.94 	0.61 	
4.04 	0.63 	
4.46 	0.75 	
4.51 	0.71 	
4.01 	0.62 	
4.40 	0.75 	
4.28 	0.71 	
4.41 	0.70 	
4.70 	0.87 	
4.85 	0.69 	
4.66 	0.82 	
4.53 	1.04 	
4.60 	0.79 	
4.61 	0.74 	
4.73 	0.85 	
4.67 	0.86 	
4.50 	0.61 	
4.59 	0.64 	
4.48 	0.84 	
4.42 	0.67 	
3.77 	0.67 	
4.09 	0.79 	
4.43 	1.01 	
4.65 	1.12 	
4.35 	1.22 	
4.67 	1.25 	
4.84 	0.84 	
4.71 	0.98 	
4.50 	0.64 	
4.34 	0.71 	
4.71 	0.80 	
4.30 	0.59 	
3.62 	0.70 	
4.41 	0.84 	
4.50 	0.77 	
3.39 	0.99 	
3.63 	0.80 	
3.63 	0.61 	
4.51 	0.78 	
4.61 	0.89 	
4.76 	0.71 	
4.56 	0.68 	
4.44 	0.75 	
4.66 	0.79 	
4.60 	0.74 	
4.76 	0.75 	
4.21 	0.65 	
5.00 	0.63 	
4.37 	0.72 	
4.34 	0.61 	
3.21 	0.93 	
3.75 	0.89 	
3.58 	0.62 	
3.41 	0.68 	
3.65 	0.81 	
3.96 	0.68 	
4.10 	0.67 	
3.54 	0.81 	
4.98 	1.13 	
4.18 	0.65 	
3.46 	0.80 	
3.51 	1.23 	
3.45 	0.76 	
4.06 	0.85 	
3.72 	1.20 	
4.44 	1.16 	
3.86 	1.06 	
3.83 	1.06 	
4.48 	1.00 	
3.79 	1.01 	
3.81 	0.99 	
3.81 	1.12 	
4.09 	1.22 	
3.94 	1.52 	
3.52 	1.29 	
4.37 	1.07 	
4.12 	0.93 	
4.34 	0.92 	
3.99 	0.71 	
4.01 	0.59 	
3.65 	0.77 	
2.78 	0.77 	
3.66 	0.84 	
4.12 	0.85 	
3.39 	0.89 	
3.90 	1.25 	
3.40 	1.51 	
3.51 	0.80 	
4.11 	0.69 	
5.13 	0.71 	
3.38 	0.98 	
3.68 	1.06 	
3.77 	1.24 	
3.79 	1.18 	
3.27 	1.08 	
2.87 	1.13 	
2.70 	1.02 	
2.75 	1.37 	
3.14 	1.28 	
2.97 	1.42 	
2.92 	0.92 	
2.92 	0.98 	
3.99 	1.16 	
3.39 	1.12 	
2.58 	1.38 	
3.69 	1.08 	
3.28 	1.02 	
2.89 	0.97 	
3.48 	1.47 	
3.48 	1.43 	
3.32 	1.10 	
3.58 	1.24 	
3.53 	1.14 	
3.74 	1.35 	
3.12 	1.08 	
3.47 	0.82 	
3.14 	1.23 	
2.82 	0.94 	
2.86 	1.31 	
3.07 	1.05 	
3.35 	1.03 	
2.99 	1.14 	
3.94 	1.05 	
3.19 	1.59 	
4.64 	1.13 	
5.22 	1.13 	
4.92 	1.12 	
5.04 	1.11 	
3.39 	1.13 	
4.15 	1.17 	
4.13 	0.93 	
4.80 	0.96 	
2.61 	1.35 	
3.54 	1.21 	
4.82 	1.37 	
5.42 	1.27 	
6.31 	1.47 	
5.48 	1.49 	
5.15 	1.07 	
5.34 	0.93 	
5.81 	0.98 	
5.32 	0.96 	
5.63 	0.78 	
5.45 	0.66 	
5.62 	0.64 	
5.21 	0.72 	
5.56 	0.94 	
5.80 	0.94 	
4.83 	0.67 	
5.12 	0.67 	
5.98 	0.64 	
5.29 	0.77 	
4.23 	0.71 	
3.93 	0.84 	
3.77 	1.22 	
4.46 	1.18 	
3.79 	0.86 	
4.02 	0.79 	
4.64 	0.70 	
3.97 	0.78 	
4.54 	0.91 	
4.72 	0.67 	
4.50 	0.63 	
4.79 	0.99 	
4.39 	1.04 	
5.13 	0.75 	
5.25 	0.69 	
4.63 	0.82 	
4.79 	0.66 	
4.74 	0.58 	
4.73 	0.70 	
5.39 	0.59 	
5.23 	0.64 	
5.09 	0.65 	
5.41 	0.62 	
5.34 	0.54 	
5.17 	1.06 	
5.31 	0.87 	
5.61 	0.89 	
5.22 	0.68 	
5.56 	0.99 	
5.57 	0.94 	
4.97 	0.83 	
5.43 	0.73 	
5.21 	0.84 	
5.41 	0.59 	
6.02 	0.83 	
5.60 	1.09 	
5.85 	1.08 	
5.24 	0.94 	
5.50 	1.00 	
5.57 	0.91 	
5.44 	1.00 	
5.89 	0.70 	
5.66 	0.82 	
5.62 	0.93 	
5.59 	0.88 	
5.05 	0.80 	
4.66 	0.77 	
4.46 	1.10 	
4.39 	1.16 	
4.64 	0.84 	
5.46 	1.00 	
5.12 	1.21 	
4.64 	1.02 	
4.85 	1.08 	
4.91 	1.28 	
5.43 	0.97 	
5.39 	1.00 	
5.80 	1.22 	
2.59 	0.94 	
4.13 	0.95 	
4.33 	1.23 	
4.17 	1.06 	
3.52 	1.35 	
4.39 	1.51 	
4.23 	1.89 	
4.72 	1.66 	
2.39 	1.44 	
2.20 	1.08 	
1.98 	1.46 	
2.08 	0.88 	
2.48 	0.89 	
3.38 	1.12 	
3.21 	1.31 	
4.04 	1.13 	
3.34 	1.15 	
4.20 	0.95 	
4.58 	0.97 	
4.50 	1.23 	
4.74 	1.19 	
4.00 	1.08 	
4.62 	1.10 	
4.57 	1.34 	
4.72 	0.86 	
5.69 	1.08 	
5.10 	0.92 	
5.30 	1.27 	
5.06 	1.26 	
4.56 	0.95 	
4.65 	1.05 	
5.32 	1.05 	
5.78 	0.94 	
5.29 	0.95 	
5.15 	1.18 	
5.17 	0.96 	
4.56 	1.01 	
5.32 	0.91 	
5.19 	0.87 	
5.90 	0.80 	
4.02 	0.89 	
5.16 	0.97 	
5.49 	1.15 	
5.87 	1.33 	
5.32 	0.96 	
4.53 	0.87 	
4.38 	0.93 	
5.08 	0.81 	
5.15 	0.92 	
5.05 	0.91 	
4.86 	1.11 	
5.21 	0.87 	
5.16 	0.98 	
5.13 	0.83 	
5.08 	0.90 	
5.21 	0.79 	
4.80 	0.96 	
5.34 	0.82 	
5.00 	0.75 	
4.10 	0.64 	
4.19 	0.72 	
3.90 	0.68 	
3.60 	0.79 	
3.33 	1.09 	
3.53 	0.78 	
4.33 	1.00 	
3.70 	0.63 	
3.45 	0.92 	
3.63 	0.78 	
3.79 	0.82 	
3.37 	1.03 	
3.57 	1.01 	
3.76 	0.78 	
4.87 	0.61 	
4.39 	1.14 	
5.31 	1.01 	
6.70 	0.97 	
5.93 	1.00 	
5.44 	1.20 	
6.03 	0.79 	
6.73 	0.98 	
5.06 	0.61 	
4.86 	1.05 	
4.47 	0.97 	
4.71 	0.92 	
5.05 	1.10 	
4.55 	0.83 	
3.30 	0.70 	
3.76 	0.88 	
4.84 	0.94 	
5.36 	0.74 	
5.04 	0.88 	
4.72 	0.63 	
4.59 	0.77 	
4.91 	0.78 	
5.26 	0.84 	
5.14 	0.96 	
5.58 	1.02 	
4.87 	1.11 	
4.54 	1.18 	
5.06 	1.11 	
4.14 	0.96 	
3.84 	1.20 	
3.51 	1.09 	
3.04 	1.13 	
3.42 	1.20 	
3.37 	1.18 	
3.37 	0.98 	
3.67 	1.24 	
3.93 	1.30 	
4.37 	0.69 	
5.83 	0.79 	
5.59 	1.16 	
5.03 	0.72 	
3.92 	0.75 	
5.29 	0.89 	
5.77 	0.91 	
4.64 	1.05 	
5.02 	1.13 	
5.02 	0.93 	
5.36 	0.96 	
5.01 	1.02 	
5.11 	1.30 	
5.11 	0.84 	
5.23 	1.01 	
4.91 	1.11 	
5.42 	1.21 	
4.92 	1.29 	
4.85 	1.10 	
5.20 	1.22 	
5.65 	0.98 	
5.56 	1.00 	
5.15 	0.94 	
4.99 	0.91 	
4.13 	1.26 	
3.64 	1.16 	
3.75 	1.05 	
4.29 	0.94 	
3.83 	1.35 	
3.72 	1.18 	
3.91 	1.36 	
4.58 	1.36 	
3.89 	1.18 	
4.26 	1.13 	
4.70 	1.09 	
4.71 	1.24 	
3.16 	1.37 	
3.68 	1.56 	
3.35 	1.29 	
3.65 	1.38 	
2.65 	1.37 	
3.85 	1.16 	
4.72 	1.09 	
4.81 	0.98 	
4.89 	1.22 	
5.10 	1.14 	
4.85 	1.39 	
5.01 	1.15 	
4.29 	1.17 	
4.52 	1.31 	
5.56 	1.37 	
5.04 	1.16 	
5.47 	1.21 	
5.58 	1.23 	
5.73 	1.57 	
5.03 	1.34 	
4.40 	1.34 	
5.30 	1.30 	
5.22 	1.27 	
5.01 	1.25 	
5.75 	1.19 	
5.32 	1.09 	
5.14 	1.04 	
4.46 	0.97 	
5.10 	0.97 	
4.34 	1.16 	
4.84 	1.49 	
5.42 	1.07 	
5.13 	1.20 	
5.11 	1.27 	
5.31 	1.25 	
4.27 	1.25 	
3.80 	1.06 	
4.65 	1.09 	
4.58 	1.37 	
5.68 	1.26 	
4.96 	1.41 	
5.15 	1.07 	
3.85 	1.34 	
3.48 	1.14 	
3.40 	1.30 	
4.75 	0.96 	
5.24 	0.82 	
3.80 	1.00 	
4.71 	0.89 	
4.44 	0.72 	
4.55 	1.16 	
4.30 	1.06 	
5.09 	1.09 	
4.52 	1.05 	
4.41 	0.99 	
4.71 	0.98 	
4.57 	1.16 	
5.23 	0.98 	
4.84 	0.93 	
4.06 	1.21 	
5.11 	1.13 	
4.34 	0.85 	
4.20 	0.99 	
5.42 	1.02 	
5.39 	0.93 	
5.85 	0.85 	
5.92 	1.01 	
5.55 	1.09 	
5.12 	0.92 	
5.09 	1.01 	
6.08 	0.85 	
5.69 	0.77 	
5.28 	0.87 	
6.05 	1.03 	
6.14 	1.13 	
5.91 	1.04 	
6.08 	0.90 	
4.58 	0.87 	
5.38 	1.32 	
5.20 	1.44 	
5.58 	1.42 	
5.42 	1.38 	
5.14 	1.51 	
5.00 	1.38 	
5.39 	1.25 	
5.08 	1.45 	
4.56 	1.72 	
5.15 	1.27 	
5.34 	1.18 	
5.41 	1.46 	
5.88 	1.53 	
5.90 	1.37 	
5.86 	1.10 	
6.02 	1.21 	
5.66 	0.87 	
5.79 	0.92 	
5.65 	1.09 	
5.28 	1.11 	
5.49 	0.88 	
5.95 	0.89 	
5.73 	0.95 	
5.67 	1.06 	
6.81 	0.94 	
5.69 	0.97 	
5.92 	0.81 	
5.93 	0.84 	
5.60 	1.11 	
5.89 	1.04 	
6.05 	0.97 	
6.16 	1.01 	
6.24 	0.78 	
5.32 	1.19 	
5.31 	0.94 	
5.71 	1.03 	
5.81 	1.00 	
5.22 	1.10 	
3.79 	0.93 	
4.29 	0.77 	
4.50 	1.00 	
4.89 	1.04 	
5.01 	0.98 	
5.46 	0.99 	
5.55 	1.11 	
5.29 	1.13 	
5.56 	1.01 	
6.02 	1.04 	
5.54 	0.94 	
5.64 	1.09 	
5.10 	0.97 	
5.55 	0.99 	
5.74 	1.01 	
5.21 	1.05 	
4.70 	1.12 	
3.65 	1.12 	
3.42 	1.11 	
4.60 	1.37 	
3.73 	0.90 	
3.53 	1.26 	
3.79 	0.87 	
4.13 	0.74 	
4.05 	0.88 	
3.94 	1.02 	
4.41 	1.22 	
3.68 	0.82 	
2.72 	0.72 	
3.01 	0.78 	
3.51 	0.74 	
4.01 	0.90 	
4.06 	1.09 	
3.97 	1.23 	
3.94 	1.13 	
5.82 	0.74 	
5.43 	0.81 	
4.95 	1.00 	
5.06 	0.89 	
5.31 	0.87 	
4.82 	0.95 	
4.94 	0.98 	
4.61 	0.90 	
4.04 	1.25 	
2.59 	1.33 	
2.03 	1.29 	
1.34 	1.20 	
1.95 	1.27 	
2.14 	1.27 	
2.39 	1.21 	
2.12 	1.33 	
1.95 	1.47 	
2.24 	1.39 	
2.08 	1.40 	
1.83 	1.39 	
1.86 	1.45 	
1.63 	1.47 	
3.07 	1.34 	
1.88 	1.42 	
2.94 	1.49 	
2.15 	1.28 	
2.09 	1.48 	
2.35 	1.43 	
2.48 	1.25 	
1.63 	1.30 	
1.39 	1.18 	
2.21 	1.31 	
1.60 	1.55 	
1.77 	1.08 	
1.83 	1.26 	
1.56 	1.19 	
2.24 	0.97 	
2.29 	1.15 	
1.85 	1.03 	
2.80 	1.13 	
2.40 	1.18 	
2.14 	1.17 	
1.87 	1.08 	
2.24 	1.08 	
2.84 	1.05 	
2.46 	1.07 	
3.24 	1.01 	
3.48 	1.19 	
3.25 	1.06 	
2.43 	0.84 	
1.38 	0.93 	
1.72 	1.19 	
1.96 	1.02 	
2.90 	1.09 	
2.04 	1.24 	
2.21 	1.39 	
2.70 	1.45 	
2.05 	1.27 	
2.94 	1.48 	
1.66 	1.27 	
2.10 	1.49 	
1.56 	1.38 	
2.01 	1.35 	
2.34 	1.42 	
3.69 	1.44 	
4.18 	1.08 	
2.71 	1.15 	
3.09 	1.05 	
2.94 	1.05 	
3.95 	1.21 	
4.31 	1.21 	
4.60 	1.02 	
4.50 	0.99 	
4.25 	1.42 	
4.91 	1.17 	
5.10 	1.09 	
5.05 	1.24 	
5.10 	1.47 	
5.27 	1.30 	
4.64 	1.25 	
4.65 	1.38 	
3.94 	1.39 	
4.47 	1.44 	
4.22 	1.58 	
4.98 	1.54 	
5.06 	1.46 	
4.82 	1.33 	
4.47 	1.20 	
4.12 	1.50 	
4.27 	1.55 	
5.01 	1.52 	
5.30 	1.58 	
5.00 	1.45 	
4.77 	1.48 	
5.10 	1.44 	
4.69 	1.62 	
4.64 	1.38 	
5.24 	1.53 	
5.38 	1.40 	
4.94 	1.63 	
4.57 	1.73 	
4.39 	1.36 	
4.25 	1.65 	
4.62 	1.58 	
5.41 	1.41 	
6.09 	1.46 	
5.42 	1.61 	
5.98 	1.72 	
5.49 	1.59 	
5.39 	1.52 	
5.56 	1.52 	
5.77 	1.42 	
5.71 	1.54 	
5.90 	2.03 	
5.34 	1.63 	
5.51 	1.43 	
6.16 	1.54 	
6.34 	1.54 	
5.91 	1.54 	
5.10 	1.51 	
5.72 	1.56 	
5.55 	1.40 	
6.16 	1.55 	
5.47 	1.49 	
4.39 	1.57 	
4.48 	1.48 	
4.88 	1.29 	
4.88 	1.47 	
4.41 	1.62 	
4.42 	1.45 	
4.94 	1.56 	
4.70 	1.48 	
5.00 	1.36 	
5.19 	1.67 	
5.33 	1.49 	
4.48 	1.54 	
4.69 	1.40 	
5.10 	1.47 	
4.81 	1.51 	
5.72 	1.65 	
4.66 	1.55 	
3.84 	1.38 	
5.62 	1.57 	
5.20 	1.66 	
5.28 	1.45 	
5.56 	1.48 	
6.13 	1.57 	
4.79 	1.39 	
5.16 	1.57 	
4.72 	1.40 	
5.73 	1.52 	
5.09 	1.62 	
4.75 	1.60 	
4.04 	1.52 	
4.78 	1.52 	
5.43 	1.58 	
4.10 	1.46 	
4.94 	1.50 	
4.14 	1.37 	
4.32 	1.64 	
5.69 	1.47 	
6.06 	1.55 	
5.85 	1.63 	
6.30 	1.49 	
5.74 	1.50 	
5.48 	1.56 	
5.85 	1.57 	
5.57 	1.51 	
6.57 	1.46 	
5.67 	1.46 	
5.27 	1.56 	
6.11 	1.44 	
5.97 	1.33 	
5.05 	1.57 	
5.90 	1.53 	
6.00 	1.43 	
6.22 	1.48 	
6.44 	1.44 	
5.79 	1.43 	
6.05 	1.62 	
6.69 	1.38 	
6.53 	1.53 	
6.27 	1.49 	
6.64 	1.68 	
5.57 	1.45 	
5.40 	1.60 	
4.99 	1.63 	
5.78 	1.43 	
5.06 	1.26 	
4.06 	1.59 	
4.55 	1.56 	
4.81 	1.53 	
5.00 	1.55 	
5.02 	1.40 	
4.19 	1.56 	
4.99 	1.57 	
5.73 	1.44 	
5.00 	1.42 	
4.96 	1.49 	
4.32 	1.28 	
4.32 	1.49 	
3.20 	1.52 	
3.65 	1.52 	
3.54 	1.41 	
3.95 	1.45 	
4.96 	1.41 	
4.31 	1.62 	
4.53 	1.61 	
4.59 	1.63 	
5.36 	1.51 	
5.03 	1.50 	
5.80 	1.51 	
5.17 	1.43 	
6.18 	1.63 	
6.33 	1.42 	
6.61 	1.47 	
6.60 	1.80 	
6.87 	1.53 	
7.28 	1.59 	
7.72 	1.45 	
7.02 	1.41 	
6.96 	1.19 	
6.32 	1.48 	
7.15 	1.44 	
6.70 	1.55 	
6.27 	1.41 	
6.52 	1.55 	
6.52 	1.42 	
7.00 	1.58 	
6.40 	1.45 	
6.57 	1.50 	
6.19 	1.60 	
5.81 	1.73 	
6.52 	1.69 	
5.81 	1.79 	
6.29 	1.57 	
7.00 	1.26 	
6.47 	1.67 	
6.82 	1.45 	
7.58 	1.39 	
6.37 	1.64 	
7.19 	1.51 	
6.84 	1.82 	
7.42 	1.44 	
7.62 	1.49 	
7.85 	1.48 	
7.58 	1.36 	
6.99 	1.77 	
6.52 	1.62 	
5.66 	1.60 	
5.47 	1.43 	
5.40 	1.35 	
6.09 	1.69 	
6.39 	1.57 	
6.40 	1.55 	
7.61 	1.47 	
7.35 	1.61 	
7.24 	1.58 	
7.70 	1.70 	
7.84 	1.50 	
7.20 	1.76 	
6.81 	1.67 	
5.72 	1.74 	
5.70 	1.60 	
6.18 	1.46 	
6.28 	1.42 	
6.97 	1.52 	
6.79 	1.51 	
7.26 	1.66 	
7.18 	1.86 	
7.03 	1.58 	
6.96 	1.86 	
6.34 	1.59 	
5.28 	1.65 	
6.09 	1.76 	
6.08 	1.41 	
6.70 	1.51 	
6.28 	1.70 	
6.20 	1.69 	
6.47 	1.55 	
7.49 	1.71 	
6.76 	1.73 	
6.05 	1.72 	
5.49 	1.67 	
6.22 	1.51 	
5.71 	1.55 	
5.87 	1.51 	
5.58 	1.46 	
5.74 	1.44 	
6.15 	1.54 	
5.88 	1.60 	
5.29 	1.74 	
5.55 	1.96 	
6.34 	1.69 	
5.83 	2.21 	
6.38 	1.64 	
5.91 	1.68 	
6.23 	1.59 	
6.83 	1.46 	
5.49 	1.48 	
6.28 	1.74 	
5.50 	1.40 	
5.45 	1.38 	
5.60 	1.36 	
5.42 	1.51 	
5.52 	1.49 	
5.27 	1.53 	
5.69 	1.51 	
5.93 	1.68 	
5.56 	1.39 	
5.78 	1.55 	
6.16 	1.17 	
6.74 	1.18 	
5.91 	1.02 	
5.93 	1.01 	
5.53 	1.03 	
5.43 	0.96 	
5.89 	0.89 	
5.34 	0.80 	
5.15 	1.13 	
5.49 	0.92 	
5.25 	1.04 	
5.36 	0.93 	
5.43 	0.90 	
5.29 	1.05 	
5.20 	0.89 	
5.15 	0.95 	
4.94 	0.87 	
5.55 	1.00 	
5.23 	1.05 	
5.03 	1.09 	
5.25 	0.93 	
5.48 	1.09 	
5.31 	0.99 	
5.53 	1.08 	
5.24 	0.95 	
5.23 	0.99 	
4.89 	1.04 	
4.96 	1.14 	
5.32 	1.15 	
4.96 	0.95 	
5.19 	0.93 	
4.89 	1.10 	
5.00 	0.97 	
5.05 	1.13 	
4.86 	0.96 	
4.76 	0.86 	
4.32 	0.91 	
4.67 	1.02 	
4.44 	1.13 	
4.96 	0.87 	
4.89 	1.01 	
5.00 	0.95 	
5.21 	1.08 	
4.41 	1.05 	
5.15 	1.12 	
4.54 	1.09 	
4.67 	0.96 	
4.44 	0.92 	
5.26 	0.86 	
5.11 	0.87 	
4.90 	1.45 	
5.12 	1.36 	
5.07 	1.45 	
4.68 	1.41 	
4.36 	1.61 	
5.00 	1.87 	
4.76 	1.09 	
4.98 	0.97 	
4.54 	0.74 	
5.17 	0.82 	
4.43 	0.96 	
4.64 	0.82 	
4.50 	1.14 	
3.59 	0.82 	
4.73 	0.77 	
4.28 	0.81 	
3.15 	0.92 	
4.28 	1.16 	
4.20 	0.87 	
3.43 	0.96 	
3.06 	0.96 	
2.53 	0.99 	
4.15 	0.83 	
4.29 	0.88 	
4.42 	0.91 	
4.75 	0.85 	
4.82 	1.09 	
4.84 	0.89 	
5.25 	1.19 	
5.63 	1.07 	
5.15 	1.10 	
4.85 	1.09 	
4.84 	1.16 	
3.58 	1.04 	
4.89 	0.74 	
4.70 	1.09 	
4.39 	1.03 	
4.86 	1.33 	
4.47 	1.36 	
4.77 	1.16 	
4.54 	1.11 	
4.54 	1.40 	
4.71 	0.89 	
4.66 	1.05 	
4.34 	1.01 	
4.08 	1.12 	
4.67 	1.16 	
2.81 	1.15 	
3.52 	1.67 	
3.23 	1.34 	
3.99 	1.55 	
4.32 	1.28 	
2.72 	1.40 	
2.53 	1.16 	
2.84 	1.59 	
2.73 	1.66 	
3.23 	1.27 	
3.86 	1.17 	
4.21 	1.20 	
3.72 	1.36 	
3.57 	1.13 	
3.59 	1.39 	
4.20 	1.20 	
4.75 	1.75 	
4.00 	1.63 	
4.09 	1.16 	
4.15 	1.31 	
3.98 	1.45 	
4.82 	1.25 	
5.26 	1.21 	
3.82 	1.19 	
3.37 	1.08 	
4.16 	1.30 	
4.33 	1.25 	
4.93 	1.05 	
4.78 	1.03 	
5.01 	0.84 	
4.94 	1.08 	
4.34 	1.14 	
4.52 	1.27 	
4.88 	1.18 	
4.81 	1.14 	
4.77 	0.98 	
5.41 	1.19 	
6.02 	1.07 	
5.59 	1.07 	
5.46 	1.11 	
5.36 	1.04 	
5.27 	0.83 	
5.34 	1.10 	
5.11 	1.00 	
4.97 	0.93 	
5.27 	0.82 	
5.43 	1.14 	
5.20 	0.83 	
4.92 	1.04 	
4.75 	1.43 	
5.79 	1.44 	
5.88 	0.94 	
5.91 	1.07 	
5.73 	0.95 	
4.96 	1.18 	
4.80 	0.90 	
4.85 	1.16 	
5.45 	1.03 	
4.56 	1.17 	
5.01 	1.50 	
4.81 	1.22 	
4.16 	1.37 	
4.88 	1.31 	
4.07 	1.33 	
3.76 	1.58 	
4.43 	1.34 	
4.77 	1.41 	
3.76 	1.36 	
4.11 	1.30 	
4.33 	1.20 	
4.19 	1.14 	
3.70 	1.21 	
4.12 	1.52 	
3.93 	1.57 	
3.94 	1.42 	
4.24 	1.34 	
3.85 	1.69 	
4.24 	1.39 	
3.84 	1.95 	
4.22 	1.56 	
3.58 	2.06 	
3.67 	1.91 	
4.14 	1.49 	
3.48 	1.74 	
3.79 	1.85 	
3.94 	1.97 	
4.53 	1.65 	
4.27 	1.97 	
3.71 	1.45 	
3.51 	1.88 	
3.60 	1.84 	
3.69 	1.51 	
3.83 	2.01 	
4.14 	1.75 	
4.17 	1.37 	
4.18 	1.39 	
5.94 	1.52 	
5.29 	1.63 	
4.90 	1.57 	
5.46 	1.22 	
5.80 	1.40 	
5.41 	1.54 	
5.71 	1.36 	
5.54 	1.43 	
5.64 	1.45 	
5.87 	1.82 	
5.81 	1.67 	
5.41 	1.41 	
5.47 	1.60 	
5.55 	1.40 	
5.65 	1.38 	
5.72 	1.57 	
5.59 	1.69 	
5.75 	0.97 	
5.25 	1.17 	
5.38 	1.64 	
5.50 	1.55 	
5.72 	1.69 	
4.94 	1.75 	
5.42 	1.80 	
5.46 	1.28 	
5.16 	1.55 	
5.24 	1.70 	
4.36 	1.43 	
3.63 	1.51 	
4.24 	1.37 	
4.28 	1.33 	
4.07 	1.43 	
4.24 	1.46 	
4.10 	1.59 	
4.62 	1.38 	
4.30 	1.45 	
4.39 	1.56 	
4.27 	1.19 	
4.32 	1.51 	
3.70 	1.03 	
4.03 	1.54 	
4.14 	1.71 	
6.30 	1.33 	
4.99 	1.12 	
4.65 	1.33 	
4.24 	1.21 	
4.49 	0.85 	
4.48 	1.19 	
4.51 	1.47 	
5.44 	0.95 	
5.24 	1.71 	
4.95 	1.08 	
5.00 	1.69 	
4.82 	1.25 	
5.18 	1.11 	
4.95 	1.03 	
4.73 	1.15 	
3.98 	0.81 	
4.13 	0.99 	
4.25 	0.98 	
4.62 	0.93 	
4.34 	1.78 	
4.78 	1.20 	
4.26 	1.12 	
4.42 	1.17 	
4.65 	1.27 	
3.73 	1.37 	
4.23 	1.22 	
4.36 	1.19 	
4.74 	1.37 	
4.14 	1.25 	
3.71 	1.56 	
4.03 	1.16 	
4.09 	1.36 	
4.21 	1.29 	
3.90 	1.55 	
4.25 	1.06 	
4.69 	1.21 	
4.64 	1.44 	
3.66 	1.18 	
3.65 	1.30 	
4.40 	1.18 	
3.99 	1.26 	
3.53 	1.47 	
3.99 	1.19 	
3.74 	1.42 	
3.53 	1.52 	
4.35 	1.34 	
4.05 	1.62 	
4.31 	1.61 	
4.37 	1.15 	
4.87 	1.37 	
4.51 	1.48 	
4.97 	1.16 	
4.15 	1.13 	
4.29 	1.18 	
4.10 	1.14 	
4.06 	1.22 	
4.01 	1.30 	
4.39 	1.33 	
3.91 	1.38 	
4.07 	1.80 	
3.95 	2.26 	
4.08 	1.73 	
3.87 	1.46 	
3.85 	1.46 	
3.95 	1.13 	
4.29 	1.23 	
4.32 	1.47 	
4.94 	1.59 	
4.64 	1.52 	
4.42 	1.61 	
5.17 	1.61 	
4.71 	1.40 	
4.33 	1.71 	
4.81 	1.64 	
4.45 	1.75 	
4.57 	1.31 	
4.63 	1.34 	
4.12 	1.32 	
4.67 	1.28 	
4.63 	1.46 	
4.78 	1.63 	
4.21 	1.35 	
4.79 	1.10 	
4.13 	1.34 	
4.55 	1.38 	
4.61 	1.65 	
4.03 	1.51 	
3.60 	1.45 	
3.77 	1.41 	
3.82 	2.12 	
3.61 	1.51 	
3.91 	1.47 	
3.79 	1.63 	
3.93 	0.94 	
3.87 	1.73 	
3.76 	1.79 	
4.40 	1.88 	
4.43 	1.31 	
3.80 	1.40 	
3.76 	1.70 	
4.02 	1.69 	
3.92 	1.32 	
3.97 	1.22 	
4.05 	1.52 	
3.99 	1.01 	
4.33 	2.04 	
4.17 	1.91 	
4.28 	1.65 	
4.14 	1.67 	
4.08 	1.43 	
4.31 	1.46 	
3.74 	1.78 	
3.88 	1.32 	
3.32 	1.06 	
4.22 	1.14 	
3.61 	1.53 	
3.39 	1.22 	
3.67 	1.15 	
3.92 	1.84 	
3.31 	1.73 	
3.63 	1.29 	
4.01 	1.15 	
3.81 	1.35 	
3.74 	1.78 	
3.66 	2.11 	
3.70 	1.60 	
3.64 	2.36 	
3.82 	2.38 	
3.88 	2.09 	
3.82 	2.18 	
3.49 	1.96 	
3.50 	1.99 	
3.56 	2.11 	
3.56 	3.06 	
3.41 	2.49 	
3.66 	2.27 	
3.66 	1.65 	
3.65 	1.96 	
3.57 	3.12 	
3.32 	2.51 	
3.77 	3.03 	
3.44 	2.52 	
4.04 	3.01 	
3.79 	3.14 	
4.09 	2.62 	
3.76 	2.36 	
3.78 	2.23 	
3.85 	2.63 	
3.91 	2.57 	
3.83 	2.06 	
3.53 	1.95 	
3.76 	1.58 	
4.08 	1.48 	
3.28 	2.12 	
4.01 	1.86 	
5.03 	2.02 	
3.63 	2.42 	
4.26 	1.81 	
3.22 	1.54 	
3.34 	1.47 	
4.52 	1.40 	
4.11 	2.18 	
4.11 	1.70 	
3.90 	1.85 	
3.78 	2.32 	
3.43 	1.70 	
4.10 	2.01 	
3.53 	1.52 	
3.35 	1.84 	
3.76 	2.16 	
3.32 	1.77 	
3.45 	2.00 	
3.51 	2.05 	
3.58 	2.02 	
3.47 	2.35 	
3.61 	1.42 	
3.78 	1.99 	
3.85 	1.70 	
3.95 	1.63 	
3.72 	1.79 	
3.83 	2.34 	
3.82 	1.98 	
3.47 	2.22 	
3.62 	1.48 	
3.95 	2.37 	
4.06 	2.10 	
3.54 	2.35 	
3.81 	2.28 	
4.03 	1.94 	
3.71 	2.51 	
4.06 	2.23 	
4.21 	2.43 	
3.49 	2.56 	
4.00 	2.48 	
3.47 	2.45 	
3.25 	2.58 	
3.43 	2.58 	
3.58 	2.61 	
3.72 	2.61 	
3.39 	2.06 	
3.44 	1.85 	
3.50 	1.66 	
3.64 	1.80 	
3.30 	1.75 	
3.39 	2.11 	
3.70 	1.84 	
3.72 	1.91 	
3.87 	1.66 	
3.77 	1.77 	
4.89 	1.60 	
4.82 	1.81 	
5.04 	2.04 	
4.67 	1.93 	
3.95 	1.84 	
3.95 	1.57 	
4.58 	1.61 	
4.71 	1.59 	
4.72 	1.59 	
3.66 	2.25 	
4.22 	2.45 	
4.61 	2.49 	
3.91 	1.47 	
4.49 	2.46 	
4.29 	2.50 	
4.21 	1.88 	
3.74 	2.38 	
3.95 	2.32 	
3.54 	2.21 	
4.22 	2.02 	
4.56 	1.87 	
4.58 	1.66 	
4.65 	2.03 	
4.67 	1.95 	
4.67 	1.86 	
4.49 	2.04 	
4.64 	2.11 	
4.57 	1.77 	
4.64 	2.63 	
4.54 	2.67 	
4.50 	2.42 	
5.08 	2.48 	
4.36 	2.76 	
5.21 	2.71 	
4.89 	2.41 	
3.96 	2.26 	
3.75 	2.44 	
4.31 	2.43 	
3.79 	1.73 	
3.69 	2.23 	
3.81 	2.17 	
3.46 	1.55 	
3.98 	1.78 	
4.52 	1.97 	
3.54 	1.77 	
3.55 	1.73 	
5.00 	1.69 	
4.98 	1.62 	
5.12 	1.87 	
5.27 	1.95 	
5.17 	1.70 	
4.97 	1.50 	
5.39 	1.59 	
5.44 	1.67 	
5.18 	1.73 	
5.44 	1.77 	
5.44 	1.76 	
5.56 	1.79 	
4.88 	1.73 	
5.14 	1.84 	
5.27 	1.76 	
5.35 	1.91 	
5.08 	1.44 	
4.81 	1.74 	
4.76 	1.94 	
5.10 	1.79 	
5.46 	1.85 	
5.78 	1.91 	
5.16 	1.73 	
4.67 	2.28 	
5.39 	1.96 	
5.24 	1.92 	
5.62 	1.80 	
5.06 	1.50 	
4.92 	1.60 	
5.14 	1.78 	
4.94 	1.46 	
5.29 	1.60 	
4.79 	1.85 	
4.67 	1.83 	
5.48 	2.23 	
4.53 	2.00 	
5.18 	1.70 	
4.67 	1.79 	
4.86 	1.91 	
4.30 	1.16 	
4.63 	1.27 	
4.72 	1.63 	
4.49 	1.28 	
4.65 	1.97 	
5.43 	1.40 	
5.10 	1.53 	
5.55 	2.30 	
6.19 	1.87 	
5.69 	1.70 	
5.41 	1.50 	
5.48 	1.24 	
5.37 	1.20 	
4.36 	1.22 	
5.12 	1.54 	
5.27 	1.62 	
4.84 	1.60 	
4.72 	1.86 	
4.17 	1.64 	
4.74 	1.63 	
4.54 	1.86 	
4.57 	1.62 	
4.51 	2.02 	
4.30 	1.98 	
4.64 	2.30 	
4.68 	2.49 	
4.80 	2.56 	
4.74 	1.93 	
5.18 	2.17 	
5.70 	1.59 	
5.53 	2.71 	
5.71 	3.02 	
5.64 	2.54 	
5.29 	2.79 	
5.15 	2.37 	
5.17 	2.37 	
5.39 	2.63 	
5.04 	3.08 	
5.14 	2.66 	
5.73 	3.39 	
5.75 	2.82 	
5.42 	1.65 	
4.89 	2.10 	
4.85 	1.64 	
4.76 	2.15 	
5.23 	2.44 	
5.20 	2.41 	
5.16 	2.33 	
5.28 	2.37 	
5.30 	1.61 	
5.94 	1.83 	
5.18 	1.93 	
5.78 	1.53 	
5.50 	1.84 	
5.46 	2.03 	
5.25 	1.73 	
5.53 	1.60 	
5.71 	2.48 	
5.26 	2.50 	
4.84 	2.79 	
5.04 	2.63 	
5.29 	2.33 	
5.31 	2.32 	
5.32 	2.16 	
5.06 	1.90 	
4.91 	2.25 	
4.89 	1.92 	
4.52 	2.13 	
4.25 	2.43 	
4.34 	2.20 	
5.24 	2.68 	
5.32 	2.48 	
5.18 	2.39 	
5.81 	2.02 	
5.21 	1.57 	
4.65 	1.95 	
5.64 	1.97 	
6.10 	1.68 	
5.94 	2.03 	
5.09 	1.95 	
5.12 	1.89 	
5.03 	1.83 	
5.16 	1.37 	
5.16 	1.85 	
5.53 	1.89 	
5.43 	1.70 	
5.53 	1.87 	
4.71 	1.75 	
5.30 	1.34 	
5.01 	1.89 	
4.84 	1.63 	
5.14 	1.98 	
4.99 	1.98 	
5.02 	1.83 	
5.38 	1.91 	
5.22 	1.74 	
5.18 	1.62 	
5.58 	1.39 	
5.06 	1.71 	
4.65 	2.06 	
4.73 	1.85 	
4.86 	2.04 	
4.34 	1.83 	
4.50 	1.27 	
5.09 	1.39 	
4.91 	1.29 	
4.26 	1.28 	
4.74 	1.40 	
5.01 	1.81 	
4.86 	1.00 	
4.81 	1.11 	
4.59 	0.87 	
4.39 	1.25 	
4.29 	1.26 	
4.47 	1.00 	
4.67 	1.35 	
4.63 	1.84 	
4.91 	1.37 	
4.85 	1.08 	
4.98 	1.28 	
4.49 	0.96 	
4.88 	1.22 	
5.04 	0.93 	
4.88 	0.68 	
5.24 	1.08 	
5.02 	0.96 	
4.80 	1.09 	
5.16 	0.79 	
4.89 	1.32 	
4.96 	1.35 	
5.57 	0.97 	
5.47 	0.76 	
4.79 	0.95 	
4.81 	0.90 	
4.63 	1.08 	
3.68 	1.28 	
4.06 	0.87 	
4.54 	1.17 	
4.01 	1.57 	
4.44 	2.01 	
3.97 	2.07 	
4.36 	2.17 	
4.75 	1.72 	
4.42 	1.83 	
4.79 	2.58 	
4.28 	2.48 	
4.88 	2.93 	
4.51 	2.29 	
4.64 	2.42 	
4.45 	2.23 	
4.89 	2.60 	
4.44 	2.66 	
4.99 	2.45 	
4.95 	2.52 	
4.95 	2.50 	
4.46 	1.93 	
4.01 	1.89 	
4.55 	1.80 	
4.84 	2.36 	
3.84 	1.28 	
4.25 	1.50 	
3.89 	1.71 	
4.36 	1.43 	
3.42 	1.26 	
3.72 	2.00 	
3.94 	1.67 	
3.95 	2.07 	
4.11 	1.78 	
4.03 	2.51 	
3.64 	2.15 	
4.55 	2.42 	
4.07 	1.64 	
3.95 	1.79 	
4.39 	1.89 	
4.09 	2.19 	
4.05 	1.89 	
4.02 	1.58 	
4.40 	1.63 	
4.13 	1.71 	
4.15 	2.12 	
4.28 	1.40 	
4.49 	1.63 	
4.82 	1.76 	
3.93 	1.72 	
4.53 	1.32 	
4.25 	1.54 	
4.02 	1.35 	
3.94 	1.64 	
4.42 	1.41 	
4.43 	1.90 	
4.27 	2.62 	
4.06 	2.92 	
4.80 	2.90 	
5.09 	2.95 	
4.88 	2.82 	
5.05 	3.21 	
5.15 	3.40 	
4.47 	2.67 	
4.48 	2.99 	
4.22 	3.33 	
4.67 	3.18 	
5.01 	3.28 	
4.30 	3.62 	
4.96 	3.41 	
5.04 	3.46 	
4.71 	3.12 	
4.48 	3.06 	
4.90 	2.91 	
5.11 	3.42 	
4.13 	2.30 	
4.49 	2.36 	
5.14 	2.38 	
3.41 	2.71 	
4.44 	2.75 	
3.88 	2.28 	
4.20 	2.74 	
4.85 	2.48 	
5.09 	2.62 	
5.00 	2.47 	
4.44 	2.56 	
4.25 	2.17 	
4.53 	2.59 	
4.78 	2.57 	
4.32 	2.90 	
4.05 	2.71 	
4.42 	3.12 	
4.23 	3.52 	
4.12 	2.91 	
4.01 	2.22 	
3.81 	3.21 	
3.83 	2.88 	
4.61 	2.72 	
3.96 	2.65 	
4.37 	2.93 	
4.65 	3.56 	
4.73 	3.66 	
4.81 	3.22 	
4.84 	2.97 	
4.30 	2.35 	
3.85 	3.00 	
3.74 	3.12 	
4.31 	3.62 	
4.67 	2.74 	
3.90 	2.41 	
4.48 	3.16 	
4.26 	2.54 	
4.43 	2.75 	
4.30 	3.24 	
4.22 	2.74 	
4.80 	2.24 	
4.25 	2.67 	
3.93 	2.50 	
4.15 	2.75 	
4.20 	3.06 	
4.41 	2.74 	
4.41 	2.74 	
4.65 	3.20 	
5.07 	3.52 	
4.22 	3.23 	
4.18 	2.97 	
4.25 	2.82 	
4.18 	2.88 	
3.93 	2.46 	
4.78 	1.98 	
4.52 	1.78 	
4.57 	2.23 	
4.50 	1.76 	
4.40 	1.64 	
4.81 	2.44 	
4.82 	1.97 	
4.87 	1.78 	
4.33 	2.02 	
4.37 	2.06 	
4.29 	1.91 	
3.94 	1.80 	
4.56 	2.15 	
4.27 	2.42 	
3.93 	2.83 	
4.78 	2.57 	
3.77 	2.61 	
4.32 	2.28 	
4.26 	2.15 	
4.18 	2.53 	
4.16 	2.38 	
4.16 	2.19 	
3.87 	2.73 	
3.85 	2.72 	
3.90 	2.45 	
4.13 	3.06 	
4.15 	3.38 	
4.35 	3.51 	
3.73 	3.58 	
3.55 	3.60 	
4.02 	3.12 	
4.63 	3.29 	
4.28 	3.20 	
4.01 	2.96 	
4.25 	3.22 	
3.93 	2.87 	
4.39 	2.62 	
3.82 	3.08 	
3.94 	2.72 	
4.07 	3.34 	
4.24 	2.60 	
4.14 	3.06 	
4.25 	2.89 	
4.25 	2.97 	
3.99 	2.81 	
3.98 	2.86 	
4.09 	2.95 	
4.37 	3.02 	
4.18 	2.88 	
3.95 	2.62 	
4.23 	2.81 	
4.10 	2.85 	
4.13 	3.04 	
4.13 	2.88 	
4.00 	2.66 	
4.30 	2.91 	
3.51 	3.05 	
3.68 	2.50 	
3.61 	2.34 	
3.98 	2.58 	
4.08 	3.03 	
4.57 	2.40 	
3.76 	2.92 	
3.91 	2.69 	
4.44 	3.01 	
3.57 	2.55 	
4.08 	2.96 	
4.01 	3.10 	
3.96 	2.59 	
4.05 	3.01 	
4.09 	2.69 	
4.27 	2.75 	
4.16 	3.36 	
3.93 	3.12 	
3.86 	3.38 	
3.98 	3.27 	
4.26 	3.30 	
4.23 	3.24 	
4.06 	3.13 	
4.23 	2.68 	
4.22 	2.86 	
4.47 	2.59 	
3.76 	2.64 	
4.31 	2.67 	
4.29 	3.03 	
4.34 	2.36 	
4.31 	2.46 	
4.33 	2.40 	
4.23 	2.69 	
4.15 	2.75 	
4.46 	3.13 	
4.50 	3.08 	
4.30 	3.13 	
4.21 	3.07 	
4.20 	2.86 	
4.00 	2.64 	
4.22 	2.69 	
3.75 	2.92 	
4.13 	2.92 	
4.02 	3.01 	
4.14 	2.75 	
3.87 	2.98 	
3.60 	2.94 	
4.38 	3.05 	
3.66 	2.84 	
3.63 	2.84 	
4.11 	2.91 	
4.04 	2.78 	
4.45 	2.66 	
3.80 	2.03 	
4.24 	2.62 	
4.38 	3.19 	
4.70 	3.31 	
4.49 	2.89 	
4.32 	3.28 	
4.29 	3.10 	
3.87 	3.20 	
4.34 	2.90 	
4.04 	3.33 	
4.09 	3.13 	
3.58 	3.12 	
3.23 	3.33 	
3.99 	2.87 	
4.49 	3.43 	
4.38 	3.12 	
4.04 	2.70 	
4.08 	3.35 	
3.53 	3.14 	
4.27 	2.94 	
4.25 	3.00 	
4.32 	2.91 	
4.18 	2.91 	
4.09 	2.44 	
4.25 	3.19 	
4.23 	3.11 	
4.35 	2.47 	
4.71 	3.18 	
4.44 	2.71 	
4.09 	2.74 	
4.30 	3.01 	
4.07 	2.90 	
4.37 	3.02 	
3.87 	2.92 	
4.04 	3.09 	
4.16 	3.33 	
3.95 	3.48 	
4.15 	3.30 	
3.99 	3.16 	
4.28 	3.10 	
4.17 	2.84 	
4.45 	3.40 	
4.27 	2.95 	
4.56 	3.11 	
4.08 	3.58 	
4.64 	2.80 	
4.45 	3.38 	
4.26 	3.06 	
4.38 	3.16 	
4.35 	3.12 	
4.54 	2.95 	
4.44 	2.97 	
4.54 	3.19 	
3.97 	2.27 	
4.28 	2.23 	
4.40 	2.50 	
3.94 	2.26 	
4.43 	2.14 	
4.36 	1.71 	
4.33 	2.45 	
4.46 	2.71 	
4.40 	2.90 	
4.34 	2.62 	
4.27 	2.70 	
3.87 	3.35 	
4.06 	2.97 	
4.16 	3.40 	
4.27 	3.29 	
4.34 	3.44 	
4.63 	3.01 	
4.26 	3.62 	
3.32 	3.33 	
3.12 	3.20 	
3.07 	2.99 	
2.84 	3.03 	
3.13 	3.48 	
3.30 	2.76 	
3.62 	3.19 	
3.35 	3.10 	
4.04 	3.08 	
3.05 	3.18 	
2.93 	3.31 	
3.32 	3.10 	
3.60 	3.25 	
3.59 	3.12 	
3.14 	2.93 	
3.44 	2.97 	
4.26 	3.07 	
4.11 	3.31 	
3.68 	2.93 	
3.56 	3.30 	
4.06 	2.97 	
