9.68 	10.22 	
9.93 	9.36 	
9.27 	9.01 	
8.57 	8.88 	
8.29 	8.75 	
9.58 	8.78 	
9.08 	8.96 	
8.48 	8.71 	
8.84 	9.22 	
8.21 	8.74 	
8.45 	8.46 	
8.49 	8.50 	
8.17 	8.78 	
8.90 	9.63 	
7.85 	9.89 	
9.23 	9.07 	
9.58 	8.40 	
8.81 	9.40 	
9.11 	8.38 	
8.54 	8.32 	
8.10 	9.05 	
8.13 	8.22 	
8.39 	8.36 	
8.95 	8.93 	
8.45 	8.05 	
8.72 	8.69 	
8.53 	9.27 	
9.61 	8.60 	
9.98 	9.30 	
9.35 	9.04 	
8.82 	9.06 	
8.84 	8.92 	
8.97 	9.22 	
8.79 	9.67 	
8.21 	9.11 	
8.97 	9.40 	
8.82 	8.55 	
8.98 	8.94 	
9.16 	8.56 	
9.20 	8.94 	
9.21 	8.98 	
9.04 	8.89 	
9.24 	8.92 	
9.11 	9.61 	
8.53 	9.68 	
8.75 	9.68 	
9.15 	8.85 	
10.00 	8.87 	
8.56 	8.74 	
9.06 	10.19 	
9.76 	8.93 	
9.21 	9.00 	
9.27 	8.82 	
9.17 	8.90 	
9.04 	8.64 	
9.57 	8.99 	
9.27 	8.73 	
9.18 	8.47 	
9.78 	8.73 	
9.11 	8.96 	
9.79 	9.76 	
9.30 	8.81 	
9.42 	8.69 	
9.39 	9.17 	
8.52 	9.50 	
9.61 	8.53 	
9.50 	8.90 	
9.65 	9.28 	
10.13 	8.94 	
9.20 	9.64 	
8.99 	9.11 	
9.15 	8.92 	
9.20 	8.83 	
9.56 	8.97 	
9.22 	9.63 	
9.52 	9.92 	
9.74 	9.60 	
10.13 	9.55 	
9.28 	9.01 	
10.68 	9.23 	
9.16 	9.35 	
9.74 	9.04 	
9.69 	7.89 	
9.78 	7.98 	
9.29 	8.02 	
9.77 	8.35 	
9.89 	7.49 	
10.49 	7.35 	
10.50 	8.50 	
10.20 	7.90 	
10.02 	6.86 	
9.79 	8.04 	
10.04 	8.12 	
9.33 	7.53 	
8.83 	8.22 	
10.13 	7.33 	
9.42 	8.02 	
8.71 	7.63 	
9.24 	7.91 	
9.33 	8.94 	
9.58 	7.94 	
8.57 	7.87 	
9.38 	8.16 	
8.88 	8.09 	
9.30 	8.89 	
9.32 	8.70 	
9.40 	8.48 	
9.46 	8.96 	
9.26 	9.43 	
8.83 	9.31 	
8.87 	9.17 	
8.65 	8.51 	
9.56 	8.56 	
9.48 	8.95 	
10.07 	8.08 	
9.80 	9.77 	
9.54 	9.35 	
9.70 	9.95 	
9.36 	8.10 	
9.87 	8.28 	
9.76 	8.45 	
9.86 	8.18 	
9.27 	8.88 	
8.95 	8.12 	
8.52 	8.96 	
9.42 	8.84 	
9.26 	8.75 	
9.41 	8.19 	
9.24 	8.76 	
9.52 	8.33 	
9.49 	8.79 	
9.44 	8.73 	
9.73 	8.91 	
9.04 	8.21 	
8.93 	8.24 	
8.77 	7.85 	
8.67 	8.40 	
8.50 	8.85 	
8.65 	8.92 	
8.70 	9.58 	
8.54 	8.77 	
8.34 	8.54 	
8.74 	9.11 	
8.28 	8.92 	
8.81 	8.34 	
8.93 	9.84 	
8.64 	9.46 	
8.83 	9.31 	
9.24 	8.88 	
8.82 	9.26 	
8.97 	9.13 	
8.87 	9.17 	
8.58 	8.82 	
9.02 	9.73 	
9.18 	9.14 	
9.09 	8.56 	
8.98 	9.31 	
8.44 	9.43 	
9.08 	9.09 	
8.86 	8.65 	
7.97 	9.45 	
8.82 	8.81 	
8.97 	8.49 	
9.15 	9.04 	
9.11 	9.24 	
8.66 	9.01 	
9.27 	9.11 	
8.55 	9.11 	
8.88 	8.47 	
8.81 	8.89 	
8.87 	8.78 	
8.78 	9.14 	
8.66 	8.90 	
9.04 	9.02 	
8.78 	9.19 	
8.45 	8.66 	
9.17 	9.01 	
9.23 	8.79 	
9.56 	8.61 	
8.95 	8.87 	
9.18 	8.77 	
9.01 	8.12 	
9.15 	8.76 	
9.42 	8.85 	
10.14 	8.00 	
8.39 	7.94 	
9.31 	8.99 	
9.00 	8.69 	
9.20 	8.68 	
8.94 	8.04 	
9.50 	8.76 	
8.31 	8.55 	
8.82 	8.44 	
9.28 	8.39 	
9.26 	8.00 	
9.52 	8.66 	
9.20 	8.52 	
8.85 	8.33 	
9.48 	9.05 	
9.96 	8.45 	
8.18 	8.84 	
9.03 	7.79 	
9.42 	9.07 	
9.33 	8.72 	
8.78 	8.67 	
9.32 	8.71 	
8.47 	8.81 	
8.84 	8.25 	
8.99 	7.93 	
8.56 	7.69 	
9.24 	8.29 	
8.70 	8.15 	
8.86 	8.29 	
9.30 	7.70 	
9.82 	8.06 	
9.47 	9.61 	
9.90 	9.61 	
9.89 	8.82 	
9.41 	8.11 	
9.34 	8.58 	
9.51 	8.80 	
9.20 	9.09 	
9.05 	8.38 	
8.97 	8.02 	
9.21 	8.32 	
8.89 	8.53 	
9.02 	8.27 	
9.03 	8.51 	
8.88 	8.65 	
8.76 	7.91 	
9.14 	8.52 	
9.11 	8.62 	
8.94 	9.25 	
8.74 	8.71 	
8.95 	8.22 	
8.85 	8.36 	
9.11 	8.87 	
8.77 	7.58 	
8.74 	9.31 	
8.85 	9.00 	
8.53 	8.93 	
8.61 	8.97 	
9.14 	9.11 	
8.89 	9.08 	
9.07 	8.95 	
8.73 	9.17 	
8.66 	9.72 	
8.63 	9.39 	
9.27 	9.57 	
8.66 	8.80 	
8.99 	9.74 	
9.01 	8.53 	
9.11 	8.87 	
9.24 	8.01 	
9.09 	9.30 	
9.21 	8.18 	
9.87 	9.28 	
9.45 	7.88 	
8.76 	8.46 	
9.00 	8.62 	
8.65 	9.35 	
9.46 	8.78 	
8.57 	8.96 	
9.12 	8.19 	
9.27 	9.05 	
8.91 	8.70 	
9.04 	9.13 	
9.10 	8.88 	
9.56 	9.37 	
9.19 	9.15 	
8.46 	8.74 	
8.94 	9.27 	
8.96 	8.98 	
9.13 	9.59 	
9.06 	9.78 	
9.52 	8.92 	
8.97 	8.86 	
9.04 	8.82 	
8.66 	9.42 	
9.30 	8.17 	
8.93 	9.04 	
8.85 	8.33 	
8.72 	8.98 	
8.77 	8.99 	
8.85 	8.92 	
9.06 	8.75 	
9.05 	9.25 	
10.08 	8.51 	
9.00 	8.91 	
9.24 	8.42 	
9.07 	8.50 	
8.70 	8.37 	
8.17 	9.11 	
8.92 	9.09 	
9.20 	9.52 	
9.13 	9.27 	
9.44 	9.29 	
9.45 	9.13 	
9.55 	9.67 	
9.78 	9.70 	
10.44 	9.81 	
9.91 	8.80 	
10.02 	9.26 	
9.30 	9.85 	
9.47 	9.68 	
9.22 	9.24 	
9.68 	9.72 	
8.85 	7.94 	
10.41 	8.59 	
9.04 	8.90 	
9.52 	9.73 	
9.84 	8.95 	
9.83 	9.59 	
10.61 	9.30 	
9.43 	9.63 	
9.73 	9.17 	
10.23 	9.53 	
9.92 	9.32 	
8.64 	9.44 	
9.76 	9.32 	
9.36 	9.36 	
9.40 	8.75 	
9.65 	8.86 	
10.00 	8.38 	
9.37 	9.06 	
9.14 	8.91 	
9.99 	8.98 	
9.21 	8.47 	
9.53 	8.67 	
10.18 	8.54 	
9.64 	9.71 	
9.47 	9.72 	
9.18 	9.27 	
10.07 	8.59 	
10.00 	9.26 	
9.80 	8.46 	
10.46 	8.81 	
9.35 	8.93 	
9.81 	9.01 	
9.79 	8.70 	
10.02 	9.05 	
9.86 	9.69 	
9.71 	9.13 	
9.59 	8.89 	
9.19 	9.32 	
8.96 	8.97 	
9.24 	8.49 	
9.54 	8.72 	
10.62 	8.25 	
9.61 	8.38 	
9.46 	8.96 	
9.97 	8.75 	
9.55 	8.81 	
9.81 	8.64 	
9.42 	8.33 	
10.20 	8.46 	
9.77 	8.53 	
9.93 	7.64 	
9.61 	7.85 	
10.75 	7.55 	
11.07 	8.59 	
10.11 	8.74 	
10.01 	8.58 	
10.41 	8.66 	
10.54 	8.39 	
10.37 	8.25 	
10.40 	8.69 	
10.73 	8.51 	
10.77 	8.59 	
10.15 	8.48 	
10.33 	8.16 	
9.69 	8.37 	
10.35 	8.56 	
11.24 	7.75 	
10.77 	7.89 	
10.41 	8.74 	
9.59 	8.69 	
10.70 	8.22 	
10.49 	8.14 	
8.89 	8.42 	
9.91 	8.25 	
9.98 	8.04 	
9.93 	7.76 	
10.71 	8.05 	
11.04 	7.84 	
9.72 	8.96 	
10.26 	7.60 	
9.75 	8.11 	
9.96 	9.13 	
9.67 	8.64 	
9.66 	9.28 	
9.72 	8.95 	
9.37 	8.40 	
9.22 	8.71 	
9.49 	8.02 	
9.58 	8.12 	
9.59 	8.18 	
9.41 	8.34 	
9.13 	8.09 	
9.78 	7.64 	
9.32 	8.50 	
9.86 	8.57 	
10.59 	8.78 	
9.72 	8.51 	
9.99 	8.74 	
9.67 	8.43 	
9.64 	8.90 	
9.41 	8.42 	
10.05 	8.37 	
9.42 	7.58 	
9.38 	8.55 	
9.64 	8.30 	
9.91 	8.40 	
9.17 	8.71 	
9.61 	8.82 	
9.84 	8.02 	
10.03 	8.97 	
9.11 	8.55 	
9.36 	8.35 	
10.01 	8.16 	
9.65 	8.11 	
10.45 	9.44 	
9.43 	8.57 	
9.81 	9.60 	
10.11 	8.97 	
9.37 	9.15 	
9.66 	9.26 	
9.55 	9.19 	
9.89 	8.41 	
9.58 	8.09 	
9.45 	8.62 	
9.41 	8.63 	
10.12 	8.46 	
9.33 	8.97 	
9.94 	8.89 	
9.87 	9.04 	
10.19 	9.01 	
9.78 	8.17 	
9.73 	9.37 	
9.76 	9.28 	
9.29 	9.13 	
9.16 	9.03 	
9.99 	9.26 	
9.47 	9.30 	
9.61 	8.46 	
9.68 	9.05 	
9.43 	8.67 	
9.58 	9.08 	
9.48 	8.94 	
9.74 	9.56 	
9.67 	8.96 	
9.24 	9.96 	
9.47 	10.31 	
10.06 	9.63 	
10.28 	9.76 	
9.49 	9.95 	
9.89 	9.72 	
9.65 	10.30 	
9.90 	9.97 	
9.39 	10.21 	
9.68 	10.08 	
9.32 	10.07 	
10.63 	9.88 	
10.18 	10.18 	
10.81 	9.38 	
10.05 	9.32 	
9.19 	8.88 	
9.58 	9.44 	
9.21 	9.20 	
9.43 	8.93 	
9.25 	9.29 	
10.77 	9.11 	
10.66 	9.22 	
9.52 	9.03 	
10.39 	8.93 	
9.66 	9.23 	
10.79 	9.17 	
10.70 	8.81 	
9.92 	9.21 	
9.05 	8.58 	
9.48 	8.97 	
10.11 	8.85 	
10.11 	9.13 	
9.99 	8.87 	
9.98 	10.16 	
9.89 	9.08 	
10.17 	8.97 	
10.80 	9.43 	
10.57 	8.77 	
9.94 	9.54 	
10.06 	9.05 	
10.61 	10.09 	
9.87 	9.93 	
9.96 	9.16 	
9.88 	9.54 	
10.25 	9.21 	
10.54 	8.97 	
10.05 	8.97 	
9.80 	9.12 	
9.51 	8.79 	
10.08 	9.03 	
9.75 	8.96 	
10.21 	8.70 	
10.70 	9.10 	
9.84 	9.11 	
9.72 	8.90 	
9.78 	8.68 	
9.99 	8.82 	
9.91 	8.92 	
9.16 	8.66 	
8.92 	8.40 	
9.08 	8.94 	
9.71 	9.00 	
9.60 	9.03 	
9.51 	8.65 	
9.28 	8.76 	
9.59 	9.17 	
9.63 	9.22 	
9.67 	9.04 	
9.42 	9.03 	
9.60 	9.00 	
10.12 	9.26 	
10.03 	9.38 	
9.62 	9.42 	
10.46 	9.77 	
9.59 	9.55 	
9.82 	10.27 	
9.33 	8.62 	
9.45 	8.99 	
9.65 	9.03 	
9.46 	9.38 	
9.59 	8.76 	
9.21 	8.94 	
10.07 	8.53 	
10.21 	9.61 	
9.75 	9.22 	
10.27 	9.03 	
9.69 	8.87 	
9.17 	9.09 	
10.10 	9.54 	
9.74 	8.87 	
10.92 	8.06 	
9.88 	8.54 	
9.42 	9.30 	
9.70 	8.76 	
9.76 	9.02 	
9.76 	8.67 	
9.57 	9.28 	
9.53 	9.43 	
9.44 	9.47 	
9.88 	9.06 	
9.36 	9.10 	
8.96 	8.94 	
9.30 	9.85 	
8.91 	9.29 	
9.90 	9.49 	
9.38 	10.08 	
9.78 	9.50 	
9.01 	9.37 	
9.33 	9.19 	
9.50 	9.42 	
9.72 	9.21 	
9.53 	9.12 	
10.00 	9.15 	
9.78 	8.40 	
10.05 	8.62 	
9.50 	9.17 	
9.55 	8.70 	
9.20 	8.35 	
9.51 	8.63 	
9.85 	8.56 	
9.74 	8.66 	
9.81 	8.73 	
9.92 	8.48 	
9.67 	8.68 	
9.48 	8.43 	
9.87 	8.02 	
9.73 	8.11 	
10.13 	9.34 	
9.34 	8.28 	
9.27 	8.34 	
9.40 	9.11 	
9.32 	8.48 	
9.92 	8.76 	
10.13 	8.13 	
9.58 	8.63 	
10.15 	9.53 	
10.45 	9.66 	
10.52 	9.22 	
11.04 	9.38 	
10.49 	9.84 	
10.22 	10.25 	
9.97 	9.67 	
10.46 	9.30 	
10.02 	9.45 	
10.77 	9.55 	
10.78 	9.03 	
11.54 	9.18 	
10.38 	8.73 	
10.70 	8.89 	
10.84 	7.83 	
11.26 	8.38 	
11.53 	9.18 	
11.36 	9.18 	
11.34 	9.07 	
10.75 	8.83 	
10.34 	8.83 	
10.83 	9.03 	
11.07 	9.01 	
11.68 	8.73 	
11.13 	8.68 	
11.20 	8.87 	
10.59 	8.83 	
10.78 	8.76 	
11.25 	8.98 	
10.87 	8.35 	
10.49 	9.15 	
10.47 	10.13 	
11.49 	9.32 	
10.71 	9.36 	
10.81 	9.09 	
11.16 	8.64 	
11.75 	8.84 	
11.01 	8.72 	
11.34 	9.39 	
11.25 	10.23 	
10.51 	10.08 	
10.72 	9.81 	
11.17 	9.65 	
11.29 	8.36 	
11.01 	9.28 	
11.31 	9.34 	
11.14 	10.48 	
11.20 	9.80 	
11.53 	10.30 	
10.83 	9.74 	
10.41 	10.61 	
10.03 	10.31 	
11.00 	9.81 	
11.30 	9.81 	
11.46 	9.97 	
10.91 	9.49 	
11.26 	10.09 	
10.84 	9.37 	
9.93 	11.10 	
10.76 	10.15 	
11.12 	10.41 	
11.65 	10.35 	
11.00 	9.59 	
10.73 	10.31 	
10.60 	10.16 	
10.51 	9.35 	
10.20 	9.43 	
10.03 	8.32 	
10.67 	10.21 	
9.73 	9.14 	
9.78 	10.32 	
10.39 	10.88 	
9.75 	10.21 	
9.89 	10.22 	
8.93 	9.62 	
9.53 	9.79 	
10.01 	9.06 	
10.96 	9.56 	
10.60 	9.29 	
10.44 	9.27 	
10.78 	10.27 	
10.26 	9.84 	
10.76 	9.38 	
10.13 	10.00 	
10.82 	9.73 	
10.43 	10.36 	
9.33 	10.41 	
9.87 	9.94 	
10.36 	9.38 	
9.79 	9.62 	
10.63 	10.09 	
10.12 	9.97 	
9.53 	9.85 	
9.60 	9.06 	
9.49 	9.52 	
10.71 	9.94 	
9.73 	8.82 	
9.87 	9.84 	
9.15 	9.36 	
9.23 	9.43 	
9.90 	8.53 	
10.17 	9.74 	
9.88 	10.00 	
10.03 	9.96 	
10.19 	10.09 	
9.76 	9.66 	
9.96 	9.75 	
9.45 	9.99 	
10.39 	10.74 	
10.16 	9.93 	
9.28 	9.81 	
9.70 	9.77 	
10.43 	10.41 	
10.41 	10.44 	
9.78 	10.60 	
9.52 	10.28 	
10.23 	9.62 	
10.02 	9.96 	
9.52 	9.99 	
9.83 	9.96 	
9.83 	9.32 	
10.33 	9.47 	
9.98 	9.38 	
10.23 	9.03 	
10.51 	9.89 	
9.47 	10.45 	
9.97 	9.96 	
10.04 	9.66 	
9.99 	9.02 	
9.86 	9.51 	
10.64 	8.95 	
9.87 	10.03 	
10.00 	9.77 	
9.67 	9.83 	
10.03 	10.31 	
9.68 	9.98 	
9.88 	9.05 	
10.10 	8.94 	
10.74 	9.07 	
10.22 	9.49 	
9.73 	9.15 	
9.58 	9.30 	
9.47 	8.99 	
9.52 	9.03 	
9.57 	9.36 	
9.62 	9.14 	
9.36 	8.91 	
9.32 	9.34 	
9.78 	9.75 	
9.10 	9.38 	
9.02 	9.35 	
9.53 	9.54 	
8.34 	9.24 	
8.07 	9.70 	
9.03 	10.02 	
8.66 	9.56 	
9.53 	9.67 	
8.90 	9.70 	
8.96 	9.19 	
9.55 	9.29 	
9.15 	9.24 	
8.99 	9.47 	
8.76 	9.52 	
9.15 	9.49 	
9.44 	9.46 	
9.75 	9.04 	
9.96 	9.09 	
9.98 	8.96 	
9.54 	8.87 	
10.11 	9.41 	
9.76 	9.07 	
9.75 	8.68 	
9.29 	8.69 	
9.86 	9.27 	
9.00 	8.95 	
9.32 	9.07 	
9.28 	8.75 	
9.76 	8.76 	
9.78 	9.34 	
9.36 	9.19 	
9.42 	9.14 	
9.84 	9.19 	
9.56 	8.85 	
9.99 	9.15 	
9.97 	9.63 	
9.32 	9.19 	
10.49 	9.00 	
10.36 	9.19 	
9.58 	9.72 	
9.89 	9.76 	
9.18 	9.26 	
9.74 	9.89 	
9.76 	10.06 	
8.39 	9.64 	
9.25 	8.55 	
8.92 	9.41 	
9.53 	9.08 	
8.85 	9.13 	
9.59 	9.48 	
9.96 	9.46 	
9.34 	8.14 	
9.23 	9.00 	
9.76 	9.33 	
9.31 	8.41 	
9.18 	9.03 	
9.54 	8.91 	
9.42 	9.92 	
9.97 	8.89 	
10.32 	9.13 	
9.73 	9.12 	
10.03 	9.19 	
9.54 	9.29 	
10.01 	8.93 	
10.25 	8.86 	
9.69 	9.18 	
9.56 	9.01 	
10.17 	9.39 	
10.20 	9.67 	
9.84 	9.40 	
9.27 	9.19 	
10.01 	9.11 	
10.23 	9.55 	
10.22 	9.99 	
10.31 	9.07 	
10.18 	9.79 	
10.13 	9.31 	
9.77 	9.87 	
9.79 	10.13 	
10.09 	9.40 	
9.17 	9.61 	
9.42 	9.01 	
9.23 	8.46 	
9.88 	9.50 	
9.44 	9.84 	
10.35 	9.24 	
10.52 	9.38 	
10.19 	9.68 	
10.05 	9.74 	
10.06 	9.28 	
9.81 	8.92 	
10.02 	9.74 	
9.72 	10.15 	
9.78 	9.67 	
10.20 	9.47 	
9.75 	9.95 	
9.67 	9.86 	
9.89 	10.06 	
10.50 	9.29 	
10.31 	10.32 	
9.97 	9.76 	
10.51 	9.10 	
10.13 	9.69 	
9.53 	9.09 	
9.86 	9.38 	
9.39 	9.98 	
9.64 	9.92 	
9.33 	9.62 	
10.25 	9.70 	
9.98 	9.60 	
9.54 	9.76 	
8.99 	9.00 	
9.19 	9.65 	
9.35 	9.57 	
9.47 	9.74 	
9.54 	9.42 	
9.60 	9.60 	
9.97 	9.26 	
10.06 	9.38 	
9.45 	9.09 	
10.74 	9.25 	
10.57 	9.26 	
10.22 	9.28 	
10.39 	9.16 	
10.03 	10.04 	
10.03 	9.75 	
10.94 	9.80 	
10.06 	10.12 	
10.31 	10.25 	
10.41 	10.06 	
9.73 	10.11 	
10.05 	10.15 	
8.97 	9.81 	
9.29 	10.18 	
9.42 	10.31 	
9.59 	10.20 	
9.25 	10.12 	
10.01 	9.95 	
9.90 	10.08 	
9.53 	9.80 	
9.32 	9.54 	
10.19 	10.19 	
9.93 	9.82 	
9.57 	9.28 	
9.30 	9.09 	
9.90 	9.13 	
9.81 	9.92 	
9.36 	9.22 	
10.02 	9.24 	
9.94 	9.20 	
9.82 	8.71 	
9.81 	9.18 	
10.17 	9.46 	
9.03 	9.56 	
8.93 	9.83 	
9.15 	9.23 	
9.87 	8.87 	
8.83 	9.47 	
9.46 	9.56 	
9.16 	9.03 	
9.00 	9.47 	
9.76 	8.37 	
9.01 	8.89 	
9.63 	9.28 	
8.81 	9.59 	
8.23 	8.96 	
8.88 	9.31 	
8.31 	8.14 	
8.86 	8.29 	
9.05 	9.30 	
9.66 	9.10 	
8.27 	9.34 	
9.38 	8.23 	
9.54 	8.80 	
9.60 	8.10 	
8.87 	8.80 	
8.81 	8.68 	
9.26 	8.66 	
9.14 	8.92 	
8.21 	8.51 	
8.87 	9.05 	
9.17 	8.38 	
9.31 	8.93 	
8.77 	8.55 	
9.54 	8.80 	
9.92 	8.82 	
9.58 	8.70 	
9.76 	8.06 	
9.81 	8.35 	
9.83 	8.62 	
8.60 	8.26 	
8.85 	8.60 	
9.48 	9.02 	
8.67 	8.41 	
8.70 	8.63 	
8.74 	8.69 	
8.53 	7.10 	
9.47 	7.97 	
8.75 	8.58 	
8.59 	8.08 	
8.39 	9.17 	
8.39 	8.72 	
9.25 	8.38 	
8.86 	8.49 	
9.05 	8.53 	
9.02 	8.53 	
9.09 	8.61 	
8.45 	8.05 	
8.34 	9.60 	
8.77 	8.79 	
8.76 	8.88 	
8.86 	8.99 	
8.35 	9.16 	
9.21 	8.86 	
9.33 	8.83 	
8.51 	8.82 	
9.13 	8.38 	
8.36 	9.01 	
9.11 	9.10 	
8.81 	9.19 	
9.18 	8.37 	
8.83 	8.83 	
8.97 	8.26 	
8.38 	8.61 	
8.61 	9.10 	
8.42 	9.25 	
9.02 	9.27 	
9.29 	9.60 	
9.03 	9.60 	
8.55 	8.17 	
8.85 	9.10 	
8.97 	9.24 	
9.38 	8.55 	
8.86 	8.26 	
8.63 	8.58 	
9.14 	8.47 	
8.67 	9.34 	
8.52 	8.99 	
9.09 	9.02 	
9.20 	8.40 	
8.38 	8.82 	
8.67 	8.49 	
8.88 	8.33 	
8.67 	8.14 	
8.66 	8.44 	
9.13 	8.37 	
8.60 	8.99 	
8.92 	8.35 	
9.20 	8.45 	
9.01 	8.03 	
10.02 	7.58 	
9.60 	8.41 	
9.19 	8.52 	
10.10 	8.35 	
10.38 	8.36 	
9.68 	9.37 	
10.09 	8.98 	
10.25 	8.22 	
10.46 	8.46 	
10.43 	8.81 	
10.93 	8.20 	
10.88 	8.48 	
10.35 	8.53 	
10.55 	8.20 	
9.90 	8.66 	
10.01 	8.45 	
10.37 	7.98 	
10.15 	7.63 	
9.93 	8.37 	
10.93 	8.64 	
10.25 	8.81 	
10.33 	9.32 	
9.45 	8.93 	
10.52 	8.25 	
10.33 	8.53 	
10.21 	9.40 	
10.76 	9.51 	
11.01 	9.17 	
10.71 	9.30 	
11.33 	8.94 	
11.21 	9.73 	
11.16 	9.57 	
9.36 	9.61 	
9.83 	9.14 	
9.85 	9.47 	
9.54 	9.38 	
10.32 	9.56 	
10.64 	10.01 	
10.84 	9.40 	
11.21 	9.15 	
10.88 	9.66 	
11.11 	9.81 	
11.14 	9.76 	
11.12 	10.13 	
11.07 	10.46 	
10.12 	9.60 	
11.32 	9.73 	
10.88 	9.98 	
10.27 	9.99 	
10.23 	9.55 	
11.26 	9.67 	
10.61 	9.75 	
10.49 	9.56 	
9.94 	10.18 	
9.44 	9.81 	
10.01 	9.67 	
10.06 	9.87 	
10.00 	9.31 	
10.73 	9.26 	
10.94 	9.64 	
11.13 	9.47 	
9.40 	9.69 	
9.97 	9.08 	
9.98 	9.69 	
9.54 	9.49 	
9.18 	9.01 	
9.02 	9.46 	
8.97 	9.64 	
8.44 	9.03 	
8.60 	9.93 	
9.09 	10.00 	
8.90 	8.96 	
8.35 	8.61 	
9.11 	9.20 	
8.39 	9.79 	
8.62 	10.03 	
8.21 	10.18 	
7.63 	8.96 	
9.08 	9.64 	
8.50 	10.44 	
9.59 	9.28 	
9.88 	9.65 	
10.37 	9.80 	
9.58 	10.15 	
9.31 	9.82 	
9.74 	9.41 	
9.46 	9.12 	
9.31 	9.00 	
9.52 	8.98 	
9.85 	9.53 	
9.91 	9.83 	
9.67 	9.52 	
8.98 	9.09 	
9.51 	9.33 	
9.91 	9.38 	
9.27 	9.26 	
9.19 	9.56 	
10.06 	10.00 	
10.13 	10.32 	
9.65 	9.40 	
8.93 	10.05 	
9.36 	9.73 	
9.12 	9.96 	
9.36 	10.23 	
9.41 	10.21 	
9.09 	9.99 	
8.58 	9.78 	
9.26 	10.17 	
8.64 	10.53 	
9.49 	10.17 	
9.47 	9.94 	
9.97 	9.84 	
9.70 	9.46 	
9.13 	9.42 	
9.17 	9.00 	
9.69 	10.26 	
9.52 	9.99 	
9.44 	10.04 	
9.98 	9.48 	
9.64 	9.91 	
9.85 	9.73 	
9.67 	9.39 	
9.68 	9.37 	
8.93 	8.79 	
9.52 	8.99 	
9.43 	8.52 	
9.57 	9.13 	
8.74 	9.50 	
8.76 	8.93 	
8.93 	8.38 	
8.49 	9.26 	
8.99 	9.69 	
9.32 	9.73 	
9.56 	10.09 	
8.53 	9.63 	
9.17 	8.85 	
9.96 	9.14 	
9.60 	8.33 	
9.68 	8.99 	
9.33 	9.13 	
8.65 	8.65 	
10.54 	8.67 	
10.21 	9.45 	
10.46 	8.98 	
9.80 	9.23 	
10.15 	8.77 	
9.80 	9.01 	
9.71 	9.41 	
10.39 	9.46 	
9.19 	9.28 	
8.84 	8.69 	
9.06 	8.84 	
8.62 	8.63 	
9.64 	8.49 	
9.38 	8.79 	
9.46 	8.18 	
9.60 	8.72 	
9.95 	8.58 	
10.24 	8.73 	
10.28 	8.52 	
8.43 	8.93 	
8.69 	8.11 	
8.15 	8.60 	
9.02 	8.61 	
9.17 	8.81 	
8.70 	9.37 	
8.33 	9.27 	
9.31 	8.54 	
9.81 	9.16 	
9.75 	9.08 	
9.89 	8.90 	
9.20 	8.63 	
9.35 	8.80 	
8.44 	9.17 	
9.00 	8.69 	
8.81 	8.47 	
8.47 	8.71 	
7.73 	8.50 	
7.83 	8.88 	
8.77 	9.12 	
8.90 	9.57 	
8.16 	8.48 	
8.14 	9.13 	
8.98 	8.91 	
8.41 	8.77 	
8.60 	9.41 	
8.91 	9.43 	
8.53 	8.58 	
8.56 	8.61 	
8.69 	9.00 	
8.60 	8.77 	
9.47 	8.92 	
9.71 	9.07 	
8.60 	8.38 	
8.60 	8.77 	
8.68 	8.72 	
8.39 	8.99 	
9.46 	8.22 	
9.74 	9.29 	
8.90 	9.12 	
8.74 	9.02 	
8.75 	8.73 	
9.13 	9.52 	
9.66 	9.53 	
9.05 	9.35 	
8.50 	9.09 	
8.66 	8.99 	
8.86 	8.64 	
8.53 	9.21 	
8.91 	8.67 	
9.11 	8.58 	
9.65 	8.88 	
8.89 	7.83 	
9.23 	9.21 	
9.16 	9.50 	
9.32 	8.84 	
8.49 	8.53 	
9.10 	8.54 	
8.44 	9.46 	
8.19 	9.57 	
9.11 	8.95 	
7.88 	8.90 	
8.58 	9.24 	
9.36 	9.03 	
8.79 	9.40 	
9.25 	8.70 	
9.46 	8.48 	
9.29 	8.70 	
8.99 	8.90 	
9.60 	9.16 	
9.51 	9.47 	
9.55 	9.21 	
9.63 	9.32 	
8.79 	8.96 	
9.35 	9.19 	
8.73 	8.71 	
9.32 	8.64 	
8.79 	9.11 	
8.75 	8.53 	
9.20 	9.11 	
9.04 	9.53 	
9.90 	9.75 	
8.93 	9.24 	
9.44 	8.99 	
9.27 	9.27 	
9.53 	8.90 	
9.21 	9.47 	
9.19 	8.82 	
9.06 	9.53 	
8.89 	9.52 	
9.00 	9.34 	
9.21 	9.13 	
9.29 	8.79 	
9.84 	8.65 	
9.18 	9.04 	
9.36 	8.37 	
9.33 	8.46 	
9.46 	9.03 	
9.47 	8.29 	
10.00 	9.41 	
9.80 	8.97 	
9.55 	8.61 	
9.49 	9.26 	
9.76 	8.13 	
9.82 	8.55 	
9.96 	8.91 	
10.49 	9.10 	
10.00 	8.26 	
9.90 	8.47 	
9.65 	8.97 	
9.96 	8.95 	
9.80 	8.80 	
9.86 	8.49 	
10.90 	8.41 	
9.70 	8.31 	
9.53 	8.82 	
10.14 	7.99 	
10.03 	8.34 	
10.81 	8.33 	
9.84 	7.98 	
8.91 	7.90 	
9.85 	8.66 	
10.50 	8.31 	
9.59 	8.26 	
9.44 	8.17 	
9.72 	8.97 	
9.71 	8.99 	
9.98 	8.63 	
9.89 	9.10 	
9.95 	9.23 	
9.65 	8.47 	
9.48 	8.69 	
10.34 	8.48 	
9.09 	8.35 	
8.86 	8.49 	
9.48 	7.83 	
9.57 	8.10 	
9.45 	8.82 	
9.98 	9.64 	
9.36 	8.79 	
9.96 	9.28 	
8.91 	9.36 	
8.85 	9.85 	
9.77 	9.60 	
9.63 	9.54 	
9.04 	9.15 	
9.46 	10.61 	
9.88 	9.40 	
9.86 	9.73 	
10.03 	9.75 	
9.07 	9.55 	
9.12 	9.25 	
9.29 	8.98 	
9.61 	10.09 	
9.47 	8.72 	
9.43 	9.12 	
9.38 	9.04 	
9.14 	8.78 	
9.20 	9.31 	
9.24 	9.87 	
9.06 	9.31 	
8.97 	9.29 	
9.23 	9.39 	
9.09 	9.36 	
8.76 	9.57 	
8.97 	8.71 	
9.44 	9.76 	
8.94 	9.46 	
9.10 	8.83 	
9.00 	9.87 	
8.67 	8.54 	
8.81 	8.67 	
9.62 	10.06 	
9.47 	9.92 	
9.33 	9.86 	
9.34 	9.37 	
9.72 	9.84 	
9.48 	10.01 	
9.37 	9.92 	
10.31 	10.17 	
9.95 	10.22 	
10.22 	10.48 	
9.85 	9.65 	
9.63 	9.99 	
9.41 	10.17 	
9.85 	9.93 	
9.64 	10.26 	
9.37 	10.38 	
10.06 	9.83 	
9.23 	9.97 	
9.72 	10.20 	
9.59 	10.66 	
9.81 	10.76 	
9.18 	9.98 	
9.29 	9.88 	
9.44 	9.42 	
9.64 	9.56 	
9.37 	9.44 	
9.82 	8.96 	
9.80 	9.35 	
10.15 	9.96 	
9.65 	9.35 	
9.12 	8.75 	
9.24 	9.15 	
9.40 	9.76 	
9.01 	9.39 	
8.98 	9.32 	
10.02 	9.56 	
9.47 	8.84 	
8.76 	8.92 	
9.08 	9.20 	
9.02 	9.00 	
9.60 	9.37 	
9.75 	9.06 	
9.63 	9.53 	
10.02 	9.42 	
10.20 	9.25 	
9.52 	9.04 	
8.69 	9.29 	
9.44 	9.14 	
9.46 	8.45 	
9.48 	8.70 	
9.70 	8.25 	
9.87 	8.76 	
10.68 	8.98 	
9.36 	8.81 	
9.66 	9.05 	
9.88 	8.69 	
10.14 	8.87 	
9.67 	8.66 	
9.18 	9.59 	
9.73 	9.23 	
10.19 	9.54 	
9.01 	9.14 	
8.79 	8.86 	
9.48 	8.68 	
9.22 	8.58 	
8.63 	8.98 	
9.35 	9.02 	
9.27 	8.84 	
9.81 	8.94 	
9.19 	8.40 	
9.24 	8.74 	
9.56 	9.34 	
9.31 	9.38 	
9.37 	8.38 	
9.59 	9.26 	
9.71 	9.73 	
9.90 	8.80 	
9.13 	9.53 	
9.24 	9.08 	
9.35 	8.74 	
9.41 	9.09 	
10.27 	9.33 	
9.54 	9.25 	
9.30 	9.13 	
9.97 	9.14 	
9.82 	9.28 	
10.14 	8.55 	
9.41 	8.63 	
9.67 	9.22 	
9.52 	9.00 	
9.66 	8.87 	
8.76 	9.86 	
9.05 	9.50 	
9.04 	9.61 	
9.59 	10.15 	
9.50 	9.89 	
9.57 	9.03 	
9.91 	8.72 	
10.00 	9.02 	
9.48 	8.51 	
9.06 	9.41 	
8.66 	8.33 	
8.80 	9.60 	
9.32 	9.20 	
9.74 	9.57 	
9.44 	8.76 	
9.53 	9.19 	
9.37 	9.13 	
9.43 	8.34 	
9.52 	8.72 	
9.50 	9.39 	
9.44 	10.25 	
9.72 	8.56 	
9.67 	9.47 	
9.32 	9.20 	
9.21 	9.62 	
9.24 	9.57 	
8.83 	9.26 	
8.96 	9.43 	
8.69 	8.91 	
9.33 	9.67 	
8.57 	9.72 	
8.85 	9.98 	
9.68 	10.23 	
9.55 	9.90 	
9.22 	10.11 	
8.91 	9.68 	
8.62 	9.71 	
8.66 	9.71 	
9.31 	9.57 	
8.54 	8.98 	
9.18 	8.86 	
9.36 	9.31 	
9.21 	9.08 	
9.22 	9.28 	
8.66 	9.28 	
8.99 	8.94 	
9.49 	9.49 	
9.32 	9.22 	
8.83 	9.43 	
8.36 	9.89 	
8.86 	8.57 	
9.28 	9.08 	
8.90 	10.28 	
10.22 	9.29 	
9.70 	9.51 	
9.35 	9.15 	
9.72 	9.00 	
9.51 	9.31 	
9.28 	9.21 	
9.63 	9.55 	
9.39 	8.93 	
9.61 	9.25 	
9.05 	9.08 	
9.17 	9.33 	
9.68 	9.33 	
9.49 	9.12 	
9.39 	9.28 	
9.28 	8.50 	
9.70 	9.61 	
9.47 	8.55 	
9.60 	9.39 	
9.47 	8.84 	
9.77 	8.94 	
8.83 	9.60 	
9.69 	10.08 	
10.42 	9.61 	
10.44 	9.90 	
9.91 	9.62 	
9.82 	9.62 	
9.42 	9.19 	
9.65 	9.48 	
9.52 	9.06 	
9.49 	9.30 	
10.00 	9.43 	
9.66 	8.94 	
9.80 	9.18 	
9.91 	9.06 	
8.33 	9.36 	
8.74 	9.22 	
9.63 	9.11 	
9.30 	9.02 	
9.34 	9.17 	
9.62 	9.18 	
9.74 	9.36 	
9.70 	9.05 	
9.59 	9.13 	
10.25 	9.27 	
9.33 	9.33 	
10.25 	9.42 	
9.32 	9.50 	
10.32 	9.89 	
9.91 	9.18 	
9.14 	9.79 	
8.54 	9.29 	
8.69 	8.71 	
9.73 	9.13 	
9.09 	9.58 	
10.02 	9.58 	
9.73 	9.26 	
9.71 	9.13 	
8.94 	9.14 	
9.54 	9.09 	
9.70 	9.80 	
10.08 	8.96 	
9.76 	8.72 	
10.38 	9.40 	
9.95 	8.83 	
9.94 	9.10 	
9.96 	9.09 	
10.20 	9.20 	
9.28 	9.11 	
10.14 	9.24 	
9.74 	8.88 	
9.88 	9.80 	
9.54 	8.84 	
10.01 	8.97 	
9.67 	8.82 	
9.55 	9.14 	
10.36 	8.98 	
9.74 	9.53 	
9.24 	10.50 	
9.95 	9.43 	
9.19 	8.81 	
8.48 	9.68 	
10.42 	9.74 	
9.98 	9.30 	
8.90 	8.96 	
8.41 	9.69 	
8.92 	9.64 	
9.29 	10.03 	
9.79 	9.56 	
9.28 	9.77 	
9.05 	9.22 	
9.19 	9.53 	
8.93 	9.61 	
9.53 	10.04 	
8.79 	9.75 	
9.64 	8.95 	
9.16 	9.64 	
10.12 	9.26 	
9.55 	8.72 	
8.89 	8.95 	
9.82 	8.99 	
9.91 	9.28 	
9.29 	9.16 	
9.39 	8.74 	
8.15 	8.78 	
9.34 	8.97 	
9.07 	8.89 	
8.92 	8.50 	
9.20 	8.94 	
10.19 	8.76 	
9.92 	9.46 	
10.08 	9.46 	
9.12 	9.43 	
9.36 	9.13 	
9.48 	9.07 	
10.03 	8.84 	
9.94 	8.73 	
9.70 	9.48 	
9.74 	8.99 	
9.45 	8.91 	
9.88 	9.18 	
9.90 	10.00 	
9.81 	9.80 	
9.90 	9.01 	
10.37 	9.73 	
10.08 	8.81 	
10.53 	8.95 	
10.11 	9.26 	
10.63 	9.18 	
9.70 	9.08 	
9.87 	8.63 	
9.21 	8.91 	
10.17 	8.95 	
9.88 	8.64 	
9.52 	9.35 	
9.37 	9.08 	
9.18 	9.09 	
9.53 	8.84 	
9.42 	9.06 	
9.31 	8.68 	
9.71 	9.69 	
10.26 	9.75 	
10.55 	8.87 	
9.35 	9.03 	
10.42 	8.68 	
10.44 	8.70 	
10.22 	9.09 	
9.31 	9.33 	
9.75 	9.11 	
10.42 	9.20 	
9.35 	9.52 	
9.12 	9.19 	
10.01 	9.56 	
10.36 	8.99 	
10.28 	9.45 	
10.03 	8.91 	
10.58 	9.47 	
10.00 	9.84 	
10.54 	9.39 	
10.40 	9.32 	
10.57 	9.66 	
9.45 	9.21 	
9.30 	8.96 	
9.77 	9.22 	
10.16 	9.71 	
10.04 	9.79 	
9.22 	9.35 	
9.30 	9.03 	
9.25 	9.22 	
10.07 	8.91 	
9.47 	9.17 	
9.15 	9.35 	
8.78 	9.06 	
8.93 	9.03 	
8.83 	9.75 	
8.83 	9.20 	
8.65 	8.82 	
8.70 	8.50 	
9.31 	9.11 	
9.04 	8.85 	
8.80 	9.28 	
9.64 	9.09 	
10.11 	9.97 	
10.01 	9.30 	
9.10 	9.44 	
10.12 	9.25 	
9.58 	9.22 	
9.32 	8.88 	
9.41 	9.37 	
9.28 	9.07 	
10.04 	9.01 	
9.94 	8.45 	
9.98 	9.01 	
9.00 	9.62 	
9.34 	9.13 	
10.22 	8.86 	
9.47 	9.13 	
9.30 	9.48 	
9.49 	9.74 	
10.07 	8.70 	
9.48 	8.57 	
9.79 	9.63 	
9.64 	9.23 	
8.16 	9.86 	
7.93 	9.90 	
8.16 	10.46 	
8.19 	9.69 	
8.50 	10.02 	
8.61 	9.34 	
9.17 	10.21 	
9.64 	9.92 	
9.76 	9.28 	
9.38 	8.87 	
9.09 	9.49 	
9.77 	9.29 	
9.32 	10.11 	
8.91 	9.61 	
9.14 	9.18 	
9.22 	9.43 	
9.21 	8.72 	
9.79 	9.57 	
9.35 	9.43 	
9.14 	9.37 	
8.86 	9.20 	
8.80 	8.81 	
9.30 	8.87 	
9.27 	9.12 	
8.81 	8.66 	
9.33 	8.91 	
8.95 	8.83 	
10.18 	8.94 	
9.90 	8.32 	
9.97 	8.68 	
10.04 	8.23 	
9.56 	8.70 	
8.97 	8.54 	
9.45 	8.71 	
8.66 	9.52 	
9.38 	9.39 	
9.73 	9.47 	
9.63 	8.71 	
9.10 	8.26 	
8.88 	8.53 	
9.66 	9.36 	
10.05 	9.24 	
9.07 	9.09 	
9.11 	9.36 	
9.05 	9.10 	
9.13 	8.67 	
9.60 	8.65 	
9.61 	9.24 	
9.73 	8.87 	
9.56 	9.54 	
8.64 	9.13 	
9.10 	8.58 	
9.26 	8.53 	
8.99 	9.52 	
8.84 	9.23 	
9.07 	8.72 	
8.87 	8.72 	
8.84 	9.92 	
9.44 	8.91 	
8.71 	8.27 	
9.05 	9.28 	
9.36 	9.86 	
9.48 	9.24 	
9.49 	8.70 	
9.21 	8.38 	
9.49 	8.65 	
9.46 	9.36 	
9.34 	8.81 	
9.41 	8.21 	
9.49 	8.91 	
9.62 	8.75 	
9.81 	8.64 	
9.31 	8.59 	
8.65 	9.16 	
8.88 	9.20 	
9.03 	9.70 	
8.76 	8.44 	
8.28 	9.08 	
8.98 	8.19 	
9.09 	8.58 	
7.08 	8.02 	
8.23 	8.31 	
8.53 	8.92 	
8.09 	8.79 	
7.63 	8.76 	
7.74 	9.34 	
7.61 	9.40 	
8.65 	9.03 	
8.56 	8.53 	
7.74 	9.80 	
9.05 	9.48 	
8.82 	9.21 	
9.43 	9.17 	
7.81 	9.48 	
8.41 	9.92 	
8.73 	10.01 	
8.44 	9.50 	
9.92 	9.24 	
9.28 	9.89 	
9.23 	9.57 	
9.67 	9.81 	
8.58 	9.68 	
8.76 	8.95 	
9.20 	8.77 	
8.57 	9.16 	
8.76 	8.80 	
8.73 	8.48 	
8.25 	8.26 	
8.38 	8.21 	
8.40 	7.95 	
8.80 	7.91 	
8.33 	8.52 	
8.54 	8.84 	
8.68 	9.17 	
9.24 	8.72 	
9.10 	8.71 	
8.93 	9.33 	
9.01 	9.56 	
8.47 	9.44 	
9.13 	9.27 	
8.66 	9.96 	
7.87 	8.91 	
8.46 	9.11 	
9.03 	9.94 	
9.12 	9.50 	
9.05 	10.06 	
9.67 	10.06 	
8.56 	8.63 	
9.14 	8.49 	
8.64 	8.31 	
7.89 	8.27 	
8.34 	8.03 	
9.00 	8.62 	
8.83 	7.74 	
8.93 	8.17 	
9.11 	8.51 	
8.99 	8.62 	
8.91 	8.12 	
9.30 	8.33 	
9.54 	8.52 	
9.44 	7.91 	
9.27 	9.17 	
9.16 	8.50 	
9.10 	8.50 	
9.44 	8.52 	
9.05 	8.09 	
8.99 	8.25 	
9.30 	8.75 	
9.34 	8.54 	
9.40 	8.94 	
8.86 	9.04 	
9.28 	8.50 	
8.67 	8.27 	
9.18 	9.05 	
8.82 	9.41 	
8.74 	9.17 	
9.92 	8.95 	
9.25 	9.26 	
9.13 	9.47 	
9.10 	9.07 	
8.82 	9.02 	
9.88 	8.74 	
9.46 	9.11 	
9.12 	8.90 	
9.41 	10.02 	
9.31 	9.53 	
9.12 	9.38 	
8.56 	9.38 	
8.47 	9.78 	
8.67 	9.03 	
9.10 	9.02 	
8.88 	9.70 	
8.29 	9.83 	
8.24 	9.20 	
8.61 	9.56 	
8.71 	9.24 	
7.96 	9.63 	
8.53 	10.18 	
7.85 	9.04 	
9.31 	9.43 	
8.46 	9.72 	
8.10 	9.67 	
7.79 	10.12 	
8.93 	9.69 	
9.31 	9.45 	
8.25 	9.71 	
8.88 	9.16 	
8.89 	9.21 	
9.09 	9.05 	
8.50 	9.90 	
9.04 	9.48 	
9.16 	9.56 	
8.75 	9.47 	
8.53 	9.22 	
8.52 	9.16 	
7.93 	9.15 	
8.83 	9.05 	
8.14 	8.87 	
8.82 	9.59 	
9.49 	8.80 	
9.11 	9.38 	
8.86 	9.42 	
9.07 	9.15 	
8.45 	8.30 	
8.57 	8.80 	
8.53 	8.68 	
8.86 	9.12 	
9.02 	9.12 	
9.39 	9.32 	
8.43 	8.71 	
8.50 	8.75 	
8.38 	8.27 	
9.19 	8.71 	
9.60 	9.68 	
8.74 	9.19 	
8.89 	9.19 	
9.10 	10.08 	
8.73 	9.65 	
8.89 	9.19 	
9.39 	8.94 	
8.57 	8.58 	
8.89 	8.64 	
9.12 	8.82 	
8.94 	8.91 	
8.06 	8.80 	
8.42 	8.59 	
8.22 	9.12 	
8.83 	8.75 	
8.89 	9.31 	
8.71 	8.21 	
9.39 	8.14 	
8.88 	8.76 	
8.58 	8.75 	
9.48 	9.03 	
8.50 	9.39 	
8.60 	9.12 	
8.53 	9.54 	
9.01 	9.39 	
8.95 	8.31 	
9.31 	9.26 	
9.51 	8.87 	
9.88 	9.13 	
8.92 	8.66 	
8.57 	8.46 	
8.79 	8.37 	
9.64 	8.38 	
9.03 	8.83 	
9.20 	8.97 	
8.80 	8.93 	
9.28 	9.80 	
9.64 	9.83 	
9.36 	10.36 	
8.93 	10.01 	
8.40 	10.48 	
8.87 	9.13 	
9.11 	9.86 	
8.93 	9.30 	
9.38 	9.47 	
9.31 	9.32 	
8.88 	9.71 	
8.95 	9.14 	
8.67 	8.49 	
9.35 	9.30 	
8.97 	9.52 	
9.15 	8.65 	
9.10 	9.10 	
9.50 	8.81 	
8.63 	9.61 	
8.73 	10.28 	
9.38 	9.63 	
8.82 	9.21 	
9.91 	9.12 	
8.95 	9.07 	
9.28 	9.78 	
9.21 	9.19 	
9.43 	9.65 	
10.25 	9.09 	
9.58 	8.71 	
9.01 	9.60 	
8.67 	8.75 	
9.25 	9.64 	
8.71 	8.89 	
8.92 	9.50 	
8.87 	9.11 	
8.87 	9.25 	
9.12 	9.11 	
8.61 	8.77 	
8.59 	9.15 	
8.94 	8.61 	
9.44 	8.91 	
8.62 	9.47 	
8.88 	9.15 	
8.23 	8.78 	
9.01 	9.14 	
8.39 	9.03 	
8.79 	9.02 	
8.57 	8.71 	
9.30 	9.41 	
9.38 	9.48 	
8.60 	9.38 	
9.18 	9.30 	
8.95 	8.84 	
9.23 	9.05 	
8.73 	8.95 	
8.03 	9.33 	
8.57 	9.45 	
8.34 	9.50 	
8.91 	9.69 	
9.02 	9.84 	
9.20 	10.15 	
9.13 	9.38 	
8.66 	9.89 	
9.42 	9.60 	
8.84 	9.75 	
8.30 	10.37 	
9.13 	10.29 	
8.81 	9.79 	
8.16 	8.97 	
8.55 	8.95 	
8.98 	9.17 	
8.35 	9.90 	
8.71 	9.43 	
9.01 	9.44 	
8.59 	8.84 	
8.52 	9.71 	
9.16 	9.60 	
9.13 	9.14 	
8.66 	10.21 	
8.81 	9.68 	
8.87 	10.68 	
8.86 	10.49 	
8.84 	10.09 	
8.15 	9.65 	
9.03 	9.82 	
9.01 	9.99 	
9.47 	10.11 	
9.69 	9.12 	
9.24 	9.24 	
8.88 	10.07 	
8.72 	9.90 	
8.36 	9.45 	
8.76 	8.79 	
8.77 	9.97 	
9.00 	8.72 	
8.83 	9.28 	
9.25 	9.04 	
8.68 	9.57 	
9.08 	9.56 	
8.86 	9.17 	
8.65 	9.27 	
8.79 	9.79 	
8.88 	9.39 	
8.98 	9.63 	
8.71 	9.04 	
9.10 	8.92 	
8.42 	9.69 	
8.62 	9.62 	
8.69 	8.89 	
8.60 	10.23 	
8.60 	9.35 	
8.62 	9.29 	
8.30 	8.60 	
8.83 	8.84 	
8.51 	9.96 	
8.70 	10.58 	
8.63 	8.75 	
8.61 	9.01 	
9.21 	9.56 	
8.78 	8.45 	
8.59 	9.15 	
8.75 	9.61 	
8.38 	9.22 	
8.07 	9.91 	
8.41 	9.60 	
8.61 	9.22 	
8.58 	9.35 	
8.92 	9.45 	
8.63 	9.08 	
8.54 	10.00 	
8.17 	9.58 	
8.89 	9.91 	
9.19 	8.64 	
8.74 	9.41 	
8.49 	9.70 	
8.94 	9.19 	
8.04 	9.99 	
8.60 	9.43 	
9.13 	9.49 	
8.08 	9.76 	
8.40 	9.48 	
9.03 	10.66 	
9.51 	9.85 	
9.32 	9.85 	
8.86 	9.29 	
8.45 	8.84 	
8.91 	9.92 	
8.90 	9.49 	
8.92 	9.09 	
8.31 	8.97 	
8.59 	9.49 	
8.63 	9.48 	
9.09 	9.16 	
9.10 	9.35 	
9.38 	8.62 	
8.72 	9.30 	
9.20 	9.84 	
8.35 	9.80 	
8.71 	9.78 	
9.30 	9.26 	
9.26 	9.05 	
8.58 	9.90 	
7.75 	10.53 	
8.43 	9.61 	
8.08 	9.37 	
8.38 	9.31 	
8.12 	8.67 	
8.04 	9.51 	
9.60 	9.34 	
8.23 	9.64 	
9.02 	9.48 	
9.17 	9.24 	
9.74 	8.72 	
8.65 	9.09 	
8.51 	8.93 	
8.76 	9.50 	
8.37 	8.95 	
8.73 	8.68 	
8.63 	9.73 	
7.94 	8.70 	
8.44 	8.60 	
8.46 	8.88 	
8.48 	9.11 	
7.72 	9.32 	
8.80 	9.25 	
8.72 	8.86 	
8.09 	9.11 	
8.00 	8.73 	
7.88 	8.67 	
8.35 	9.07 	
8.37 	8.80 	
8.62 	8.50 	
8.57 	9.32 	
8.60 	9.16 	
9.15 	9.67 	
8.53 	9.27 	
8.65 	8.46 	
7.91 	8.93 	
8.19 	9.33 	
7.87 	9.90 	
8.47 	9.95 	
8.07 	9.52 	
7.96 	9.29 	
7.87 	8.99 	
8.35 	8.68 	
8.56 	9.76 	
8.00 	8.71 	
8.81 	9.31 	
8.30 	9.14 	
8.43 	8.86 	
8.27 	9.22 	
8.53 	9.24 	
8.24 	9.47 	
7.76 	10.21 	
8.86 	9.56 	
7.92 	9.19 	
8.14 	9.05 	
8.10 	8.97 	
8.73 	10.06 	
8.13 	9.32 	
7.98 	7.62 	
7.73 	8.71 	
8.93 	8.50 	
8.81 	8.92 	
8.88 	9.07 	
8.89 	9.09 	
8.76 	9.70 	
8.93 	9.12 	
8.64 	8.71 	
9.06 	8.44 	
9.26 	9.39 	
9.07 	8.96 	
8.87 	9.25 	
9.11 	9.17 	
9.46 	9.48 	
8.41 	10.28 	
8.70 	9.75 	
9.20 	9.58 	
9.06 	9.27 	
9.46 	9.33 	
9.24 	9.71 	
9.94 	9.44 	
9.18 	9.13 	
9.72 	9.33 	
9.22 	8.79 	
9.42 	9.03 	
9.56 	9.60 	
8.74 	9.22 	
8.77 	9.14 	
9.16 	9.50 	
9.55 	9.40 	
8.94 	9.53 	
8.68 	9.28 	
8.57 	8.75 	
7.90 	9.31 	
8.65 	9.62 	
8.57 	10.07 	
8.71 	8.73 	
8.98 	9.51 	
8.38 	9.40 	
8.09 	8.72 	
8.24 	8.36 	
8.70 	7.90 	
9.02 	8.93 	
8.79 	9.57 	
8.62 	8.89 	
8.07 	9.45 	
8.90 	8.74 	
8.57 	8.97 	
8.62 	9.42 	
8.68 	8.92 	
9.14 	9.79 	
9.20 	10.37 	
9.47 	9.84 	
9.33 	10.14 	
9.16 	9.58 	
8.89 	8.37 	
9.03 	9.01 	
9.40 	9.70 	
8.67 	8.86 	
8.61 	9.03 	
8.36 	9.09 	
8.47 	9.81 	
8.94 	9.44 	
8.97 	9.55 	
8.91 	9.83 	
8.79 	9.74 	
8.60 	9.53 	
8.51 	9.68 	
8.75 	9.09 	
8.57 	9.61 	
9.10 	9.15 	
9.15 	8.79 	
9.19 	9.13 	
8.97 	9.41 	
9.50 	10.18 	
9.39 	9.24 	
8.76 	9.05 	
9.19 	9.01 	
9.48 	8.70 	
8.73 	10.16 	
10.34 	9.65 	
9.15 	9.83 	
8.93 	10.01 	
10.15 	8.97 	
9.55 	8.89 	
9.91 	8.39 	
9.52 	8.79 	
9.85 	9.32 	
9.93 	8.12 	
9.57 	8.52 	
9.66 	9.52 	
9.18 	9.41 	
8.36 	9.40 	
9.02 	9.07 	
8.51 	10.02 	
9.39 	9.94 	
9.12 	9.04 	
8.93 	9.48 	
8.88 	8.77 	
8.75 	9.33 	
8.64 	9.92 	
8.26 	8.50 	
8.46 	9.49 	
8.86 	9.39 	
9.21 	9.44 	
9.33 	9.94 	
8.66 	9.91 	
9.29 	9.00 	
8.85 	9.11 	
8.57 	9.16 	
9.06 	9.01 	
8.66 	9.27 	
8.44 	9.38 	
8.08 	9.32 	
8.27 	8.62 	
8.57 	9.51 	
8.60 	8.94 	
9.12 	9.66 	
9.19 	9.28 	
9.50 	9.89 	
9.19 	9.35 	
8.78 	10.32 	
9.52 	9.72 	
9.23 	9.96 	
10.09 	9.43 	
8.89 	9.88 	
9.05 	8.96 	
9.62 	9.05 	
9.66 	9.11 	
10.00 	9.83 	
8.64 	8.60 	
9.28 	9.11 	
9.03 	8.49 	
8.57 	9.13 	
9.12 	8.77 	
9.24 	8.29 	
9.55 	9.01 	
9.18 	9.08 	
8.67 	8.44 	
8.58 	9.17 	
9.24 	8.67 	
9.22 	8.57 	
9.19 	8.52 	
9.15 	8.82 	
9.28 	9.45 	
9.06 	9.22 	
8.98 	8.46 	
8.29 	9.68 	
9.17 	8.97 	
9.04 	9.42 	
9.06 	9.45 	
8.88 	8.31 	
8.98 	9.38 	
9.67 	8.33 	
9.46 	8.74 	
8.76 	9.65 	
8.29 	9.34 	
9.56 	9.11 	
9.50 	9.06 	
9.37 	9.82 	
9.36 	8.92 	
8.75 	8.19 	
9.87 	9.13 	
9.24 	8.93 	
9.34 	9.01 	
10.13 	8.25 	
8.97 	8.54 	
9.19 	9.69 	
8.85 	8.87 	
9.55 	8.85 	
10.54 	10.02 	
10.05 	9.56 	
10.33 	9.31 	
9.55 	8.86 	
9.46 	8.81 	
9.01 	9.23 	
9.53 	9.36 	
9.30 	8.70 	
9.24 	9.25 	
9.45 	9.37 	
9.51 	9.23 	
9.50 	8.89 	
8.65 	8.82 	
9.37 	9.23 	
8.79 	8.91 	
9.16 	9.14 	
8.76 	9.24 	
9.06 	9.41 	
8.67 	8.78 	
9.60 	8.66 	
9.20 	9.19 	
9.22 	8.76 	
9.56 	9.09 	
9.09 	8.45 	
9.65 	8.00 	
9.39 	9.90 	
8.82 	9.72 	
9.54 	8.46 	
9.28 	9.20 	
9.18 	9.18 	
8.93 	8.35 	
9.18 	8.70 	
8.99 	9.05 	
9.21 	9.58 	
9.05 	8.61 	
9.36 	9.39 	
9.17 	8.89 	
8.88 	9.55 	
9.11 	9.70 	
9.38 	9.23 	
9.73 	9.59 	
8.72 	9.48 	
9.60 	9.72 	
9.66 	9.58 	
9.72 	9.43 	
10.04 	9.56 	
9.87 	8.89 	
9.78 	9.11 	
8.52 	8.93 	
9.17 	8.76 	
9.78 	8.55 	
9.27 	8.43 	
9.73 	8.21 	
9.55 	8.87 	
9.61 	8.46 	
9.60 	9.03 	
9.43 	9.43 	
9.20 	9.07 	
8.63 	9.43 	
9.41 	9.24 	
9.98 	9.03 	
9.73 	9.00 	
9.22 	9.64 	
9.41 	9.09 	
9.24 	9.40 	
9.53 	9.93 	
9.66 	9.27 	
8.86 	9.16 	
8.96 	9.36 	
9.45 	9.29 	
9.23 	8.98 	
9.55 	9.25 	
9.55 	8.93 	
9.69 	8.80 	
9.18 	9.04 	
9.09 	9.53 	
9.16 	9.56 	
9.00 	9.63 	
8.71 	9.34 	
9.14 	9.08 	
9.24 	8.86 	
9.28 	8.71 	
8.61 	8.78 	
9.49 	8.61 	
9.02 	8.74 	
9.42 	8.68 	
9.34 	8.08 	
9.70 	8.77 	
9.53 	9.47 	
8.86 	8.59 	
8.94 	9.05 	
9.18 	8.51 	
9.01 	8.09 	
9.22 	7.95 	
8.95 	8.36 	
8.81 	8.21 	
9.46 	8.40 	
8.75 	8.52 	
8.50 	8.26 	
8.70 	8.67 	
8.97 	8.82 	
9.41 	9.03 	
8.90 	8.38 	
9.30 	8.14 	
8.61 	8.15 	
9.34 	8.34 	
9.18 	8.51 	
8.94 	8.36 	
9.11 	8.02 	
8.99 	8.05 	
8.64 	8.25 	
8.90 	8.50 	
8.67 	8.95 	
9.23 	8.32 	
8.53 	9.04 	
8.88 	9.09 	
9.29 	8.79 	
9.04 	8.91 	
9.37 	8.65 	
8.63 	8.62 	
9.17 	8.71 	
9.19 	8.97 	
9.27 	8.51 	
10.04 	8.90 	
9.00 	8.69 	
9.01 	9.37 	
9.10 	8.85 	
9.69 	8.95 	
9.16 	8.00 	
9.70 	9.64 	
9.22 	9.22 	
9.11 	8.77 	
9.60 	9.54 	
9.26 	8.96 	
9.01 	8.43 	
9.48 	8.67 	
9.36 	9.09 	
8.88 	9.46 	
9.64 	8.59 	
9.24 	8.86 	
9.52 	8.41 	
9.39 	8.52 	
9.61 	8.64 	
9.23 	8.68 	
9.17 	8.59 	
9.73 	8.96 	
9.15 	9.04 	
9.74 	9.04 	
8.80 	9.48 	
9.04 	8.91 	
9.11 	8.38 	
10.05 	9.05 	
8.81 	8.37 	
8.60 	8.77 	
9.20 	8.98 	
9.64 	8.15 	
9.05 	8.59 	
8.81 	9.47 	
9.07 	8.73 	
9.17 	9.24 	
9.18 	7.74 	
8.58 	8.30 	
9.19 	8.01 	
9.06 	8.33 	
8.72 	8.39 	
9.59 	8.08 	
9.07 	8.24 	
9.20 	7.93 	
9.24 	8.69 	
9.37 	8.45 	
8.50 	8.66 	
9.29 	8.11 	
9.11 	8.18 	
8.60 	8.63 	
9.09 	8.18 	
9.23 	8.55 	
8.97 	8.68 	
8.73 	8.41 	
9.46 	8.84 	
9.15 	8.28 	
9.67 	8.58 	
10.17 	8.67 	
9.26 	8.64 	
10.00 	8.85 	
9.85 	9.31 	
9.46 	8.70 	
10.18 	9.28 	
9.99 	8.35 	
9.84 	8.21 	
9.78 	8.76 	
9.46 	9.05 	
9.51 	8.55 	
9.14 	8.64 	
9.12 	9.16 	
9.56 	8.22 	
10.11 	8.01 	
10.04 	8.33 	
9.46 	8.38 	
10.47 	8.65 	
10.32 	8.77 	
8.97 	8.29 	
9.70 	8.78 	
9.71 	8.73 	
9.94 	8.84 	
10.70 	8.72 	
9.31 	8.27 	
10.25 	8.72 	
9.59 	9.02 	
9.46 	8.58 	
9.29 	8.74 	
10.25 	8.97 	
10.13 	9.01 	
9.77 	8.93 	
9.87 	9.00 	
10.14 	9.26 	
8.94 	9.87 	
9.36 	9.18 	
9.58 	8.99 	
9.71 	8.72 	
9.53 	9.05 	
9.45 	9.09 	
10.26 	9.34 	
9.83 	9.00 	
10.50 	9.01 	
10.41 	9.00 	
10.54 	9.03 	
9.73 	8.73 	
9.55 	8.92 	
9.47 	8.52 	
9.97 	9.04 	
10.21 	9.35 	
9.85 	9.24 	
9.83 	8.96 	
9.58 	9.60 	
9.82 	8.98 	
10.97 	9.05 	
9.86 	8.64 	
10.22 	8.90 	
10.38 	8.33 	
9.43 	8.35 	
9.30 	8.42 	
9.47 	8.88 	
9.57 	8.61 	
8.55 	8.64 	
9.18 	8.39 	
9.28 	8.87 	
9.34 	9.47 	
10.14 	8.95 	
9.16 	8.83 	
9.22 	9.07 	
10.06 	8.80 	
10.09 	9.07 	
10.37 	8.84 	
10.26 	8.86 	
9.50 	9.11 	
9.68 	8.76 	
9.76 	8.99 	
9.84 	8.81 	
9.93 	9.15 	
10.02 	9.07 	
9.94 	8.86 	
9.83 	8.91 	
9.58 	9.14 	
10.24 	9.65 	
9.68 	9.60 	
9.58 	8.85 	
9.39 	8.73 	
9.59 	8.77 	
9.14 	9.17 	
9.11 	9.00 	
9.27 	9.25 	
9.15 	8.98 	
8.86 	8.88 	
9.95 	8.90 	
9.58 	9.11 	
10.08 	9.07 	
10.25 	8.78 	
9.80 	8.79 	
9.26 	8.17 	
8.91 	8.74 	
9.64 	8.92 	
9.14 	8.90 	
9.25 	8.58 	
9.55 	8.99 	
9.59 	9.32 	
9.46 	8.60 	
9.50 	8.85 	
9.72 	9.08 	
9.81 	9.14 	
9.82 	9.07 	
9.36 	9.01 	
9.30 	8.74 	
9.06 	8.40 	
9.46 	9.13 	
9.40 	8.46 	
10.24 	9.17 	
9.66 	8.66 	
10.18 	8.96 	
9.60 	9.29 	
9.16 	9.10 	
9.22 	9.03 	
9.62 	8.94 	
9.66 	8.84 	
9.16 	8.54 	
9.47 	8.27 	
9.73 	8.68 	
9.25 	9.08 	
9.54 	8.77 	
8.97 	8.63 	
9.38 	8.73 	
8.88 	8.54 	
8.86 	8.25 	
9.47 	8.47 	
9.39 	8.79 	
9.69 	9.25 	
9.38 	9.01 	
9.55 	8.51 	
8.55 	8.69 	
8.36 	8.45 	
9.48 	8.73 	
9.83 	8.92 	
9.64 	8.83 	
9.25 	8.73 	
9.87 	9.00 	
10.06 	9.32 	
8.82 	8.94 	
9.36 	9.25 	
9.46 	8.97 	
9.48 	8.69 	
10.25 	9.16 	
9.55 	9.36 	
9.22 	8.63 	
9.61 	9.11 	
9.19 	9.39 	
9.57 	8.78 	
9.31 	8.64 	
10.08 	8.92 	
9.36 	8.98 	
9.93 	9.13 	
10.24 	8.87 	
10.10 	8.92 	
9.70 	8.23 	
9.11 	9.14 	
9.36 	8.54 	
9.86 	9.35 	
9.52 	9.29 	
10.15 	9.24 	
9.17 	9.18 	
10.38 	8.43 	
9.53 	8.90 	
9.65 	9.07 	
10.28 	8.72 	
10.25 	9.28 	
9.82 	8.79 	
10.12 	9.06 	
9.44 	8.97 	
9.13 	9.23 	
9.80 	9.33 	
8.74 	8.73 	
9.07 	8.88 	
9.53 	8.76 	
8.96 	8.45 	
9.80 	8.70 	
9.64 	9.19 	
9.54 	9.31 	
9.04 	9.57 	
9.68 	8.80 	
10.09 	9.03 	
9.01 	8.97 	
10.04 	8.65 	
9.71 	8.78 	
9.17 	9.26 	
8.10 	8.90 	
8.78 	8.71 	
8.97 	8.89 	
9.22 	8.69 	
8.87 	9.36 	
8.74 	8.97 	
8.60 	8.49 	
8.53 	8.24 	
8.72 	8.22 	
8.90 	8.69 	
8.95 	8.22 	
9.08 	8.38 	
9.03 	9.01 	
9.36 	8.37 	
9.79 	8.04 	
9.59 	7.96 	
8.99 	8.83 	
8.12 	9.12 	
8.56 	8.66 	
9.54 	9.04 	
8.46 	9.59 	
8.64 	9.12 	
8.83 	8.43 	
9.50 	8.59 	
9.35 	8.49 	
9.28 	8.00 	
10.02 	8.74 	
8.92 	8.37 	
9.28 	8.16 	
8.82 	8.50 	
9.76 	8.33 	
9.66 	8.71 	
9.28 	8.57 	
9.84 	8.75 	
9.73 	8.17 	
9.78 	8.91 	
8.98 	8.62 	
9.33 	8.83 	
8.91 	9.01 	
9.19 	8.19 	
10.01 	8.39 	
9.21 	8.70 	
9.16 	8.10 	
9.41 	8.46 	
9.93 	8.41 	
8.38 	8.27 	
9.15 	8.68 	
8.91 	8.77 	
9.18 	8.45 	
8.90 	8.62 	
9.28 	8.13 	
9.03 	8.67 	
8.70 	8.33 	
9.07 	7.58 	
8.86 	8.77 	
9.19 	9.02 	
9.27 	8.97 	
8.93 	8.67 	
8.50 	9.05 	
8.03 	8.99 	
8.82 	8.33 	
8.37 	9.15 	
8.71 	8.81 	
7.82 	8.50 	
8.24 	8.36 	
7.56 	9.02 	
8.53 	8.83 	
8.92 	9.25 	
8.21 	8.78 	
9.12 	8.71 	
9.53 	9.00 	
9.82 	8.98 	
9.42 	8.72 	
9.04 	8.83 	
9.52 	9.25 	
9.35 	9.16 	
10.02 	8.65 	
8.71 	8.78 	
8.66 	8.99 	
8.94 	9.46 	
9.01 	9.52 	
8.47 	9.19 	
8.67 	9.20 	
8.54 	9.02 	
9.79 	8.92 	
9.16 	9.34 	
9.56 	8.88 	
9.43 	8.88 	
9.46 	8.87 	
9.02 	8.51 	
8.47 	8.84 	
8.63 	8.76 	
8.69 	8.91 	
8.53 	8.57 	
8.74 	9.08 	
8.39 	8.70 	
8.76 	9.38 	
8.76 	8.33 	
9.12 	8.73 	
8.74 	8.45 	
9.98 	8.65 	
8.88 	9.01 	
9.82 	8.92 	
9.59 	8.50 	
9.14 	8.48 	
10.12 	9.17 	
10.37 	8.84 	
8.88 	8.62 	
10.23 	9.01 	
9.77 	9.88 	
10.03 	9.02 	
9.43 	9.22 	
9.79 	8.46 	
9.76 	8.46 	
9.52 	8.68 	
9.44 	8.44 	
9.66 	9.52 	
9.76 	8.90 	
9.27 	8.82 	
9.22 	8.73 	
8.25 	8.58 	
8.92 	9.17 	
8.66 	8.75 	
8.68 	9.35 	
9.18 	8.95 	
9.07 	8.82 	
9.46 	8.71 	
9.87 	8.81 	
9.01 	8.51 	
8.96 	8.65 	
8.92 	8.63 	
9.23 	8.37 	
9.42 	8.44 	
9.07 	8.67 	
8.90 	8.98 	
8.14 	8.39 	
8.64 	9.03 	
9.81 	8.63 	
9.63 	8.47 	
9.04 	8.61 	
9.81 	8.75 	
8.83 	9.05 	
9.14 	8.38 	
9.05 	8.59 	
8.62 	8.69 	
9.07 	8.65 	
9.17 	8.19 	
9.69 	8.41 	
8.90 	8.28 	
8.70 	8.50 	
9.89 	8.26 	
8.74 	8.11 	
9.36 	8.38 	
8.74 	8.52 	
9.46 	8.58 	
9.20 	8.50 	
9.15 	7.92 	
9.57 	8.91 	
8.77 	8.92 	
9.24 	8.39 	
9.68 	8.21 	
8.48 	8.44 	
9.38 	8.63 	
9.44 	8.19 	
8.76 	9.22 	
9.29 	8.90 	
9.52 	8.84 	
8.75 	8.54 	
9.12 	8.03 	
8.85 	8.72 	
8.93 	8.98 	
8.76 	9.03 	
9.91 	8.71 	
9.55 	8.79 	
9.67 	7.84 	
8.64 	8.64 	
8.84 	8.17 	
8.80 	8.41 	
8.77 	8.41 	
8.77 	8.25 	
9.02 	8.83 	
8.87 	8.68 	
8.81 	8.48 	
9.43 	8.47 	
9.35 	8.00 	
9.11 	7.82 	
9.87 	8.16 	
9.71 	8.47 	
9.50 	8.13 	
9.24 	7.96 	
9.34 	8.82 	
9.37 	8.63 	
9.36 	8.41 	
9.63 	8.12 	
9.09 	8.48 	
8.97 	8.32 	
9.30 	8.29 	
9.96 	8.50 	
9.71 	8.81 	
9.38 	8.06 	
9.64 	8.43 	
9.17 	8.13 	
9.81 	8.44 	
9.33 	8.48 	
9.48 	8.59 	
9.01 	8.44 	
8.89 	7.84 	
8.57 	7.94 	
9.46 	8.50 	
8.99 	7.99 	
9.20 	8.19 	
8.81 	8.24 	
8.86 	8.90 	
8.81 	8.16 	
9.04 	8.05 	
9.21 	8.54 	
8.74 	8.87 	
9.06 	8.76 	
9.21 	9.02 	
8.83 	8.74 	
8.85 	8.59 	
9.11 	9.29 	
8.96 	9.06 	
8.48 	8.58 	
8.70 	8.80 	
9.70 	8.49 	
8.94 	8.33 	
8.78 	8.81 	
9.20 	8.45 	
9.53 	8.03 	
9.65 	8.78 	
9.83 	8.67 	
9.19 	8.71 	
9.68 	8.21 	
10.04 	8.52 	
8.66 	8.61 	
9.61 	9.10 	
9.66 	9.15 	
9.41 	8.18 	
9.53 	8.88 	
8.95 	8.55 	
9.18 	8.65 	
9.18 	8.50 	
9.59 	9.26 	
9.47 	8.34 	
9.88 	8.69 	
8.95 	8.97 	
10.71 	8.99 	
9.31 	8.16 	
9.29 	8.60 	
10.47 	8.21 	
10.11 	8.76 	
9.73 	8.29 	
10.02 	8.78 	
9.86 	8.48 	
9.59 	8.75 	
9.60 	9.06 	
8.99 	9.38 	
10.10 	8.85 	
9.77 	9.95 	
9.23 	9.14 	
9.28 	9.54 	
9.53 	8.82 	
9.18 	8.99 	
9.47 	10.20 	
9.05 	9.88 	
9.90 	9.39 	
9.24 	9.39 	
9.18 	9.03 	
9.55 	8.89 	
9.29 	8.65 	
9.60 	8.72 	
9.70 	8.46 	
9.53 	9.30 	
9.06 	9.54 	
8.85 	9.54 	
9.05 	9.02 	
9.56 	9.07 	
9.37 	8.81 	
8.67 	9.83 	
8.53 	9.68 	
9.24 	9.80 	
9.20 	9.41 	
9.36 	9.78 	
8.91 	9.52 	
9.08 	9.58 	
9.06 	10.54 	
8.95 	10.37 	
9.43 	9.65 	
9.62 	9.73 	
9.45 	9.96 	
9.47 	9.54 	
8.83 	9.58 	
8.79 	9.91 	
8.56 	10.39 	
9.09 	9.47 	
9.85 	9.71 	
9.99 	9.60 	
8.79 	10.08 	
9.14 	9.29 	
9.03 	9.39 	
9.46 	9.25 	
9.32 	9.77 	
8.90 	9.65 	
9.16 	9.46 	
9.24 	9.28 	
8.79 	9.73 	
8.75 	9.46 	
9.11 	9.89 	
9.30 	9.44 	
9.42 	9.91 	
9.61 	9.74 	
9.69 	9.23 	
9.52 	9.55 	
9.93 	10.26 	
9.36 	10.10 	
9.82 	9.43 	
9.56 	8.84 	
9.26 	10.11 	
9.53 	9.58 	
8.89 	9.29 	
9.59 	9.00 	
10.18 	9.46 	
9.79 	9.44 	
10.76 	9.44 	
9.47 	9.45 	
9.50 	8.98 	
9.81 	9.03 	
9.10 	9.08 	
9.37 	8.43 	
9.78 	9.50 	
9.99 	9.21 	
9.53 	9.07 	
9.01 	8.64 	
9.96 	9.08 	
9.31 	9.17 	
10.17 	8.80 	
9.88 	9.25 	
9.96 	9.41 	
9.94 	9.22 	
9.65 	9.27 	
9.57 	9.45 	
9.42 	9.63 	
9.50 	9.36 	
9.42 	8.98 	
10.07 	9.20 	
9.62 	9.63 	
9.20 	9.39 	
9.91 	8.75 	
9.42 	8.69 	
9.64 	9.58 	
9.67 	9.36 	
9.91 	8.75 	
9.56 	8.57 	
10.25 	9.17 	
10.20 	9.08 	
10.28 	9.63 	
9.26 	9.30 	
8.93 	9.33 	
9.10 	10.08 	
9.40 	9.55 	
9.31 	8.92 	
9.76 	8.96 	
9.34 	8.64 	
8.98 	8.88 	
9.80 	9.41 	
9.61 	8.60 	
10.59 	9.22 	
9.67 	8.93 	
9.88 	8.45 	
9.68 	9.15 	
9.45 	8.78 	
9.67 	8.98 	
9.22 	8.95 	
9.70 	9.37 	
10.17 	9.23 	
9.25 	9.72 	
9.53 	9.35 	
9.55 	8.46 	
8.82 	8.68 	
8.70 	8.86 	
8.42 	9.17 	
9.30 	9.18 	
8.75 	8.90 	
9.12 	9.41 	
9.00 	7.98 	
8.89 	8.67 	
8.10 	9.01 	
9.25 	9.17 	
9.29 	9.46 	
9.74 	9.15 	
9.25 	8.81 	
8.74 	9.12 	
9.03 	9.11 	
8.72 	9.11 	
8.70 	9.32 	
8.67 	9.12 	
8.57 	9.17 	
9.34 	9.10 	
8.95 	8.54 	
9.59 	8.58 	
9.14 	8.95 	
9.50 	9.19 	
9.46 	9.03 	
8.31 	8.79 	
8.67 	9.22 	
9.01 	9.21 	
8.72 	9.31 	
9.20 	8.31 	
9.18 	8.40 	
8.98 	8.89 	
9.53 	9.03 	
8.80 	9.05 	
8.65 	9.01 	
9.07 	8.81 	
9.66 	8.62 	
8.98 	8.49 	
7.87 	8.77 	
8.78 	8.95 	
9.16 	8.64 	
8.84 	9.06 	
9.16 	9.45 	
9.44 	8.81 	
8.85 	8.64 	
8.96 	9.12 	
8.76 	9.84 	
8.82 	10.33 	
8.94 	9.18 	
9.73 	9.37 	
8.84 	10.20 	
9.04 	9.64 	
9.19 	9.41 	
8.42 	9.97 	
9.24 	9.57 	
9.37 	10.43 	
8.73 	8.70 	
9.26 	9.42 	
8.47 	9.01 	
9.12 	9.03 	
9.78 	9.29 	
9.55 	9.06 	
9.23 	9.21 	
9.29 	8.57 	
9.24 	9.26 	
9.31 	9.22 	
9.60 	9.05 	
8.83 	9.13 	
9.36 	9.52 	
8.91 	10.14 	
8.92 	8.46 	
9.29 	9.00 	
9.44 	9.29 	
9.61 	9.44 	
9.26 	9.48 	
9.18 	8.85 	
9.51 	9.44 	
9.09 	9.39 	
9.33 	9.59 	
8.85 	10.02 	
8.91 	9.41 	
8.86 	9.36 	
9.06 	10.11 	
8.52 	9.43 	
9.27 	9.55 	
8.89 	9.65 	
9.02 	9.64 	
9.63 	9.64 	
9.33 	9.06 	
9.43 	9.38 	
8.99 	9.50 	
9.68 	9.99 	
8.99 	10.09 	
9.60 	9.74 	
9.48 	8.71 	
9.64 	9.21 	
8.83 	8.91 	
8.63 	9.51 	
9.65 	9.31 	
9.80 	9.38 	
9.77 	10.37 	
10.08 	9.67 	
9.22 	9.87 	
9.10 	9.87 	
9.18 	9.80 	
10.03 	10.04 	
8.71 	10.03 	
8.83 	9.00 	
8.92 	10.32 	
9.60 	9.69 	
9.11 	9.70 	
10.05 	9.72 	
9.85 	9.97 	
9.41 	8.94 	
10.00 	10.09 	
9.15 	9.72 	
9.14 	9.12 	
8.97 	9.58 	
9.42 	9.62 	
9.17 	9.55 	
10.29 	9.67 	
10.42 	8.82 	
9.72 	9.09 	
8.84 	9.77 	
9.64 	9.68 	
9.11 	10.06 	
10.32 	8.99 	
8.90 	9.86 	
9.01 	9.35 	
9.09 	8.82 	
9.24 	8.89 	
9.15 	9.10 	
9.41 	9.24 	
9.44 	9.05 	
8.95 	9.23 	
9.49 	9.14 	
9.71 	9.23 	
9.26 	9.57 	
9.32 	8.48 	
10.41 	9.31 	
9.70 	9.01 	
9.04 	9.22 	
8.77 	9.00 	
9.38 	9.61 	
9.13 	8.64 	
9.26 	8.68 	
9.80 	9.15 	
9.59 	8.87 	
9.75 	8.97 	
8.87 	8.76 	
9.64 	8.50 	
10.09 	8.41 	
9.33 	8.80 	
9.81 	8.75 	
9.92 	8.99 	
9.48 	8.92 	
10.01 	9.06 	
9.51 	8.51 	
9.14 	8.11 	
9.03 	9.08 	
9.14 	8.20 	
9.63 	8.46 	
9.07 	9.42 	
9.93 	9.62 	
9.63 	8.55 	
9.03 	8.97 	
9.25 	8.90 	
9.54 	9.72 	
9.15 	8.47 	
9.42 	8.49 	
8.93 	9.30 	
9.25 	9.44 	
9.56 	8.72 	
9.25 	8.97 	
9.31 	8.78 	
8.94 	8.26 	
9.20 	8.47 	
9.27 	8.55 	
9.27 	8.52 	
9.06 	8.66 	
9.24 	8.97 	
9.17 	8.76 	
9.08 	8.91 	
9.53 	8.89 	
9.30 	8.63 	
9.11 	8.41 	
8.61 	8.73 	
8.59 	8.51 	
9.40 	8.55 	
9.69 	8.91 	
9.42 	8.86 	
9.62 	9.55 	
9.57 	8.59 	
9.24 	8.64 	
8.57 	9.23 	
8.91 	8.90 	
9.51 	8.56 	
9.24 	8.97 	
9.45 	8.34 	
9.76 	9.21 	
9.78 	8.64 	
8.86 	8.05 	
9.59 	8.85 	
9.25 	7.73 	
8.57 	8.59 	
8.45 	8.34 	
8.56 	9.50 	
8.54 	8.26 	
8.65 	8.44 	
9.15 	8.61 	
9.38 	8.78 	
9.77 	8.70 	
10.02 	9.31 	
9.34 	9.43 	
9.73 	8.63 	
9.67 	8.96 	
9.75 	8.69 	
10.08 	9.28 	
9.92 	8.64 	
9.39 	8.33 	
9.50 	8.35 	
8.61 	9.16 	
9.09 	8.51 	
9.38 	9.11 	
8.62 	9.20 	
9.35 	9.41 	
8.36 	8.95 	
9.00 	8.25 	
9.09 	8.55 	
8.63 	8.51 	
8.67 	9.29 	
9.43 	8.44 	
9.21 	9.38 	
8.99 	8.35 	
9.40 	8.23 	
9.10 	8.82 	
9.26 	8.78 	
9.01 	9.20 	
8.95 	8.48 	
9.17 	8.23 	
9.12 	8.88 	
9.00 	8.76 	
9.22 	8.25 	
9.07 	8.49 	
8.90 	9.03 	
8.34 	8.83 	
8.59 	9.29 	
8.77 	9.50 	
8.80 	9.05 	
9.17 	8.70 	
9.04 	8.90 	
9.40 	8.80 	
8.18 	9.16 	
8.66 	8.83 	
8.53 	8.73 	
8.59 	8.54 	
8.85 	8.55 	
8.01 	9.13 	
8.36 	8.39 	
8.74 	9.06 	
8.64 	8.86 	
8.61 	9.07 	
8.59 	9.09 	
8.47 	9.04 	
8.90 	8.83 	
8.67 	9.12 	
9.07 	8.95 	
8.75 	8.88 	
8.82 	8.62 	
8.91 	8.93 	
8.65 	8.67 	
8.30 	9.02 	
8.43 	8.86 	
8.56 	8.57 	
8.53 	9.10 	
8.44 	9.39 	
8.74 	8.42 	
8.47 	9.27 	
8.28 	8.90 	
8.83 	8.70 	
8.26 	9.64 	
8.07 	9.76 	
8.53 	9.40 	
8.76 	9.06 	
9.25 	9.38 	
8.69 	9.35 	
9.01 	10.05 	
8.61 	9.04 	
9.07 	8.57 	
9.20 	9.48 	
8.47 	8.87 	
9.01 	9.73 	
8.89 	9.30 	
8.69 	9.18 	
8.31 	9.39 	
8.71 	8.64 	
8.39 	9.89 	
7.96 	9.53 	
8.73 	9.47 	
8.55 	9.35 	
9.04 	9.14 	
8.94 	9.77 	
8.40 	9.34 	
9.18 	9.23 	
8.88 	9.56 	
8.48 	9.56 	
8.89 	9.25 	
8.05 	9.29 	
8.54 	8.92 	
8.45 	9.24 	
8.35 	9.34 	
8.95 	9.92 	
9.49 	9.33 	
8.73 	8.75 	
8.83 	9.42 	
8.47 	8.83 	
8.70 	9.46 	
7.95 	8.67 	
8.72 	8.52 	
9.47 	8.88 	
8.96 	9.37 	
8.86 	9.04 	
9.05 	9.63 	
9.18 	9.42 	
9.44 	8.84 	
8.74 	8.84 	
9.12 	9.15 	
9.09 	9.56 	
8.75 	8.80 	
8.88 	8.85 	
9.12 	8.65 	
9.65 	8.21 	
8.70 	8.57 	
8.76 	9.12 	
8.45 	9.23 	
8.64 	8.98 	
8.76 	9.57 	
8.19 	9.58 	
8.70 	9.44 	
8.25 	9.91 	
8.22 	10.20 	
8.31 	9.29 	
7.63 	9.13 	
9.46 	9.51 	
8.28 	9.45 	
8.03 	9.92 	
8.79 	8.75 	
8.62 	9.54 	
9.03 	9.63 	
8.71 	8.98 	
9.09 	8.42 	
9.02 	9.72 	
9.50 	10.05 	
8.76 	9.16 	
9.43 	9.17 	
8.57 	9.62 	
8.71 	10.36 	
8.54 	10.11 	
8.55 	10.20 	
8.54 	9.63 	
8.51 	9.49 	
8.46 	8.96 	
8.07 	9.51 	
8.82 	9.45 	
8.21 	9.30 	
8.48 	9.26 	
8.69 	9.76 	
8.52 	9.56 	
8.21 	10.21 	
8.67 	9.05 	
8.99 	9.51 	
8.75 	9.23 	
8.76 	9.34 	
8.35 	9.58 	
8.91 	9.79 	
8.63 	9.19 	
8.92 	9.15 	
8.87 	9.52 	
8.26 	9.09 	
8.67 	9.36 	
9.04 	8.78 	
8.63 	9.48 	
8.56 	8.73 	
8.62 	9.55 	
9.15 	9.57 	
8.68 	9.84 	
9.10 	9.19 	
8.20 	9.91 	
8.23 	9.66 	
8.61 	9.24 	
9.17 	9.88 	
8.43 	9.72 	
7.93 	10.11 	
8.28 	9.60 	
8.90 	9.64 	
8.23 	9.84 	
8.51 	9.22 	
8.82 	8.69 	
8.73 	9.07 	
8.73 	8.70 	
8.24 	8.55 	
9.23 	9.56 	
9.85 	9.40 	
8.97 	9.21 	
8.53 	9.21 	
8.82 	8.62 	
8.87 	9.36 	
8.51 	9.22 	
8.59 	9.83 	
8.41 	9.42 	
9.05 	9.87 	
9.24 	9.80 	
9.36 	9.61 	
9.64 	9.77 	
8.68 	8.57 	
9.12 	9.12 	
8.90 	9.62 	
8.76 	9.55 	
9.57 	9.12 	
8.41 	9.07 	
8.79 	9.56 	
9.32 	9.23 	
9.25 	9.31 	
9.11 	9.24 	
8.73 	8.82 	
9.00 	8.49 	
9.03 	8.06 	
9.97 	7.84 	
8.56 	8.22 	
8.69 	9.27 	
8.91 	8.83 	
8.26 	8.83 	
8.72 	8.42 	
8.56 	8.56 	
9.07 	9.07 	
8.47 	8.79 	
9.77 	8.26 	
8.69 	8.61 	
8.85 	9.21 	
9.20 	9.23 	
8.85 	8.90 	
8.67 	9.06 	
8.13 	9.25 	
8.61 	8.69 	
9.07 	8.91 	
8.71 	8.44 	
9.16 	9.30 	
9.48 	8.85 	
9.50 	9.36 	
8.36 	9.27 	
8.51 	9.43 	
8.74 	9.12 	
9.18 	8.56 	
9.13 	8.80 	
9.15 	8.54 	
8.73 	8.77 	
8.74 	8.94 	
8.61 	8.32 	
8.78 	8.96 	
9.01 	8.54 	
8.94 	9.10 	
8.98 	9.00 	
8.82 	8.41 	
8.67 	8.35 	
8.56 	7.98 	
9.33 	8.57 	
9.42 	8.52 	
9.11 	8.74 	
8.65 	9.04 	
9.27 	9.18 	
9.06 	8.85 	
9.68 	8.79 	
9.05 	8.74 	
9.25 	8.90 	
8.38 	8.02 	
8.52 	8.45 	
8.96 	9.08 	
8.69 	8.98 	
8.78 	8.96 	
8.38 	8.31 	
8.67 	8.30 	
8.13 	8.11 	
10.03 	7.84 	
9.01 	8.38 	
8.80 	7.61 	
9.11 	7.94 	
9.29 	8.05 	
8.72 	8.52 	
8.53 	8.30 	
9.12 	8.35 	
8.18 	8.40 	
9.02 	8.58 	
9.22 	8.43 	
8.26 	7.71 	
8.46 	8.51 	
8.15 	8.97 	
8.66 	8.94 	
8.73 	8.93 	
8.76 	8.87 	
8.89 	7.94 	
8.45 	8.70 	
8.17 	9.08 	
9.92 	8.58 	
9.28 	9.17 	
9.31 	8.70 	
8.65 	8.60 	
9.56 	9.21 	
8.87 	8.01 	
9.14 	8.70 	
8.99 	9.18 	
9.24 	8.76 	
8.71 	8.56 	
8.67 	8.91 	
9.42 	8.75 	
8.74 	8.92 	
9.81 	8.37 	
9.06 	7.84 	
9.10 	7.94 	
9.00 	8.25 	
9.44 	8.55 	
8.80 	8.26 	
9.10 	8.89 	
9.46 	8.15 	
10.15 	8.69 	
9.35 	8.34 	
9.80 	8.41 	
9.53 	8.92 	
9.93 	8.57 	
10.60 	8.23 	
10.74 	8.01 	
10.69 	8.70 	
9.35 	7.87 	
10.07 	8.03 	
10.04 	8.27 	
10.99 	7.59 	
10.19 	7.19 	
10.03 	8.13 	
9.59 	7.50 	
9.21 	8.12 	
8.97 	8.70 	
8.65 	8.49 	
8.75 	8.34 	
9.73 	7.83 	
9.30 	8.21 	
9.25 	8.31 	
9.80 	8.69 	
9.69 	8.03 	
9.16 	8.41 	
9.39 	8.20 	
9.89 	8.35 	
9.63 	8.23 	
9.42 	8.59 	
9.70 	8.36 	
9.41 	8.36 	
9.48 	8.70 	
8.98 	9.16 	
9.13 	8.73 	
9.01 	8.66 	
9.20 	8.82 	
10.24 	8.94 	
9.47 	9.14 	
9.10 	9.30 	
8.72 	8.94 	
8.68 	9.40 	
9.64 	9.15 	
10.09 	8.48 	
9.66 	8.89 	
9.50 	8.94 	
9.08 	9.36 	
8.66 	8.90 	
9.18 	8.27 	
9.40 	9.13 	
9.79 	9.20 	
10.05 	8.79 	
10.07 	8.41 	
9.39 	8.91 	
9.48 	8.68 	
10.28 	8.46 	
10.01 	8.82 	
9.62 	8.66 	
10.39 	9.72 	
9.93 	9.44 	
9.84 	8.61 	
10.23 	8.95 	
10.31 	8.30 	
10.28 	8.84 	
10.26 	8.78 	
11.20 	8.93 	
9.86 	9.06 	
9.78 	8.95 	
10.23 	8.93 	
9.92 	9.03 	
10.05 	8.80 	
10.49 	8.23 	
10.89 	8.69 	
10.35 	8.71 	
10.27 	9.03 	
9.85 	8.69 	
9.76 	8.59 	
10.37 	8.67 	
10.01 	8.92 	
10.07 	8.49 	
9.58 	8.78 	
9.18 	9.07 	
9.24 	8.72 	
9.80 	8.69 	
9.27 	8.48 	
9.34 	8.73 	
9.28 	8.42 	
9.71 	8.79 	
9.33 	9.09 	
9.10 	9.28 	
9.90 	8.77 	
9.12 	8.34 	
9.58 	8.09 	
9.64 	8.25 	
10.03 	7.77 	
9.84 	8.76 	
10.05 	7.97 	
9.45 	8.43 	
9.55 	8.34 	
9.61 	8.71 	
9.81 	8.42 	
8.83 	8.14 	
9.08 	7.86 	
8.91 	8.22 	
9.11 	8.40 	
8.83 	8.22 	
9.22 	8.19 	
9.22 	7.77 	
8.66 	8.03 	
9.72 	8.16 	
9.86 	8.08 	
8.15 	8.47 	
8.40 	8.89 	
8.48 	8.29 	
9.14 	8.44 	
9.21 	8.77 	
8.22 	8.34 	
9.83 	8.22 	
9.03 	7.91 	
9.55 	9.17 	
9.60 	7.78 	
9.89 	8.26 	
9.37 	8.30 	
9.74 	8.11 	
9.44 	8.40 	
9.11 	8.53 	
9.30 	8.90 	
9.34 	8.99 	
9.08 	8.11 	
9.29 	8.14 	
8.86 	8.38 	
8.77 	8.47 	
8.99 	8.02 	
9.13 	8.40 	
8.52 	8.77 	
9.73 	8.76 	
9.08 	8.62 	
9.24 	8.31 	
9.27 	8.51 	
9.03 	8.38 	
8.42 	8.84 	
7.72 	8.61 	
8.39 	8.64 	
9.03 	8.54 	
8.99 	7.90 	
9.65 	7.86 	
9.54 	8.73 	
9.81 	8.01 	
9.64 	8.02 	
9.11 	7.82 	
9.41 	8.63 	
9.20 	8.70 	
8.93 	8.38 	
9.53 	8.68 	
9.44 	8.26 	
9.87 	8.24 	
9.87 	9.22 	
9.46 	8.78 	
9.37 	9.12 	
9.62 	8.62 	
9.07 	8.52 	
9.38 	9.39 	
9.35 	8.68 	
9.46 	8.59 	
9.22 	8.12 	
9.47 	8.67 	
9.36 	9.07 	
9.72 	8.31 	
9.30 	8.70 	
8.84 	8.28 	
8.62 	8.53 	
9.20 	8.86 	
9.12 	9.29 	
9.37 	8.91 	
8.71 	8.23 	
9.40 	8.86 	
8.87 	8.85 	
9.52 	8.75 	
9.96 	9.04 	
10.08 	9.11 	
9.92 	9.43 	
9.78 	9.37 	
9.63 	8.75 	
9.24 	8.55 	
9.10 	8.22 	
10.16 	8.32 	
9.28 	8.63 	
9.45 	8.57 	
9.07 	9.13 	
8.60 	8.66 	
8.06 	9.69 	
8.92 	9.47 	
9.09 	9.30 	
8.13 	8.65 	
8.60 	8.98 	
9.35 	9.83 	
8.57 	8.90 	
8.52 	9.37 	
8.67 	8.66 	
8.85 	9.20 	
9.00 	9.69 	
8.56 	8.84 	
8.99 	9.48 	
8.69 	9.89 	
8.69 	9.36 	
8.52 	9.93 	
8.10 	9.02 	
8.97 	10.09 	
8.04 	9.46 	
7.84 	8.39 	
9.27 	9.02 	
8.61 	8.73 	
8.56 	9.39 	
9.22 	9.14 	
8.74 	9.48 	
9.45 	9.48 	
9.30 	9.00 	
9.05 	8.39 	
9.88 	9.14 	
9.14 	9.45 	
9.20 	8.59 	
8.66 	8.60 	
9.48 	8.71 	
8.49 	8.37 	
9.65 	8.94 	
10.18 	9.12 	
10.24 	8.66 	
9.62 	9.26 	
9.47 	9.20 	
9.11 	8.74 	
9.32 	9.31 	
9.74 	9.07 	
9.49 	9.22 	
9.87 	9.27 	
9.65 	9.40 	
9.57 	8.83 	
9.80 	9.09 	
10.31 	9.20 	
9.66 	8.92 	
9.50 	8.87 	
9.43 	8.98 	
9.12 	8.68 	
9.14 	9.31 	
9.40 	9.57 	
9.13 	8.96 	
9.29 	8.91 	
9.09 	8.40 	
9.58 	8.97 	
9.29 	8.59 	
9.41 	8.81 	
9.22 	8.82 	
9.06 	8.93 	
8.75 	9.17 	
9.54 	8.98 	
9.07 	9.09 	
9.69 	9.01 	
9.37 	9.13 	
9.63 	9.49 	
9.56 	9.77 	
9.71 	9.07 	
9.65 	10.20 	
10.28 	9.23 	
9.60 	9.19 	
9.35 	9.80 	
9.99 	9.58 	
8.67 	9.60 	
10.19 	9.44 	
9.42 	9.10 	
9.71 	9.90 	
9.17 	9.49 	
10.00 	10.35 	
9.39 	10.12 	
9.84 	9.82 	
10.07 	9.86 	
8.88 	9.06 	
9.03 	8.96 	
8.95 	9.29 	
9.61 	8.42 	
9.81 	8.43 	
9.40 	8.55 	
9.18 	8.62 	
9.96 	8.97 	
9.51 	8.47 	
9.34 	8.51 	
10.13 	8.68 	
9.41 	9.17 	
9.15 	8.95 	
9.45 	8.30 	
10.18 	8.54 	
9.86 	8.12 	
10.54 	8.04 	
9.68 	8.34 	
10.32 	8.77 	
10.23 	9.40 	
10.68 	9.34 	
10.73 	8.29 	
10.45 	8.75 	
9.91 	8.26 	
9.63 	8.68 	
9.68 	9.72 	
9.88 	8.84 	
9.58 	9.19 	
10.15 	9.78 	
10.36 	9.67 	
9.56 	9.00 	
9.60 	9.64 	
9.95 	9.98 	
10.30 	8.68 	
10.19 	9.71 	
10.12 	9.43 	
9.87 	10.52 	
9.76 	10.16 	
10.00 	9.72 	
9.91 	9.20 	
9.54 	9.01 	
9.49 	9.56 	
10.00 	9.50 	
9.50 	8.48 	
9.90 	9.12 	
9.55 	8.87 	
9.06 	9.39 	
9.13 	10.17 	
9.46 	9.82 	
9.29 	9.80 	
9.27 	9.58 	
9.20 	9.69 	
8.81 	9.59 	
10.37 	8.74 	
10.01 	8.58 	
9.58 	9.03 	
9.71 	8.21 	
8.48 	9.11 	
8.97 	9.11 	
9.89 	9.29 	
9.70 	8.83 	
9.48 	8.63 	
9.47 	9.07 	
9.18 	8.81 	
8.65 	9.32 	
8.94 	10.12 	
10.01 	8.97 	
9.00 	9.13 	
9.62 	9.06 	
9.02 	8.33 	
9.65 	8.88 	
9.20 	8.83 	
9.43 	8.29 	
9.08 	9.42 	
9.19 	8.78 	
8.62 	8.81 	
9.21 	8.73 	
8.95 	8.51 	
9.25 	9.01 	
9.18 	9.32 	
8.79 	8.66 	
7.87 	8.54 	
8.47 	9.52 	
9.49 	9.83 	
8.93 	9.06 	
8.93 	8.12 	
8.21 	8.56 	
8.13 	8.44 	
8.41 	8.34 	
8.87 	8.81 	
8.61 	9.14 	
8.53 	8.87 	
8.49 	8.69 	
8.58 	8.12 	
8.95 	7.83 	
8.37 	8.55 	
8.33 	8.85 	
8.59 	8.27 	
8.28 	8.25 	
8.73 	8.22 	
8.89 	8.75 	
8.65 	8.66 	
8.52 	8.61 	
8.90 	7.98 	
8.04 	9.21 	
8.06 	9.17 	
8.60 	8.74 	
9.17 	8.52 	
8.91 	9.04 	
8.50 	8.88 	
8.50 	9.06 	
8.83 	8.89 	
8.60 	8.46 	
9.03 	8.31 	
9.15 	8.26 	
8.86 	8.05 	
8.63 	8.21 	
9.11 	7.94 	
8.96 	8.05 	
8.73 	8.13 	
8.57 	7.96 	
8.88 	8.10 	
8.90 	8.43 	
8.48 	8.26 	
8.12 	8.89 	
8.76 	8.06 	
8.59 	8.49 	
8.98 	8.18 	
8.69 	8.28 	
8.17 	8.79 	
8.06 	8.44 	
8.44 	8.86 	
8.41 	8.60 	
8.90 	8.55 	
8.87 	8.59 	
9.63 	8.33 	
8.78 	8.05 	
9.21 	7.90 	
8.35 	8.08 	
8.79 	8.74 	
8.02 	8.36 	
8.39 	8.51 	
8.77 	9.02 	
8.37 	8.67 	
8.46 	8.56 	
8.26 	8.22 	
8.27 	8.30 	
8.71 	7.83 	
8.31 	8.72 	
8.65 	8.66 	
8.61 	8.10 	
8.47 	8.46 	
7.95 	9.24 	
8.23 	8.06 	
8.49 	8.59 	
7.96 	8.22 	
8.16 	8.48 	
8.37 	8.55 	
8.53 	8.75 	
8.87 	8.54 	
7.71 	8.76 	
8.59 	8.92 	
8.73 	9.09 	
8.66 	8.65 	
8.89 	8.62 	
8.34 	8.72 	
8.74 	8.70 	
8.53 	8.56 	
8.90 	9.71 	
8.29 	8.67 	
8.44 	9.11 	
7.98 	8.78 	
8.49 	8.92 	
8.85 	9.62 	
8.56 	8.72 	
8.60 	9.39 	
9.27 	8.39 	
9.56 	9.04 	
9.10 	9.41 	
9.75 	8.68 	
9.48 	8.56 	
8.66 	8.70 	
9.55 	8.50 	
9.18 	8.17 	
8.86 	7.57 	
9.11 	8.64 	
8.82 	8.49 	
8.26 	8.93 	
9.13 	8.97 	
8.78 	8.86 	
9.05 	8.32 	
9.39 	8.94 	
8.95 	9.15 	
9.97 	9.34 	
9.23 	9.12 	
9.35 	8.74 	
9.17 	9.05 	
9.32 	9.32 	
9.13 	9.24 	
9.68 	9.15 	
9.45 	8.90 	
9.46 	8.72 	
9.40 	8.68 	
8.94 	8.22 	
9.40 	8.77 	
9.09 	8.89 	
9.01 	8.76 	
9.16 	9.38 	
9.13 	8.79 	
9.29 	8.82 	
9.17 	8.74 	
9.26 	8.39 	
8.51 	8.94 	
8.75 	8.59 	
8.77 	8.47 	
8.41 	8.89 	
8.67 	8.32 	
8.45 	7.53 	
8.92 	8.22 	
8.46 	8.19 	
8.62 	8.50 	
8.89 	7.98 	
9.52 	8.43 	
9.64 	8.05 	
8.74 	8.53 	
9.20 	8.49 	
9.38 	8.16 	
9.42 	8.06 	
9.30 	8.24 	
9.59 	8.61 	
8.84 	8.75 	
9.09 	8.67 	
9.31 	7.81 	
8.30 	8.49 	
8.88 	7.78 	
8.96 	9.08 	
9.43 	9.13 	
8.59 	9.26 	
9.66 	9.26 	
9.69 	9.22 	
9.50 	9.15 	
8.83 	9.03 	
9.53 	9.14 	
9.17 	9.45 	
8.59 	9.59 	
9.37 	9.56 	
8.77 	8.64 	
9.17 	8.79 	
8.76 	9.00 	
9.26 	8.27 	
8.44 	8.84 	
8.82 	8.87 	
9.01 	8.62 	
8.71 	8.65 	
8.67 	8.56 	
8.81 	8.65 	
8.47 	9.19 	
8.77 	8.47 	
9.05 	9.19 	
9.41 	9.15 	
8.49 	8.93 	
8.92 	9.02 	
9.06 	9.16 	
9.36 	8.67 	
9.18 	8.20 	
9.26 	9.14 	
9.01 	9.34 	
8.74 	9.02 	
9.25 	9.50 	
8.73 	8.92 	
8.63 	8.66 	
9.16 	9.29 	
8.63 	9.00 	
8.96 	8.65 	
9.01 	8.90 	
8.87 	8.48 	
8.96 	8.27 	
9.25 	8.89 	
8.75 	8.81 	
9.00 	9.19 	
8.70 	8.23 	
8.97 	8.51 	
8.57 	8.67 	
9.09 	8.43 	
8.39 	8.95 	
8.45 	9.04 	
8.94 	8.42 	
9.23 	8.69 	
9.13 	9.00 	
9.30 	9.18 	
9.34 	8.87 	
8.65 	9.30 	
8.64 	9.32 	
8.67 	8.69 	
8.76 	8.91 	
8.90 	9.12 	
9.18 	9.29 	
8.32 	9.50 	
8.42 	9.74 	
8.82 	8.89 	
9.26 	8.66 	
9.40 	8.99 	
9.38 	9.29 	
9.20 	9.03 	
8.44 	8.99 	
8.69 	8.75 	
9.41 	8.97 	
8.53 	9.41 	
8.76 	9.50 	
8.88 	9.34 	
9.31 	9.04 	
8.60 	8.94 	
8.81 	9.14 	
8.51 	9.32 	
9.53 	9.01 	
8.41 	9.41 	
7.94 	8.85 	
8.15 	9.66 	
8.28 	8.82 	
8.93 	8.96 	
8.79 	9.82 	
8.91 	9.15 	
8.57 	9.32 	
8.75 	9.31 	
8.27 	8.38 	
9.23 	8.63 	
8.70 	8.30 	
9.03 	8.97 	
9.28 	9.20 	
8.26 	8.75 	
8.93 	8.56 	
9.43 	8.82 	
9.28 	9.70 	
8.21 	8.48 	
8.82 	8.55 	
8.46 	8.03 	
8.55 	8.31 	
8.30 	8.02 	
8.63 	9.41 	
8.32 	8.36 	
8.09 	9.19 	
8.51 	8.92 	
8.42 	9.06 	
8.85 	8.90 	
9.01 	9.06 	
8.33 	8.47 	
8.08 	9.65 	
8.99 	8.99 	
8.64 	8.70 	
9.20 	8.94 	
8.70 	9.10 	
8.44 	8.80 	
9.03 	8.58 	
8.52 	9.07 	
9.10 	8.28 	
9.08 	8.62 	
8.87 	8.99 	
8.77 	8.49 	
9.12 	8.78 	
8.66 	8.76 	
8.64 	8.48 	
9.26 	8.45 	
9.21 	9.23 	
9.17 	8.63 	
9.33 	8.39 	
8.42 	8.38 	
9.15 	7.89 	
8.98 	8.54 	
9.17 	8.24 	
8.58 	8.39 	
9.09 	8.23 	
8.98 	8.14 	
9.71 	8.12 	
8.90 	8.25 	
9.13 	8.64 	
9.41 	8.71 	
9.55 	8.58 	
8.93 	7.59 	
9.81 	8.10 	
9.02 	8.21 	
9.39 	8.40 	
9.57 	8.95 	
9.07 	8.57 	
8.86 	8.03 	
9.09 	8.44 	
9.41 	8.84 	
9.14 	8.89 	
8.73 	8.97 	
8.54 	9.10 	
8.54 	8.61 	
9.26 	7.73 	
8.40 	8.46 	
9.28 	8.58 	
9.22 	8.51 	
9.02 	7.84 	
9.05 	7.60 	
8.60 	7.90 	
9.37 	8.90 	
8.99 	8.36 	
9.28 	8.55 	
9.12 	8.30 	
8.94 	8.54 	
8.42 	8.68 	
9.06 	8.28 	
9.19 	8.16 	
9.37 	8.82 	
8.65 	8.33 	
8.70 	8.45 	
9.13 	8.53 	
9.01 	8.77 	
8.42 	8.89 	
9.36 	8.81 	
8.65 	8.57 	
9.21 	8.58 	
8.45 	8.27 	
8.59 	8.20 	
8.81 	8.46 	
9.13 	8.86 	
8.72 	8.56 	
8.69 	8.63 	
8.68 	8.73 	
8.37 	8.30 	
8.23 	8.51 	
8.65 	8.38 	
8.40 	8.39 	
8.65 	8.49 	
9.16 	8.51 	
8.76 	8.90 	
8.92 	8.32 	
8.94 	8.53 	
9.22 	8.72 	
8.68 	7.97 	
9.25 	8.22 	
9.11 	8.99 	
8.97 	8.35 	
8.94 	8.32 	
8.96 	8.27 	
9.14 	8.90 	
8.75 	8.46 	
8.96 	8.59 	
8.98 	8.91 	
8.82 	8.55 	
8.50 	8.66 	
8.48 	9.17 	
8.52 	8.51 	
9.19 	8.99 	
9.05 	8.46 	
8.97 	8.32 	
9.07 	8.21 	
9.35 	8.27 	
9.00 	8.06 	
9.16 	8.75 	
9.11 	8.41 	
8.64 	7.89 	
9.76 	8.73 	
9.53 	8.02 	
10.09 	8.14 	
9.27 	8.18 	
8.94 	8.41 	
9.92 	9.24 	
9.90 	8.56 	
9.74 	8.55 	
10.05 	9.00 	
10.16 	9.09 	
9.80 	9.20 	
9.86 	8.39 	
9.44 	9.15 	
9.37 	9.09 	
10.41 	9.34 	
10.03 	8.61 	
10.08 	9.09 	
10.09 	8.62 	
9.96 	8.53 	
9.83 	9.07 	
10.12 	9.13 	
9.73 	8.96 	
9.73 	8.83 	
9.83 	8.83 	
9.59 	8.23 	
9.09 	8.95 	
10.17 	8.72 	
9.96 	9.23 	
9.87 	8.48 	
9.21 	8.87 	
9.45 	9.21 	
9.38 	8.65 	
9.26 	9.15 	
8.97 	9.16 	
9.20 	9.06 	
9.02 	8.41 	
9.15 	8.41 	
9.19 	8.90 	
9.41 	8.34 	
9.32 	9.14 	
9.54 	9.54 	
9.17 	8.98 	
9.65 	8.77 	
8.39 	8.83 	
9.30 	8.96 	
9.64 	9.17 	
9.80 	9.10 	
9.21 	8.91 	
9.11 	8.62 	
9.48 	9.40 	
9.66 	8.40 	
9.42 	8.95 	
10.24 	9.14 	
9.31 	9.08 	
9.16 	9.56 	
9.58 	9.16 	
9.41 	8.43 	
9.03 	8.61 	
9.21 	8.80 	
9.02 	8.39 	
9.10 	8.98 	
9.54 	8.44 	
9.17 	9.08 	
9.40 	8.52 	
9.13 	8.72 	
8.70 	8.56 	
8.68 	9.11 	
9.49 	8.62 	
9.39 	8.88 	
9.32 	7.82 	
9.41 	7.56 	
8.99 	8.34 	
9.47 	8.01 	
8.99 	8.24 	
9.84 	9.00 	
9.52 	8.75 	
9.56 	8.98 	
9.39 	8.46 	
9.41 	8.38 	
9.61 	8.46 	
9.74 	8.95 	
9.74 	7.82 	
9.17 	9.12 	
9.44 	9.53 	
9.42 	8.41 	
9.57 	8.96 	
9.96 	7.96 	
9.85 	8.39 	
9.24 	8.83 	
10.04 	9.19 	
9.14 	8.34 	
9.36 	8.21 	
9.13 	8.74 	
9.78 	8.86 	
9.46 	8.99 	
9.62 	7.99 	
9.36 	8.98 	
9.10 	8.93 	
9.47 	8.57 	
9.50 	8.84 	
9.63 	8.62 	
9.31 	8.75 	
10.03 	8.36 	
9.33 	9.05 	
9.17 	9.26 	
9.22 	8.50 	
9.21 	8.40 	
10.09 	7.61 	
8.99 	8.36 	
9.63 	8.08 	
9.91 	8.52 	
8.59 	8.32 	
9.43 	8.30 	
10.23 	8.66 	
9.77 	9.22 	
9.69 	8.83 	
9.53 	8.64 	
10.12 	9.06 	
9.67 	8.87 	
9.12 	8.92 	
9.54 	9.10 	
10.23 	9.21 	
9.13 	8.31 	
9.68 	8.86 	
9.71 	8.01 	
10.01 	8.21 	
9.70 	8.07 	
9.84 	8.58 	
8.90 	7.96 	
9.75 	8.64 	
9.29 	8.71 	
9.11 	8.84 	
9.89 	9.02 	
9.55 	8.08 	
8.73 	8.45 	
9.17 	8.46 	
9.47 	8.64 	
9.76 	8.24 	
10.01 	8.75 	
9.46 	8.79 	
9.77 	8.40 	
9.36 	8.42 	
9.55 	8.40 	
9.48 	8.22 	
9.92 	9.35 	
9.37 	8.81 	
8.73 	8.68 	
9.24 	9.35 	
8.75 	8.35 	
9.35 	8.90 	
8.65 	9.53 	
10.08 	8.96 	
9.39 	8.88 	
9.28 	9.51 	
8.95 	8.99 	
9.87 	9.32 	
9.64 	9.37 	
9.71 	9.70 	
9.58 	8.80 	
9.01 	9.56 	
9.34 	9.19 	
9.99 	9.30 	
9.02 	8.84 	
8.93 	9.64 	
9.45 	8.22 	
9.76 	8.67 	
9.65 	8.54 	
9.72 	9.48 	
9.85 	8.98 	
9.18 	9.51 	
10.14 	8.98 	
9.65 	9.32 	
8.75 	8.46 	
9.70 	9.31 	
9.64 	7.28 	
9.80 	8.66 	
9.97 	7.78 	
9.10 	8.40 	
9.69 	7.81 	
9.31 	7.29 	
8.99 	8.13 	
8.86 	7.95 	
8.69 	8.87 	
9.09 	8.54 	
9.23 	8.47 	
8.83 	8.66 	
8.93 	8.90 	
8.77 	8.58 	
8.80 	8.53 	
9.45 	9.31 	
8.84 	9.58 	
8.71 	8.68 	
8.66 	9.29 	
8.90 	9.48 	
9.17 	9.75 	
8.15 	10.03 	
