4.77 	4.81 	
4.95 	3.05 	
5.11 	2.95 	
4.93 	2.92 	
4.91 	2.88 	
4.88 	2.93 	
4.61 	2.35 	
4.86 	3.05 	
3.94 	3.31 	
3.06 	2.61 	
3.90 	2.94 	
3.11 	2.43 	
3.27 	2.66 	
3.43 	2.82 	
3.71 	3.03 	
3.66 	2.80 	
5.07 	3.01 	
3.37 	2.58 	
3.84 	1.55 	
1.55 	2.16 	
2.13 	2.70 	
1.91 	3.34 	
1.56 	2.01 	
1.84 	2.40 	
1.91 	2.42 	
1.97 	3.18 	
1.97 	2.33 	
1.91 	2.10 	
1.66 	1.96 	
1.66 	2.97 	
1.73 	2.90 	
1.64 	3.79 	
1.50 	3.45 	
1.59 	3.36 	
1.64 	3.88 	
1.52 	4.91 	
1.43 	3.65 	
1.55 	3.33 	
1.30 	3.62 	
1.48 	3.42 	
1.73 	4.25 	
1.73 	3.78 	
1.76 	3.56 	
2.19 	3.82 	
1.92 	3.66 	
1.82 	3.74 	
1.77 	3.84 	
1.68 	4.20 	
1.72 	3.83 	
1.62 	3.92 	
1.99 	4.06 	
1.94 	3.53 	
1.77 	3.44 	
1.97 	3.49 	
1.62 	3.75 	
2.15 	4.48 	
2.33 	4.33 	
2.27 	3.88 	
2.38 	3.66 	
2.42 	4.25 	
1.55 	4.44 	
2.30 	4.83 	
3.11 	4.90 	
2.53 	4.33 	
2.64 	4.59 	
1.89 	4.42 	
1.72 	4.07 	
2.33 	4.07 	
1.49 	4.70 	
2.21 	3.56 	
2.09 	4.11 	
2.84 	3.45 	
2.47 	3.82 	
2.18 	3.60 	
2.15 	4.09 	
2.57 	3.53 	
3.96 	3.97 	
3.99 	4.52 	
3.20 	4.21 	
3.70 	3.18 	
4.22 	3.56 	
3.80 	3.23 	
4.00 	6.00 	
3.82 	5.19 	
3.84 	5.42 	
3.73 	5.67 	
3.52 	4.37 	
3.94 	4.28 	
3.82 	4.16 	
3.99 	2.88 	
3.96 	3.27 	
3.70 	3.79 	
3.98 	3.52 	
3.47 	2.99 	
1.66 	4.03 	
1.66 	4.08 	
3.37 	2.97 	
2.81 	3.33 	
2.88 	4.69 	
2.18 	2.89 	
2.32 	3.13 	
1.60 	3.31 	
1.53 	4.04 	
2.59 	2.51 	
2.56 	3.81 	
2.71 	4.44 	
2.26 	4.03 	
2.73 	3.81 	
2.61 	3.79 	
2.85 	3.74 	
2.73 	3.14 	
3.57 	3.48 	
3.33 	3.26 	
3.98 	3.61 	
3.18 	3.53 	
3.79 	3.68 	
3.30 	3.70 	
4.05 	3.72 	
3.08 	3.37 	
2.79 	3.86 	
3.88 	3.77 	
3.51 	3.37 	
4.19 	3.86 	
4.55 	3.50 	
3.69 	3.78 	
3.65 	3.62 	
3.97 	3.38 	
3.75 	4.22 	
3.83 	3.36 	
4.38 	3.33 	
3.98 	3.08 	
4.24 	2.92 	
3.96 	3.11 	
4.12 	3.18 	
4.41 	3.39 	
4.05 	3.43 	
4.24 	4.02 	
2.77 	4.54 	
3.83 	4.38 	
4.41 	4.13 	
4.24 	4.32 	
3.99 	4.22 	
4.22 	4.29 	
3.84 	5.11 	
4.12 	4.63 	
3.94 	4.86 	
3.80 	4.77 	
3.86 	4.71 	
3.63 	6.10 	
3.96 	6.03 	
3.40 	5.38 	
3.69 	5.17 	
3.72 	4.66 	
3.68 	4.67 	
3.59 	5.59 	
3.60 	5.40 	
3.65 	5.42 	
4.01 	5.39 	
3.74 	5.09 	
3.26 	4.76 	
3.25 	4.98 	
2.87 	5.41 	
5.08 	4.93 	
3.91 	4.62 	
3.29 	3.63 	
3.83 	4.21 	
4.08 	3.49 	
3.59 	5.22 	
3.77 	5.12 	
3.69 	5.20 	
3.50 	5.02 	
4.93 	5.12 	
3.64 	4.96 	
4.09 	5.32 	
4.02 	5.31 	
3.17 	5.13 	
3.52 	4.22 	
3.80 	4.92 	
4.10 	4.96 	
4.51 	5.03 	
5.10 	4.69 	
4.78 	4.90 	
4.82 	4.49 	
4.51 	4.86 	
3.88 	4.66 	
4.41 	5.10 	
4.62 	5.03 	
4.52 	4.26 	
4.08 	4.51 	
4.39 	4.50 	
4.00 	4.64 	
4.11 	3.86 	
3.40 	4.30 	
4.13 	5.20 	
4.25 	3.96 	
2.91 	5.27 	
3.10 	4.89 	
3.81 	5.24 	
3.67 	5.07 	
3.95 	5.29 	
3.58 	5.49 	
4.43 	5.35 	
5.08 	5.85 	
5.31 	5.84 	
4.99 	5.50 	
4.77 	5.58 	
4.40 	5.36 	
4.51 	5.28 	
4.79 	5.10 	
4.48 	5.62 	
5.31 	5.94 	
5.14 	5.12 	
4.74 	5.14 	
4.77 	5.73 	
5.00 	5.28 	
4.75 	4.86 	
4.45 	4.80 	
4.90 	5.04 	
5.25 	5.14 	
5.04 	5.35 	
5.06 	5.47 	
5.06 	4.86 	
4.87 	4.74 	
5.04 	5.92 	
4.39 	5.49 	
5.17 	5.53 	
5.20 	5.69 	
4.70 	5.24 	
4.62 	4.83 	
3.94 	5.31 	
3.92 	5.67 	
3.24 	5.86 	
4.10 	5.90 	
4.28 	5.69 	
3.90 	5.75 	
2.68 	5.30 	
2.76 	5.29 	
3.09 	5.32 	
2.35 	4.86 	
3.31 	5.30 	
3.89 	5.69 	
4.42 	5.09 	
4.05 	4.89 	
4.26 	4.47 	
3.91 	4.47 	
4.13 	4.42 	
4.26 	4.94 	
4.14 	4.72 	
3.71 	5.00 	
4.04 	5.05 	
4.09 	5.44 	
2.53 	4.78 	
2.48 	5.06 	
2.26 	5.10 	
2.15 	4.84 	
2.83 	4.45 	
2.05 	4.32 	
2.84 	4.50 	
2.29 	4.76 	
2.49 	4.70 	
2.47 	4.16 	
3.59 	4.68 	
2.23 	4.54 	
2.21 	5.01 	
2.52 	4.73 	
2.33 	4.84 	
2.45 	5.41 	
2.68 	4.59 	
2.44 	4.49 	
2.89 	4.79 	
1.50 	3.38 	
2.81 	3.97 	
2.36 	3.39 	
3.26 	2.60 	
1.92 	3.03 	
2.94 	4.91 	
2.35 	4.79 	
3.20 	4.51 	
2.52 	4.48 	
3.06 	4.72 	
1.62 	4.82 	
2.83 	6.10 	
2.37 	5.22 	
2.80 	4.80 	
2.50 	4.87 	
2.26 	5.77 	
2.56 	4.79 	
2.68 	4.02 	
2.49 	4.85 	
2.04 	4.84 	
2.48 	4.94 	
2.62 	5.41 	
1.88 	5.29 	
3.02 	5.52 	
2.72 	5.44 	
2.67 	4.53 	
2.28 	5.14 	
2.13 	5.23 	
2.01 	4.71 	
2.41 	4.83 	
1.89 	3.44 	
2.10 	5.24 	
2.47 	4.15 	
2.45 	3.94 	
2.83 	4.78 	
2.13 	5.41 	
2.60 	5.86 	
2.41 	5.66 	
3.05 	5.63 	
2.00 	5.08 	
2.23 	5.22 	
1.54 	4.45 	
1.82 	4.36 	
1.88 	2.83 	
2.26 	4.19 	
3.07 	4.71 	
2.33 	4.55 	
1.70 	3.05 	
1.84 	4.44 	
2.55 	4.67 	
3.29 	4.83 	
2.39 	4.71 	
1.83 	5.51 	
2.45 	5.44 	
2.36 	4.74 	
2.66 	4.84 	
3.65 	5.56 	
3.60 	5.85 	
3.00 	5.17 	
3.28 	4.45 	
3.20 	5.59 	
2.98 	5.27 	
3.42 	4.99 	
2.43 	4.85 	
2.70 	5.44 	
2.77 	5.26 	
3.44 	4.92 	
3.33 	4.87 	
3.40 	5.39 	
3.28 	5.59 	
3.49 	4.75 	
3.49 	4.99 	
3.49 	5.56 	
2.91 	5.28 	
3.11 	4.92 	
2.96 	4.82 	
3.41 	4.63 	
3.32 	4.59 	
3.53 	4.89 	
3.02 	4.52 	
2.97 	4.37 	
3.64 	4.77 	
3.08 	3.50 	
3.22 	5.31 	
3.12 	3.82 	
2.78 	5.31 	
3.40 	5.71 	
2.63 	4.70 	
3.09 	5.09 	
3.24 	5.46 	
3.13 	5.52 	
3.02 	4.64 	
3.11 	4.93 	
3.00 	5.43 	
3.11 	4.66 	
3.26 	5.02 	
2.93 	3.79 	
3.14 	4.70 	
3.06 	4.72 	
2.97 	4.63 	
2.87 	5.30 	
2.56 	5.46 	
3.56 	5.04 	
3.04 	5.09 	
2.91 	4.75 	
3.10 	4.96 	
3.62 	4.67 	
3.54 	4.93 	
3.76 	5.16 	
3.90 	4.99 	
2.91 	4.94 	
3.52 	4.49 	
3.19 	4.44 	
3.08 	4.96 	
3.55 	3.91 	
3.08 	4.11 	
3.45 	4.73 	
3.00 	4.37 	
3.41 	4.06 	
3.25 	4.15 	
3.41 	3.85 	
3.40 	4.44 	
3.41 	3.94 	
2.81 	4.07 	
3.61 	4.20 	
2.82 	4.07 	
2.77 	4.31 	
2.87 	4.61 	
2.84 	3.94 	
2.98 	4.67 	
3.18 	4.17 	
3.25 	4.41 	
3.34 	4.66 	
3.51 	4.43 	
2.88 	4.00 	
3.17 	5.06 	
3.01 	3.92 	
3.05 	5.47 	
2.97 	4.73 	
3.49 	4.77 	
2.90 	4.91 	
2.67 	4.87 	
2.91 	5.87 	
3.38 	4.89 	
2.49 	5.03 	
2.71 	5.41 	
2.85 	5.33 	
2.76 	4.30 	
3.06 	5.30 	
3.17 	5.20 	
2.94 	5.28 	
3.25 	5.21 	
3.24 	4.94 	
3.56 	5.35 	
3.74 	5.30 	
3.41 	5.47 	
3.07 	4.86 	
3.07 	4.69 	
3.49 	5.19 	
3.09 	5.08 	
3.26 	5.07 	
3.43 	4.93 	
3.44 	5.08 	
3.20 	5.60 	
3.27 	5.03 	
3.47 	6.03 	
3.38 	5.55 	
3.37 	5.89 	
3.64 	5.93 	
3.92 	5.13 	
3.85 	5.59 	
3.48 	4.92 	
3.86 	4.75 	
3.46 	4.49 	
3.53 	5.24 	
3.42 	4.95 	
3.39 	5.30 	
3.36 	4.45 	
3.14 	4.73 	
3.06 	4.84 	
3.65 	5.09 	
3.11 	5.42 	
2.78 	4.42 	
3.29 	4.68 	
4.06 	5.09 	
3.68 	4.36 	
3.03 	5.38 	
3.55 	4.90 	
3.65 	5.16 	
3.77 	5.52 	
4.22 	5.49 	
3.61 	5.33 	
4.26 	5.00 	
3.74 	5.40 	
4.25 	5.27 	
3.99 	4.84 	
3.56 	4.79 	
3.96 	5.13 	
3.66 	5.53 	
4.17 	5.39 	
3.82 	5.23 	
4.73 	5.65 	
4.74 	5.56 	
4.21 	5.46 	
4.45 	4.66 	
5.38 	2.96 	
4.67 	3.06 	
4.93 	2.35 	
3.88 	2.89 	
4.77 	2.04 	
4.41 	2.82 	
4.75 	3.06 	
4.11 	3.22 	
4.39 	3.05 	
4.13 	3.21 	
4.21 	3.96 	
3.79 	3.19 	
4.70 	2.72 	
4.72 	3.99 	
4.89 	4.41 	
4.10 	3.34 	
4.75 	5.02 	
5.41 	3.38 	
4.62 	5.06 	
4.49 	4.72 	
4.74 	4.70 	
3.95 	5.18 	
4.46 	5.52 	
3.54 	5.92 	
4.67 	5.69 	
4.97 	5.90 	
5.25 	5.76 	
4.58 	5.67 	
5.02 	5.41 	
4.63 	5.79 	
3.90 	5.50 	
3.97 	5.68 	
4.38 	6.12 	
4.41 	5.94 	
4.97 	5.12 	
4.79 	5.66 	
3.94 	5.47 	
4.22 	6.37 	
4.13 	5.98 	
3.95 	5.98 	
4.19 	5.33 	
3.95 	5.78 	
3.73 	5.93 	
3.82 	5.06 	
4.54 	5.16 	
4.23 	5.01 	
5.05 	5.39 	
4.27 	5.27 	
3.83 	5.90 	
3.78 	5.10 	
3.45 	5.36 	
3.37 	5.33 	
3.95 	5.16 	
3.70 	5.22 	
3.84 	4.29 	
2.91 	5.14 	
3.02 	3.89 	
2.84 	3.76 	
3.10 	4.17 	
3.26 	4.93 	
3.32 	5.15 	
3.06 	5.51 	
2.57 	6.08 	
2.75 	4.67 	
2.23 	5.36 	
2.47 	5.24 	
2.66 	4.82 	
2.52 	4.04 	
3.46 	4.51 	
3.00 	5.38 	
3.90 	4.89 	
3.54 	5.56 	
3.41 	5.48 	
3.94 	5.28 	
3.59 	5.20 	
3.41 	5.57 	
3.75 	4.80 	
3.58 	5.16 	
3.51 	5.39 	
3.67 	5.25 	
4.21 	4.97 	
5.10 	5.29 	
4.60 	4.61 	
4.53 	5.09 	
4.49 	5.35 	
3.95 	5.30 	
4.01 	5.44 	
4.33 	5.31 	
4.50 	5.40 	
4.15 	5.10 	
3.94 	5.99 	
4.20 	4.75 	
3.91 	5.78 	
4.11 	5.51 	
3.99 	5.58 	
3.88 	5.23 	
4.09 	5.40 	
4.15 	4.81 	
3.33 	5.32 	
3.50 	5.94 	
3.95 	5.56 	
4.14 	5.63 	
3.75 	4.75 	
3.62 	5.36 	
3.43 	5.44 	
4.44 	5.36 	
4.59 	5.08 	
4.83 	4.64 	
4.80 	5.10 	
4.30 	5.02 	
4.05 	5.33 	
5.02 	5.50 	
3.81 	5.35 	
4.42 	4.83 	
3.62 	5.02 	
4.15 	4.95 	
4.49 	5.35 	
4.37 	5.32 	
4.01 	5.09 	
4.39 	4.57 	
4.27 	5.00 	
4.25 	5.05 	
4.05 	4.44 	
4.20 	5.41 	
4.35 	6.16 	
4.28 	5.71 	
3.53 	5.04 	
3.82 	5.55 	
3.74 	5.59 	
3.91 	5.62 	
3.24 	5.51 	
4.11 	5.36 	
3.98 	4.47 	
4.21 	5.28 	
3.85 	5.37 	
4.21 	5.59 	
4.26 	5.21 	
4.00 	5.55 	
3.98 	5.51 	
3.70 	5.25 	
4.10 	5.11 	
3.90 	5.52 	
4.77 	5.65 	
4.56 	5.61 	
4.41 	5.75 	
4.46 	5.40 	
4.24 	4.95 	
4.07 	5.62 	
4.11 	5.35 	
3.85 	5.26 	
3.92 	4.68 	
4.24 	5.43 	
4.10 	5.95 	
4.16 	5.57 	
4.04 	5.95 	
4.30 	5.91 	
3.85 	5.71 	
3.57 	5.75 	
4.27 	6.30 	
4.15 	5.83 	
4.11 	5.96 	
4.25 	5.73 	
4.12 	5.67 	
3.88 	6.14 	
4.45 	5.44 	
4.03 	5.47 	
3.78 	5.81 	
4.15 	5.46 	
3.99 	5.49 	
4.51 	5.48 	
4.46 	5.51 	
3.93 	5.52 	
4.03 	5.72 	
4.04 	5.40 	
4.06 	5.97 	
4.13 	5.58 	
3.87 	5.63 	
4.04 	4.60 	
4.34 	4.90 	
4.17 	5.24 	
4.49 	5.19 	
4.38 	4.53 	
4.39 	4.94 	
5.24 	5.42 	
4.71 	5.20 	
3.80 	4.97 	
4.17 	4.50 	
4.06 	5.46 	
4.37 	4.77 	
4.20 	5.27 	
3.66 	4.21 	
3.96 	5.02 	
3.96 	5.60 	
4.15 	5.43 	
3.63 	5.58 	
3.95 	5.44 	
4.17 	5.31 	
3.91 	5.85 	
4.59 	5.79 	
4.11 	5.20 	
4.01 	5.51 	
3.74 	5.39 	
4.28 	5.31 	
4.22 	5.30 	
3.56 	5.39 	
3.99 	5.11 	
3.79 	5.04 	
3.90 	5.48 	
4.00 	5.49 	
4.22 	5.57 	
3.86 	5.45 	
4.26 	5.71 	
3.98 	4.25 	
4.20 	4.93 	
4.06 	5.55 	
3.77 	4.62 	
4.00 	4.36 	
4.30 	4.82 	
4.26 	5.25 	
3.83 	5.46 	
4.02 	5.14 	
4.13 	5.90 	
4.17 	4.94 	
3.74 	4.77 	
4.07 	5.07 	
4.36 	5.27 	
4.25 	6.05 	
4.13 	5.55 	
4.00 	5.37 	
3.78 	5.46 	
3.92 	5.52 	
3.53 	5.06 	
4.26 	5.63 	
3.77 	5.47 	
4.13 	6.01 	
3.90 	5.43 	
4.36 	5.39 	
4.31 	5.39 	
3.97 	4.97 	
4.30 	4.67 	
4.02 	4.95 	
4.21 	4.95 	
4.11 	4.85 	
4.06 	5.15 	
4.16 	5.23 	
4.59 	5.09 	
3.90 	5.40 	
4.21 	5.45 	
4.34 	5.24 	
3.65 	5.21 	
4.19 	5.31 	
4.22 	5.11 	
4.08 	5.19 	
3.66 	5.28 	
4.09 	4.99 	
3.97 	5.14 	
4.27 	5.58 	
3.74 	5.46 	
3.99 	4.98 	
4.17 	4.80 	
4.21 	4.60 	
4.31 	5.38 	
3.89 	5.23 	
4.48 	5.16 	
4.09 	5.27 	
4.52 	5.46 	
4.56 	4.73 	
4.19 	5.09 	
4.08 	5.44 	
4.07 	5.91 	
4.31 	5.68 	
4.27 	5.02 	
3.91 	5.45 	
3.66 	5.57 	
4.09 	5.67 	
4.24 	5.53 	
3.98 	5.86 	
4.09 	5.35 	
4.06 	5.62 	
4.04 	6.05 	
4.23 	5.78 	
4.08 	5.18 	
4.11 	5.02 	
4.48 	5.65 	
4.83 	4.87 	
4.09 	5.23 	
4.17 	4.89 	
4.26 	5.15 	
4.09 	5.35 	
3.84 	5.19 	
4.01 	4.95 	
4.13 	5.03 	
4.36 	5.52 	
3.83 	5.40 	
3.84 	5.14 	
4.06 	5.21 	
3.90 	5.10 	
3.99 	5.42 	
4.32 	5.22 	
4.04 	5.12 	
3.71 	5.17 	
4.13 	5.34 	
4.59 	5.23 	
4.31 	5.50 	
3.48 	5.50 	
4.00 	5.13 	
3.55 	5.40 	
4.12 	5.16 	
3.92 	4.89 	
4.06 	5.45 	
4.13 	5.41 	
4.06 	5.03 	
3.70 	5.43 	
3.90 	5.27 	
4.47 	5.40 	
4.70 	5.70 	
4.18 	5.47 	
4.62 	5.26 	
4.12 	5.00 	
4.12 	5.75 	
4.07 	5.65 	
3.97 	5.20 	
3.91 	5.68 	
4.28 	6.12 	
4.40 	5.82 	
4.40 	5.61 	
4.83 	5.39 	
4.27 	5.39 	
4.33 	5.44 	
4.07 	5.76 	
5.14 	5.40 	
4.53 	5.12 	
4.47 	5.22 	
4.46 	5.37 	
3.99 	6.02 	
3.71 	5.99 	
3.73 	5.20 	
3.76 	5.56 	
3.79 	5.64 	
4.02 	5.49 	
3.90 	5.71 	
4.35 	4.96 	
3.72 	5.44 	
3.86 	4.75 	
4.28 	4.30 	
3.85 	5.35 	
4.26 	5.19 	
4.62 	5.39 	
4.36 	5.02 	
5.10 	5.02 	
3.93 	5.28 	
4.68 	5.27 	
4.87 	5.25 	
4.85 	5.67 	
4.86 	5.37 	
4.89 	5.00 	
4.84 	5.66 	
4.88 	5.53 	
4.95 	5.45 	
4.40 	5.86 	
3.54 	5.03 	
3.75 	4.91 	
4.28 	5.48 	
3.64 	5.01 	
3.92 	5.43 	
4.06 	4.89 	
3.66 	5.09 	
3.69 	5.25 	
4.23 	4.88 	
4.16 	5.43 	
3.98 	5.65 	
3.92 	5.30 	
3.59 	5.14 	
3.83 	4.79 	
5.09 	4.28 	
4.44 	5.65 	
4.34 	5.47 	
4.38 	5.19 	
4.39 	5.50 	
3.99 	5.28 	
3.98 	5.54 	
3.91 	4.87 	
4.69 	4.76 	
3.68 	4.83 	
3.93 	4.60 	
4.04 	4.77 	
4.11 	4.32 	
3.79 	5.08 	
4.23 	5.12 	
4.75 	4.65 	
3.83 	5.24 	
3.95 	5.43 	
4.13 	5.59 	
4.15 	5.50 	
4.61 	5.19 	
4.58 	5.06 	
3.82 	5.37 	
4.22 	4.94 	
3.60 	4.92 	
3.91 	5.12 	
4.82 	5.51 	
4.87 	5.46 	
4.47 	5.98 	
5.30 	5.48 	
4.70 	5.37 	
4.08 	6.09 	
4.08 	5.29 	
4.61 	5.63 	
4.69 	4.65 	
4.90 	4.37 	
4.52 	4.94 	
4.24 	4.53 	
4.37 	5.03 	
4.49 	4.81 	
4.63 	4.78 	
4.56 	4.71 	
4.35 	4.72 	
4.99 	4.30 	
4.32 	5.06 	
4.71 	4.67 	
4.16 	4.90 	
4.35 	5.66 	
4.68 	5.37 	
4.87 	4.92 	
5.19 	5.34 	
4.76 	4.82 	
4.61 	4.77 	
4.80 	4.42 	
5.26 	4.78 	
5.01 	4.84 	
4.74 	4.42 	
4.76 	3.95 	
4.84 	4.18 	
5.42 	5.46 	
4.70 	6.07 	
5.20 	6.08 	
4.68 	5.39 	
5.07 	5.83 	
5.25 	5.13 	
5.55 	5.06 	
5.74 	4.43 	
5.04 	3.97 	
5.12 	4.22 	
5.82 	3.73 	
4.18 	4.09 	
5.22 	4.04 	
5.04 	4.14 	
4.69 	5.48 	
5.84 	4.98 	
5.50 	4.99 	
5.42 	5.76 	
5.05 	5.48 	
5.71 	5.82 	
5.85 	6.15 	
4.78 	5.32 	
4.75 	5.12 	
4.72 	5.41 	
4.98 	5.56 	
5.25 	5.52 	
5.35 	5.01 	
5.34 	5.51 	
5.13 	5.76 	
5.15 	5.08 	
4.82 	5.14 	
5.74 	5.62 	
5.25 	5.78 	
5.54 	5.34 	
4.69 	5.26 	
4.85 	4.81 	
5.22 	5.11 	
4.92 	5.35 	
5.07 	4.62 	
4.96 	4.39 	
5.47 	5.38 	
4.93 	5.64 	
5.71 	5.21 	
5.30 	5.12 	
5.10 	5.51 	
4.88 	5.21 	
5.15 	5.78 	
4.03 	5.31 	
3.89 	5.24 	
4.79 	5.68 	
4.73 	5.38 	
4.73 	5.71 	
4.35 	5.24 	
4.68 	5.18 	
4.45 	5.33 	
4.72 	5.25 	
3.99 	4.73 	
4.20 	5.00 	
5.09 	5.12 	
4.69 	4.37 	
4.20 	5.47 	
4.33 	5.50 	
5.34 	5.37 	
4.79 	6.14 	
5.35 	5.70 	
4.97 	4.81 	
5.45 	5.26 	
4.35 	5.74 	
4.34 	5.46 	
4.43 	5.99 	
3.61 	5.67 	
4.06 	6.04 	
4.23 	5.51 	
4.42 	4.86 	
3.67 	5.56 	
3.94 	5.07 	
3.87 	5.80 	
4.10 	5.67 	
3.87 	5.74 	
3.79 	6.07 	
3.97 	5.78 	
3.95 	6.05 	
3.86 	5.40 	
4.38 	5.84 	
3.90 	5.50 	
3.97 	6.30 	
3.86 	5.66 	
4.28 	5.66 	
3.77 	5.76 	
3.75 	5.42 	
3.87 	4.85 	
3.67 	5.29 	
4.30 	5.46 	
4.05 	5.66 	
4.31 	6.19 	
3.92 	6.27 	
3.96 	6.08 	
4.06 	6.55 	
4.67 	4.76 	
4.77 	5.66 	
4.23 	6.09 	
4.36 	5.72 	
4.16 	4.93 	
4.38 	5.93 	
5.08 	5.23 	
4.39 	5.50 	
4.04 	5.43 	
3.93 	4.96 	
4.72 	4.85 	
4.35 	4.92 	
4.74 	3.37 	
4.00 	3.23 	
4.61 	3.17 	
4.34 	3.95 	
4.59 	3.33 	
3.84 	3.72 	
4.02 	3.68 	
4.16 	3.39 	
4.01 	3.14 	
3.99 	3.41 	
4.36 	3.31 	
3.96 	3.58 	
4.41 	3.30 	
3.86 	2.67 	
4.31 	2.84 	
3.71 	3.34 	
4.69 	2.36 	
4.39 	2.92 	
4.29 	3.30 	
4.37 	2.59 	
4.41 	3.05 	
4.68 	3.00 	
5.11 	3.07 	
5.64 	2.75 	
4.97 	3.24 	
5.28 	2.21 	
4.92 	2.84 	
5.63 	4.12 	
5.16 	4.65 	
5.86 	3.43 	
4.83 	4.11 	
4.80 	3.49 	
4.15 	4.02 	
5.34 	4.26 	
3.95 	4.04 	
4.45 	4.05 	
3.80 	4.03 	
3.28 	4.02 	
4.16 	4.43 	
3.91 	3.86 	
3.77 	4.27 	
4.83 	4.20 	
4.18 	3.07 	
3.62 	3.13 	
4.51 	2.96 	
3.57 	2.40 	
4.05 	2.65 	
4.07 	1.99 	
3.98 	1.96 	
4.43 	1.70 	
4.64 	1.85 	
4.53 	2.10 	
3.91 	1.76 	
4.52 	1.89 	
3.98 	2.03 	
3.05 	1.87 	
3.44 	2.12 	
4.31 	2.63 	
3.88 	3.33 	
4.08 	3.37 	
3.94 	3.10 	
4.62 	2.43 	
3.85 	2.57 	
3.68 	3.28 	
3.57 	4.04 	
3.59 	3.36 	
4.16 	3.43 	
2.95 	2.77 	
3.62 	2.79 	
3.82 	2.99 	
4.43 	3.50 	
3.61 	3.17 	
3.88 	3.85 	
3.71 	3.30 	
3.65 	3.66 	
3.79 	3.25 	
3.36 	2.34 	
3.50 	3.75 	
3.81 	4.15 	
3.97 	3.84 	
4.17 	3.88 	
4.03 	4.24 	
3.92 	3.71 	
3.60 	3.53 	
4.09 	3.41 	
3.75 	3.73 	
3.85 	3.33 	
3.87 	3.64 	
3.90 	3.11 	
4.28 	3.33 	
3.80 	3.53 	
4.54 	3.73 	
3.83 	3.85 	
4.02 	3.95 	
4.09 	3.85 	
4.06 	3.48 	
4.14 	3.53 	
4.06 	3.35 	
4.59 	3.69 	
3.68 	3.81 	
4.27 	3.88 	
3.42 	3.07 	
3.65 	3.68 	
3.41 	3.89 	
3.48 	3.60 	
4.94 	3.05 	
5.33 	3.75 	
4.27 	3.98 	
4.99 	3.75 	
4.78 	3.56 	
4.94 	4.17 	
4.40 	3.46 	
4.92 	3.82 	
4.19 	3.55 	
4.29 	3.86 	
4.45 	3.86 	
4.58 	3.65 	
3.95 	3.81 	
4.65 	3.41 	
4.94 	2.94 	
4.60 	3.66 	
4.47 	3.68 	
5.30 	3.59 	
5.62 	3.45 	
5.28 	3.72 	
5.44 	3.72 	
4.42 	3.63 	
4.45 	3.84 	
3.23 	3.82 	
4.09 	3.07 	
3.47 	3.71 	
3.66 	3.54 	
3.45 	3.55 	
3.65 	3.63 	
4.03 	3.50 	
3.23 	3.22 	
3.56 	3.37 	
3.95 	2.41 	
4.27 	2.65 	
4.08 	2.47 	
4.45 	2.29 	
4.41 	2.85 	
4.70 	2.56 	
4.47 	3.38 	
4.85 	3.31 	
4.61 	3.30 	
5.05 	3.75 	
4.62 	3.38 	
4.85 	2.55 	
4.45 	3.66 	
4.91 	2.23 	
4.79 	3.83 	
4.22 	3.47 	
4.58 	3.49 	
5.25 	3.44 	
4.99 	3.23 	
4.72 	2.50 	
4.73 	3.42 	
4.64 	3.16 	
4.98 	3.42 	
5.52 	2.55 	
5.44 	3.08 	
4.95 	2.62 	
4.78 	3.53 	
4.36 	2.90 	
4.61 	2.78 	
5.09 	1.47 	
5.25 	2.22 	
4.76 	2.79 	
5.04 	2.11 	
5.10 	3.05 	
5.23 	2.51 	
4.97 	2.93 	
4.42 	3.52 	
4.97 	2.21 	
4.67 	3.33 	
5.38 	2.72 	
5.37 	2.32 	
4.85 	2.64 	
5.32 	3.45 	
4.97 	3.13 	
4.69 	3.08 	
4.47 	2.90 	
5.05 	2.86 	
4.35 	2.67 	
4.73 	2.70 	
4.70 	3.12 	
5.19 	2.97 	
5.44 	2.42 	
4.59 	2.33 	
4.43 	2.77 	
4.55 	2.81 	
5.19 	3.03 	
4.70 	2.04 	
4.75 	2.53 	
4.72 	3.01 	
4.74 	2.18 	
4.26 	2.89 	
4.66 	3.33 	
4.73 	2.49 	
4.35 	2.64 	
3.76 	2.28 	
4.45 	2.41 	
3.76 	2.03 	
3.79 	2.40 	
3.82 	2.94 	
4.63 	2.43 	
3.92 	2.33 	
3.72 	3.08 	
3.83 	2.75 	
4.02 	2.83 	
4.12 	3.20 	
4.17 	3.13 	
3.09 	2.05 	
4.56 	2.48 	
3.91 	2.44 	
4.32 	2.50 	
4.47 	2.03 	
4.66 	2.40 	
4.34 	3.27 	
4.83 	2.25 	
4.99 	2.39 	
4.77 	2.87 	
4.50 	3.18 	
4.50 	1.99 	
4.15 	2.57 	
4.65 	2.60 	
5.08 	2.14 	
4.80 	2.05 	
4.63 	2.45 	
4.93 	2.36 	
4.15 	1.69 	
4.05 	1.78 	
4.52 	1.59 	
4.69 	1.71 	
3.80 	2.03 	
4.04 	2.33 	
4.18 	2.38 	
4.04 	3.81 	
4.07 	2.47 	
4.24 	1.71 	
4.00 	2.94 	
4.65 	3.11 	
3.88 	3.26 	
3.42 	3.15 	
4.84 	2.66 	
6.50 	2.08 	
5.63 	1.66 	
5.13 	2.38 	
4.70 	2.02 	
5.29 	1.90 	
4.72 	2.40 	
3.66 	2.79 	
5.03 	2.14 	
5.80 	2.26 	
5.28 	3.00 	
4.83 	3.24 	
5.38 	3.12 	
5.10 	2.69 	
4.17 	2.63 	
4.01 	2.88 	
3.95 	2.96 	
4.18 	1.97 	
3.96 	1.77 	
3.12 	1.48 	
4.11 	1.07 	
4.27 	1.25 	
4.05 	1.24 	
5.00 	1.17 	
5.25 	2.02 	
4.42 	2.19 	
5.83 	2.06 	
5.59 	1.95 	
4.55 	2.12 	
4.86 	2.25 	
4.97 	1.48 	
5.68 	2.62 	
5.87 	2.39 	
5.53 	3.23 	
5.41 	4.71 	
6.13 	3.97 	
5.42 	3.78 	
5.06 	4.22 	
4.62 	4.50 	
3.89 	4.88 	
4.00 	4.15 	
5.25 	3.96 	
4.87 	4.01 	
5.40 	2.66 	
3.91 	3.09 	
3.69 	2.97 	
4.76 	3.30 	
5.48 	2.76 	
5.40 	3.49 	
5.20 	2.44 	
4.80 	3.54 	
3.27 	2.80 	
4.32 	2.96 	
5.11 	3.09 	
4.50 	3.48 	
4.78 	2.67 	
4.55 	1.78 	
4.81 	1.73 	
4.36 	2.39 	
4.55 	3.28 	
4.09 	3.15 	
3.81 	2.81 	
4.67 	3.28 	
2.76 	4.17 	
3.74 	3.93 	
4.16 	2.84 	
4.45 	1.75 	
4.71 	3.83 	
4.70 	2.89 	
3.94 	3.11 	
3.91 	2.15 	
4.20 	1.98 	
3.82 	3.25 	
3.25 	3.24 	
4.05 	3.13 	
4.40 	3.28 	
3.96 	2.77 	
3.66 	2.97 	
3.06 	2.12 	
3.96 	3.68 	
3.60 	4.48 	
3.11 	4.84 	
3.88 	4.94 	
3.68 	4.90 	
1.75 	5.00 	
3.34 	4.89 	
3.42 	4.25 	
2.57 	4.97 	
4.30 	4.52 	
3.28 	5.01 	
4.50 	5.02 	
4.40 	4.94 	
3.35 	4.80 	
3.91 	4.72 	
3.27 	4.66 	
4.20 	4.06 	
3.64 	3.51 	
3.35 	4.55 	
3.07 	3.86 	
2.00 	3.85 	
2.32 	4.56 	
2.72 	4.14 	
2.68 	3.72 	
1.99 	2.35 	
2.33 	3.76 	
1.70 	4.44 	
2.24 	4.41 	
1.93 	3.80 	
2.19 	3.44 	
2.72 	3.76 	
2.11 	4.20 	
3.29 	3.84 	
2.15 	3.91 	
2.58 	3.88 	
2.35 	3.68 	
1.62 	3.74 	
2.52 	4.42 	
3.43 	4.37 	
2.87 	4.01 	
2.41 	4.31 	
2.99 	4.65 	
2.93 	4.05 	
1.49 	3.99 	
1.57 	4.21 	
2.57 	4.12 	
2.72 	3.28 	
2.47 	3.27 	
3.38 	4.21 	
2.34 	3.75 	
2.80 	3.56 	
1.98 	3.83 	
2.01 	3.78 	
3.11 	3.52 	
4.17 	3.72 	
3.18 	3.20 	
3.66 	3.87 	
3.09 	3.74 	
3.90 	3.30 	
3.20 	1.89 	
2.88 	3.57 	
3.31 	3.73 	
2.80 	3.35 	
2.21 	4.11 	
1.50 	3.93 	
1.94 	3.97 	
2.62 	3.11 	
2.07 	3.78 	
2.27 	4.31 	
2.34 	3.44 	
2.43 	3.11 	
1.95 	2.54 	
1.68 	2.29 	
2.19 	1.83 	
1.64 	2.88 	
1.48 	1.66 	
2.23 	3.00 	
0.67 	2.61 	
1.07 	2.10 	
0.97 	1.49 	
2.06 	1.91 	
1.11 	2.42 	
1.41 	1.21 	
1.11 	2.48 	
1.59 	2.64 	
1.56 	3.60 	
1.46 	3.95 	
0.95 	3.36 	
1.28 	3.94 	
1.03 	2.82 	
1.26 	2.57 	
0.95 	3.25 	
1.20 	3.53 	
1.37 	3.85 	
1.80 	4.84 	
1.31 	3.65 	
1.42 	3.94 	
1.40 	3.44 	
1.79 	4.08 	
1.91 	4.27 	
1.52 	3.54 	
1.81 	2.95 	
2.27 	4.01 	
2.07 	2.79 	
1.95 	3.34 	
1.78 	3.23 	
1.64 	3.23 	
2.03 	3.38 	
1.63 	3.62 	
2.68 	4.01 	
1.97 	2.65 	
1.91 	3.21 	
1.78 	3.25 	
1.82 	3.05 	
1.46 	3.30 	
2.06 	3.70 	
2.02 	3.95 	
1.87 	3.62 	
1.52 	3.88 	
1.72 	3.71 	
2.08 	3.76 	
2.28 	4.66 	
2.00 	4.46 	
1.81 	3.80 	
1.78 	3.27 	
2.42 	3.48 	
1.98 	4.43 	
1.56 	4.28 	
1.75 	4.25 	
1.57 	4.60 	
1.40 	4.66 	
1.71 	4.70 	
1.42 	4.83 	
1.43 	4.69 	
1.62 	4.40 	
1.23 	4.82 	
2.03 	4.34 	
1.63 	3.86 	
1.81 	4.11 	
1.82 	4.45 	
1.91 	4.82 	
1.41 	4.38 	
1.57 	3.66 	
1.74 	3.55 	
1.68 	3.53 	
1.78 	3.89 	
1.84 	4.11 	
1.75 	3.96 	
2.15 	3.62 	
1.80 	4.50 	
1.71 	3.96 	
1.68 	3.76 	
1.87 	3.31 	
1.92 	3.77 	
1.71 	3.98 	
1.77 	3.95 	
1.60 	3.94 	
1.33 	3.63 	
1.85 	4.28 	
1.58 	2.32 	
1.61 	2.87 	
1.56 	2.83 	
1.45 	3.11 	
1.69 	3.06 	
1.98 	1.99 	
1.69 	3.06 	
2.79 	2.04 	
2.65 	2.59 	
2.79 	2.10 	
2.51 	2.87 	
1.22 	2.30 	
2.02 	3.73 	
2.30 	2.34 	
2.01 	3.01 	
1.97 	2.41 	
2.19 	2.54 	
1.68 	3.02 	
2.21 	4.69 	
2.05 	4.97 	
1.64 	3.62 	
2.07 	3.18 	
2.05 	3.92 	
2.26 	4.90 	
2.01 	3.64 	
1.89 	2.93 	
2.30 	3.60 	
2.27 	2.77 	
1.68 	4.21 	
2.47 	3.56 	
2.60 	2.58 	
1.79 	2.34 	
2.15 	3.03 	
2.07 	2.60 	
1.86 	3.53 	
1.84 	3.24 	
2.16 	2.58 	
1.75 	3.50 	
1.66 	4.18 	
1.63 	3.52 	
1.79 	2.65 	
1.40 	2.88 	
1.81 	3.09 	
1.47 	3.57 	
1.85 	3.05 	
1.53 	3.62 	
2.35 	3.57 	
2.34 	3.54 	
2.08 	2.80 	
2.14 	2.10 	
1.90 	2.27 	
1.80 	1.58 	
2.10 	1.22 	
1.95 	1.70 	
2.05 	2.32 	
2.15 	2.81 	
2.33 	3.03 	
2.08 	2.13 	
2.40 	3.43 	
2.65 	2.61 	
2.30 	1.90 	
1.90 	3.69 	
2.19 	3.62 	
2.41 	4.56 	
2.56 	4.17 	
2.69 	4.08 	
2.28 	3.76 	
2.09 	3.57 	
1.78 	3.95 	
2.18 	4.57 	
1.77 	3.78 	
1.81 	3.10 	
1.94 	1.94 	
1.85 	1.28 	
1.64 	2.11 	
2.12 	2.58 	
1.91 	1.82 	
1.76 	2.03 	
1.80 	1.55 	
2.07 	1.28 	
2.11 	1.38 	
2.05 	1.22 	
2.32 	1.57 	
2.55 	1.36 	
1.95 	1.59 	
1.79 	1.64 	
1.79 	1.49 	
1.68 	1.22 	
2.02 	2.20 	
1.84 	1.73 	
1.39 	2.02 	
1.49 	1.79 	
1.61 	2.12 	
1.84 	2.19 	
1.49 	2.42 	
1.56 	3.06 	
1.40 	2.82 	
1.42 	3.07 	
1.67 	3.36 	
2.05 	4.01 	
2.18 	3.81 	
1.62 	2.92 	
2.44 	3.92 	
2.97 	3.17 	
1.84 	4.00 	
2.89 	3.16 	
2.30 	3.96 	
2.58 	4.46 	
2.07 	4.53 	
1.85 	4.68 	
2.43 	4.22 	
1.76 	4.00 	
2.47 	4.15 	
3.02 	4.77 	
1.96 	4.18 	
3.30 	4.73 	
2.69 	4.07 	
3.24 	4.79 	
2.51 	4.12 	
3.19 	4.66 	
2.55 	4.37 	
2.97 	4.63 	
2.53 	3.54 	
2.31 	3.61 	
2.00 	3.04 	
2.59 	3.63 	
2.48 	3.52 	
2.29 	2.95 	
2.29 	3.44 	
2.12 	3.17 	
2.04 	3.08 	
2.32 	3.33 	
2.05 	3.22 	
1.70 	3.56 	
2.02 	3.44 	
1.86 	3.65 	
2.31 	3.09 	
1.96 	2.91 	
2.09 	2.93 	
1.73 	2.94 	
1.79 	3.36 	
2.30 	3.08 	
1.72 	3.55 	
1.51 	3.57 	
1.98 	3.26 	
1.97 	3.05 	
2.40 	3.52 	
2.13 	3.44 	
2.23 	3.48 	
1.77 	3.52 	
1.70 	3.19 	
1.79 	4.20 	
1.72 	3.99 	
1.64 	4.75 	
1.74 	4.61 	
1.78 	4.67 	
1.83 	4.54 	
1.52 	4.05 	
1.57 	4.70 	
1.76 	4.76 	
1.88 	5.01 	
1.84 	4.55 	
1.65 	4.48 	
2.09 	4.37 	
3.02 	4.69 	
2.05 	4.36 	
2.34 	4.66 	
2.22 	4.57 	
1.74 	4.09 	
1.67 	3.63 	
1.88 	4.54 	
1.69 	3.72 	
2.39 	4.23 	
1.83 	4.04 	
2.23 	4.89 	
1.87 	5.20 	
1.12 	4.66 	
2.08 	5.10 	
2.08 	5.16 	
2.21 	4.33 	
1.42 	4.67 	
1.72 	5.03 	
1.51 	4.76 	
1.45 	4.23 	
1.41 	4.55 	
1.46 	4.67 	
1.94 	4.21 	
2.28 	4.58 	
1.74 	3.67 	
1.76 	4.00 	
1.97 	2.36 	
1.89 	2.45 	
2.01 	3.71 	
1.29 	3.74 	
1.74 	3.05 	
1.85 	4.34 	
1.60 	3.61 	
1.39 	2.97 	
1.69 	1.55 	
1.73 	1.81 	
1.78 	2.24 	
1.32 	1.94 	
1.42 	1.30 	
1.57 	2.06 	
1.64 	1.49 	
1.66 	1.95 	
1.73 	3.42 	
1.01 	2.88 	
1.48 	3.76 	
1.61 	3.59 	
1.79 	4.27 	
1.39 	4.21 	
1.67 	4.45 	
1.87 	3.72 	
2.39 	4.24 	
1.66 	4.63 	
1.72 	3.89 	
2.03 	3.93 	
1.71 	3.67 	
2.19 	3.80 	
1.82 	3.34 	
1.44 	4.14 	
1.91 	4.35 	
1.64 	4.18 	
1.64 	4.50 	
1.92 	4.08 	
1.63 	3.64 	
1.02 	3.22 	
1.38 	3.36 	
1.13 	3.05 	
1.60 	3.52 	
1.15 	3.98 	
1.55 	4.50 	
1.75 	3.96 	
1.23 	3.84 	
1.14 	4.63 	
1.64 	4.02 	
1.67 	4.19 	
1.58 	4.47 	
1.27 	4.41 	
1.51 	4.35 	
2.13 	4.05 	
1.55 	4.05 	
1.50 	4.15 	
1.38 	4.05 	
1.91 	4.03 	
1.77 	4.61 	
1.34 	4.80 	
1.61 	3.94 	
1.61 	4.72 	
1.90 	4.26 	
1.22 	4.18 	
1.37 	4.64 	
1.60 	4.24 	
1.42 	4.29 	
1.24 	4.44 	
1.29 	4.79 	
2.02 	4.02 	
2.23 	4.02 	
1.96 	4.25 	
1.53 	3.96 	
2.28 	3.59 	
1.93 	4.36 	
1.74 	4.50 	
1.42 	4.65 	
1.81 	4.55 	
2.16 	4.30 	
2.20 	3.79 	
2.16 	3.92 	
1.88 	4.46 	
1.42 	4.00 	
1.57 	4.06 	
1.13 	4.02 	
2.03 	4.36 	
1.24 	4.07 	
1.54 	4.43 	
1.79 	4.42 	
1.57 	4.14 	
1.81 	4.18 	
1.82 	4.62 	
1.80 	4.27 	
1.89 	4.51 	
1.89 	4.78 	
1.87 	5.03 	
2.19 	4.26 	
1.83 	4.26 	
2.09 	4.40 	
2.06 	4.06 	
1.81 	4.52 	
1.97 	4.18 	
1.82 	3.94 	
1.79 	4.63 	
1.79 	3.94 	
2.08 	4.39 	
2.61 	4.85 	
2.12 	4.42 	
2.09 	4.58 	
2.03 	3.58 	
2.05 	4.15 	
2.84 	4.35 	
3.53 	3.86 	
3.22 	4.24 	
3.48 	4.69 	
2.56 	4.50 	
2.06 	4.40 	
3.53 	4.45 	
3.33 	4.15 	
2.63 	4.84 	
2.19 	4.35 	
1.53 	4.66 	
1.84 	4.74 	
2.16 	4.68 	
2.93 	4.49 	
1.81 	4.68 	
1.30 	4.37 	
1.53 	2.83 	
1.32 	3.71 	
1.30 	3.98 	
1.07 	4.77 	
1.46 	4.55 	
1.07 	4.00 	
0.71 	4.02 	
1.88 	4.58 	
1.73 	5.18 	
2.47 	3.03 	
2.05 	3.98 	
1.85 	4.47 	
3.03 	4.19 	
1.33 	4.31 	
1.90 	4.27 	
1.15 	3.96 	
1.60 	4.10 	
1.11 	5.01 	
1.41 	4.22 	
1.42 	3.60 	
1.59 	3.62 	
1.80 	4.78 	
1.20 	2.44 	
1.01 	3.86 	
1.30 	3.34 	
1.66 	3.43 	
1.05 	3.13 	
1.09 	3.62 	
1.21 	2.57 	
1.39 	2.97 	
1.91 	3.42 	
1.42 	3.61 	
1.24 	3.29 	
1.36 	2.44 	
1.18 	3.20 	
1.06 	2.86 	
1.35 	2.77 	
1.05 	2.61 	
1.80 	3.48 	
1.31 	3.37 	
1.55 	3.34 	
1.49 	2.98 	
1.21 	2.86 	
1.64 	3.64 	
2.16 	2.17 	
1.68 	3.69 	
1.34 	4.23 	
1.25 	4.29 	
1.25 	4.41 	
1.27 	3.16 	
1.31 	2.52 	
1.16 	3.79 	
1.33 	3.38 	
0.96 	3.31 	
1.06 	2.83 	
1.17 	3.48 	
0.88 	4.06 	
0.91 	4.30 	
1.28 	4.10 	
1.29 	3.54 	
1.03 	3.42 	
1.60 	3.92 	
1.36 	3.97 	
1.20 	4.10 	
1.43 	4.01 	
1.34 	3.50 	
1.83 	3.30 	
1.15 	2.58 	
1.41 	2.36 	
1.39 	2.31 	
1.50 	2.95 	
1.54 	2.63 	
1.02 	2.33 	
1.24 	3.37 	
1.75 	3.48 	
1.77 	3.36 	
1.18 	3.20 	
1.58 	3.22 	
1.68 	2.45 	
1.68 	3.52 	
1.81 	3.86 	
1.66 	3.87 	
1.65 	2.91 	
1.92 	3.01 	
1.61 	3.43 	
1.57 	3.06 	
2.11 	4.34 	
1.95 	3.55 	
1.36 	3.60 	
1.63 	3.36 	
1.63 	4.50 	
1.74 	3.50 	
1.67 	3.72 	
1.94 	3.89 	
1.92 	4.10 	
2.16 	2.99 	
2.01 	2.93 	
1.75 	3.26 	
1.71 	3.40 	
1.60 	3.11 	
2.06 	4.57 	
1.94 	3.59 	
2.11 	3.73 	
1.74 	4.28 	
1.85 	3.63 	
2.20 	3.65 	
2.07 	4.03 	
1.88 	3.11 	
1.25 	3.81 	
1.28 	3.75 	
1.91 	3.54 	
1.62 	3.58 	
1.81 	2.87 	
2.04 	2.77 	
1.55 	3.50 	
1.90 	3.03 	
2.22 	2.98 	
2.25 	3.16 	
2.07 	3.47 	
1.77 	4.02 	
1.74 	2.93 	
1.60 	3.56 	
1.77 	3.62 	
1.81 	3.76 	
1.95 	3.42 	
2.30 	3.28 	
1.89 	3.59 	
2.19 	4.03 	
1.33 	3.02 	
1.31 	2.88 	
1.25 	3.59 	
2.12 	3.03 	
1.66 	2.47 	
1.28 	2.68 	
1.45 	2.66 	
1.35 	2.76 	
1.52 	2.59 	
2.38 	2.83 	
2.26 	2.62 	
2.03 	1.69 	
1.60 	1.70 	
2.39 	2.36 	
1.73 	2.84 	
1.99 	2.99 	
1.98 	3.11 	
1.66 	2.46 	
1.80 	2.41 	
1.83 	2.71 	
1.59 	2.52 	
1.54 	2.87 	
1.41 	2.59 	
1.72 	3.06 	
1.22 	3.20 	
1.81 	2.79 	
1.69 	3.02 	
1.33 	2.33 	
1.48 	2.53 	
1.57 	3.92 	
1.85 	2.34 	
2.27 	2.62 	
1.73 	2.63 	
1.71 	2.27 	
1.70 	2.09 	
2.01 	2.89 	
1.94 	2.40 	
1.71 	2.07 	
1.99 	2.08 	
1.73 	2.29 	
1.59 	2.26 	
1.86 	3.84 	
1.63 	2.19 	
1.52 	3.48 	
1.94 	2.30 	
2.29 	3.02 	
1.35 	2.42 	
1.97 	2.41 	
1.56 	3.63 	
1.96 	3.03 	
2.15 	3.01 	
1.85 	2.51 	
1.52 	3.59 	
1.69 	3.49 	
1.83 	2.45 	
1.19 	3.49 	
1.77 	2.94 	
1.68 	2.56 	
1.39 	3.20 	
1.61 	3.21 	
1.78 	3.08 	
1.60 	2.79 	
2.05 	2.77 	
1.78 	2.36 	
1.78 	2.54 	
1.44 	2.40 	
2.03 	3.23 	
1.91 	2.43 	
1.85 	2.56 	
2.33 	2.95 	
1.19 	2.83 	
1.83 	2.94 	
1.76 	2.94 	
2.04 	2.37 	
2.44 	2.45 	
2.97 	1.80 	
2.34 	2.76 	
2.66 	2.48 	
1.85 	2.38 	
1.56 	1.79 	
1.46 	3.17 	
1.38 	3.29 	
1.95 	2.55 	
1.60 	2.66 	
1.94 	2.61 	
1.99 	2.59 	
2.64 	2.58 	
2.64 	1.74 	
2.31 	3.32 	
2.59 	3.07 	
2.65 	2.59 	
3.36 	2.26 	
2.57 	2.38 	
2.27 	2.04 	
2.74 	1.59 	
2.22 	2.82 	
2.72 	2.32 	
2.33 	3.28 	
2.12 	3.03 	
2.56 	3.49 	
2.01 	1.90 	
2.51 	4.05 	
2.60 	4.75 	
2.22 	3.93 	
2.82 	3.08 	
2.47 	2.77 	
3.00 	2.99 	
2.74 	3.58 	
2.82 	3.77 	
2.76 	3.55 	
2.68 	3.54 	
2.63 	2.85 	
2.09 	2.76 	
2.11 	3.44 	
2.65 	3.00 	
2.67 	3.28 	
2.76 	3.67 	
3.01 	2.72 	
2.89 	2.43 	
3.28 	2.71 	
2.70 	2.77 	
2.15 	3.13 	
3.29 	3.22 	
2.95 	2.62 	
2.93 	2.38 	
2.60 	2.08 	
2.16 	1.45 	
2.93 	2.24 	
3.04 	2.37 	
2.72 	2.98 	
2.44 	2.01 	
1.89 	3.22 	
3.37 	2.71 	
2.67 	2.82 	
2.99 	2.90 	
2.52 	3.54 	
2.83 	2.27 	
2.95 	2.71 	
2.93 	2.08 	
3.12 	3.24 	
2.93 	3.10 	
3.67 	2.38 	
3.83 	2.19 	
4.19 	3.15 	
3.95 	2.05 	
3.59 	1.86 	
4.04 	2.59 	
3.27 	2.35 	
3.08 	1.93 	
3.74 	2.27 	
3.40 	2.47 	
3.82 	1.70 	
3.29 	3.14 	
2.92 	2.00 	
2.40 	2.33 	
3.60 	1.26 	
3.48 	2.09 	
3.26 	2.65 	
3.43 	1.70 	
3.22 	3.76 	
3.99 	3.53 	
2.97 	3.51 	
2.86 	2.57 	
2.33 	2.12 	
2.84 	2.97 	
2.50 	2.75 	
2.25 	2.76 	
2.60 	3.06 	
2.35 	3.07 	
2.35 	2.54 	
2.14 	3.02 	
2.76 	3.47 	
3.26 	3.18 	
3.16 	3.48 	
2.38 	2.96 	
2.36 	3.37 	
2.52 	3.04 	
1.58 	3.13 	
1.72 	2.34 	
1.37 	2.95 	
1.24 	2.86 	
1.37 	3.04 	
1.64 	2.54 	
1.65 	2.78 	
1.33 	2.55 	
1.70 	2.03 	
1.83 	2.06 	
2.38 	2.74 	
1.94 	2.84 	
1.79 	2.32 	
1.12 	2.61 	
1.11 	3.73 	
2.44 	2.37 	
1.78 	2.60 	
1.62 	2.60 	
1.51 	2.73 	
1.35 	3.28 	
1.58 	5.56 	
2.02 	2.77 	
2.04 	2.18 	
1.30 	2.95 	
1.82 	2.98 	
1.10 	2.01 	
1.23 	1.94 	
2.37 	3.26 	
1.69 	3.91 	
2.03 	3.65 	
2.04 	4.03 	
1.62 	4.02 	
1.84 	4.20 	
2.02 	3.90 	
1.89 	4.35 	
2.21 	4.06 	
1.36 	4.20 	
1.96 	4.16 	
2.54 	4.00 	
2.72 	4.13 	
2.16 	3.58 	
1.94 	3.87 	
1.93 	4.31 	
1.54 	3.75 	
1.85 	4.30 	
1.71 	4.47 	
1.69 	3.77 	
1.93 	4.03 	
1.67 	4.05 	
1.94 	3.58 	
2.44 	3.46 	
2.09 	3.56 	
2.09 	4.03 	
2.16 	2.35 	
2.43 	3.00 	
1.97 	3.38 	
1.93 	2.97 	
2.20 	3.01 	
2.94 	1.94 	
2.13 	2.52 	
1.78 	3.15 	
2.10 	2.82 	
2.20 	3.25 	
1.96 	3.34 	
2.06 	3.22 	
2.02 	2.77 	
1.96 	4.39 	
1.29 	4.45 	
1.48 	3.73 	
1.78 	2.30 	
1.98 	3.20 	
1.84 	3.77 	
1.93 	2.95 	
1.89 	3.47 	
1.98 	3.71 	
1.91 	3.41 	
1.43 	3.89 	
2.14 	3.76 	
1.38 	3.42 	
1.98 	3.21 	
1.93 	2.53 	
2.14 	3.66 	
2.05 	2.59 	
1.96 	4.11 	
1.99 	3.80 	
2.16 	3.36 	
1.74 	4.27 	
2.34 	3.00 	
2.00 	2.77 	
2.02 	2.08 	
2.05 	2.60 	
2.09 	3.13 	
2.25 	1.78 	
2.00 	3.38 	
1.93 	2.52 	
2.00 	1.98 	
1.86 	3.57 	
1.95 	3.76 	
1.86 	2.43 	
2.20 	2.68 	
1.90 	3.86 	
2.15 	3.95 	
2.08 	3.30 	
2.42 	3.30 	
2.08 	3.23 	
2.31 	2.67 	
1.94 	1.90 	
2.23 	2.56 	
2.10 	2.90 	
2.19 	2.74 	
2.25 	2.95 	
1.87 	1.99 	
1.96 	2.80 	
1.46 	2.63 	
2.18 	3.16 	
2.06 	3.11 	
1.96 	3.00 	
2.72 	2.04 	
2.13 	2.61 	
2.33 	3.39 	
2.26 	3.12 	
2.26 	3.47 	
1.88 	3.35 	
2.22 	3.09 	
1.97 	3.60 	
1.54 	3.18 	
1.97 	2.43 	
1.94 	3.42 	
2.28 	3.16 	
1.89 	3.49 	
1.74 	3.55 	
1.76 	3.67 	
1.94 	3.77 	
1.58 	4.22 	
1.92 	4.51 	
2.52 	3.29 	
1.39 	3.01 	
1.67 	4.03 	
2.48 	4.54 	
1.96 	3.55 	
2.48 	2.50 	
2.04 	2.03 	
2.66 	2.72 	
1.95 	2.38 	
2.55 	2.06 	
1.90 	2.53 	
2.32 	4.16 	
1.70 	3.87 	
1.89 	3.71 	
1.07 	3.14 	
1.07 	1.89 	
2.14 	2.63 	
2.50 	3.68 	
1.98 	3.54 	
2.16 	2.32 	
1.60 	3.10 	
1.73 	3.41 	
2.22 	2.22 	
1.95 	2.09 	
1.96 	2.58 	
2.19 	2.84 	
1.73 	2.51 	
1.95 	2.38 	
2.15 	2.11 	
1.52 	2.97 	
1.93 	2.65 	
1.57 	2.88 	
1.72 	3.31 	
2.07 	3.29 	
1.84 	2.12 	
1.53 	2.58 	
1.76 	1.67 	
2.27 	2.93 	
1.92 	3.79 	
1.88 	4.09 	
1.53 	3.26 	
1.30 	3.77 	
1.21 	2.95 	
1.36 	5.13 	
1.64 	4.06 	
1.24 	4.51 	
1.10 	3.61 	
1.13 	4.43 	
1.20 	3.61 	
1.41 	4.14 	
1.05 	3.92 	
2.65 	4.03 	
1.60 	4.08 	
1.47 	4.70 	
1.19 	4.97 	
1.41 	4.05 	
1.19 	3.03 	
1.27 	3.67 	
1.50 	3.45 	
1.97 	2.00 	
1.21 	1.98 	
1.06 	1.84 	
1.22 	1.75 	
1.14 	2.70 	
1.90 	2.34 	
1.99 	3.45 	
1.45 	1.81 	
1.63 	2.85 	
1.84 	4.33 	
1.98 	2.93 	
1.80 	4.03 	
1.80 	4.27 	
1.70 	4.79 	
2.29 	4.37 	
2.71 	3.50 	
2.68 	3.21 	
2.59 	5.05 	
2.15 	3.36 	
2.88 	4.17 	
2.02 	5.18 	
1.48 	4.87 	
1.86 	3.84 	
2.18 	4.19 	
2.17 	2.39 	
2.08 	3.60 	
2.11 	5.32 	
2.18 	5.04 	
2.15 	4.96 	
2.24 	3.82 	
1.91 	2.98 	
1.79 	3.03 	
2.28 	4.27 	
2.27 	4.84 	
1.21 	5.10 	
1.69 	4.70 	
2.10 	4.75 	
1.97 	3.90 	
1.59 	4.23 	
1.59 	4.52 	
1.41 	4.31 	
1.75 	4.65 	
1.50 	3.52 	
1.64 	3.79 	
1.92 	3.16 	
1.64 	4.79 	
1.72 	3.92 	
1.71 	2.96 	
1.71 	3.89 	
1.84 	2.84 	
2.10 	3.43 	
2.09 	2.24 	
1.58 	3.43 	
1.93 	4.16 	
1.65 	3.77 	
1.52 	3.77 	
1.66 	2.81 	
1.79 	3.24 	
1.88 	2.03 	
1.67 	2.32 	
1.73 	4.26 	
1.79 	3.92 	
1.37 	2.04 	
1.74 	2.76 	
1.81 	2.78 	
1.86 	1.63 	
1.46 	3.06 	
2.03 	2.78 	
2.06 	3.92 	
1.48 	3.82 	
1.55 	4.26 	
1.75 	3.69 	
1.82 	3.32 	
1.73 	3.29 	
1.97 	2.90 	
1.45 	3.26 	
1.56 	3.89 	
2.07 	3.25 	
1.62 	2.22 	
1.76 	3.42 	
1.52 	2.78 	
1.40 	1.31 	
1.97 	1.62 	
1.71 	1.85 	
1.89 	2.11 	
1.53 	1.75 	
1.83 	2.16 	
1.84 	2.18 	
1.88 	2.08 	
2.65 	1.88 	
1.71 	2.42 	
1.74 	2.66 	
1.60 	1.40 	
1.56 	2.43 	
1.23 	2.40 	
1.81 	3.13 	
1.08 	2.19 	
1.34 	2.32 	
1.03 	1.70 	
1.35 	1.52 	
1.76 	1.42 	
1.55 	1.27 	
1.34 	1.55 	
2.05 	2.09 	
2.02 	2.06 	
1.53 	1.64 	
2.19 	1.76 	
1.19 	1.82 	
1.53 	1.52 	
1.22 	1.89 	
1.62 	1.25 	
1.86 	1.89 	
1.40 	2.02 	
1.61 	1.98 	
1.85 	2.15 	
2.18 	2.84 	
2.04 	2.36 	
1.86 	1.52 	
1.69 	1.20 	
2.06 	1.74 	
2.23 	1.58 	
2.63 	1.52 	
2.01 	2.20 	
2.03 	2.04 	
1.90 	1.83 	
2.82 	1.62 	
2.20 	1.65 	
2.13 	1.60 	
2.32 	1.39 	
2.17 	1.11 	
1.93 	1.30 	
1.61 	1.77 	
2.83 	2.14 	
2.92 	1.24 	
2.67 	1.62 	
2.90 	1.69 	
2.90 	1.82 	
3.86 	2.14 	
3.14 	1.98 	
2.51 	1.93 	
3.00 	1.19 	
3.05 	1.45 	
2.84 	2.77 	
3.18 	2.16 	
3.99 	2.73 	
3.51 	2.17 	
4.01 	1.62 	
3.23 	2.80 	
2.90 	2.20 	
3.54 	2.11 	
3.58 	2.15 	
3.79 	2.51 	
3.38 	1.96 	
3.12 	2.83 	
2.72 	2.11 	
2.80 	2.01 	
3.36 	2.04 	
3.24 	1.85 	
3.81 	2.02 	
2.91 	3.13 	
2.58 	2.87 	
3.09 	2.47 	
2.46 	3.18 	
2.59 	4.39 	
2.70 	4.08 	
3.41 	4.64 	
2.96 	2.99 	
2.38 	3.42 	
2.68 	4.62 	
3.37 	3.93 	
3.79 	3.43 	
2.43 	3.26 	
4.22 	3.05 	
3.90 	4.07 	
3.58 	3.00 	
3.09 	5.28 	
2.91 	5.67 	
2.71 	5.76 	
2.74 	5.15 	
2.93 	4.75 	
2.83 	5.24 	
3.66 	5.22 	
3.32 	4.89 	
3.86 	4.72 	
4.56 	4.47 	
3.53 	3.86 	
4.49 	3.99 	
5.33 	4.24 	
5.32 	4.25 	
5.04 	4.52 	
5.06 	4.03 	
5.12 	3.27 	
4.53 	3.11 	
4.61 	3.83 	
4.28 	3.77 	
4.51 	3.12 	
3.51 	3.80 	
4.02 	4.32 	
4.10 	4.92 	
4.90 	3.35 	
3.80 	3.37 	
3.61 	3.72 	
3.80 	3.99 	
3.73 	4.18 	
3.62 	4.03 	
3.96 	3.88 	
3.20 	3.21 	
2.55 	3.53 	
3.06 	4.74 	
2.45 	3.43 	
2.76 	5.76 	
3.15 	4.65 	
4.12 	4.91 	
3.39 	4.84 	
4.06 	5.36 	
3.73 	5.56 	
3.77 	4.87 	
3.63 	5.24 	
4.04 	4.62 	
3.26 	4.82 	
2.35 	5.34 	
4.31 	4.97 	
3.21 	5.59 	
3.41 	5.34 	
2.66 	4.80 	
3.02 	3.13 	
3.70 	3.64 	
2.73 	3.16 	
2.81 	3.12 	
3.47 	2.71 	
3.06 	4.48 	
3.49 	3.84 	
3.33 	3.90 	
3.06 	4.06 	
2.85 	4.45 	
2.89 	2.59 	
2.44 	3.31 	
2.91 	3.03 	
2.40 	3.42 	
2.20 	3.75 	
2.61 	4.18 	
2.66 	3.38 	
3.03 	3.97 	
3.07 	3.84 	
3.02 	3.47 	
3.70 	3.66 	
2.93 	4.15 	
3.02 	4.01 	
3.04 	4.19 	
3.04 	3.90 	
3.26 	4.34 	
3.50 	3.79 	
3.12 	4.10 	
3.55 	3.50 	
3.33 	3.42 	
3.24 	3.41 	
3.40 	3.52 	
3.07 	3.75 	
3.63 	2.50 	
3.09 	2.52 	
3.58 	2.76 	
3.20 	2.01 	
2.94 	2.36 	
3.56 	1.18 	
2.80 	1.12 	
3.22 	1.38 	
4.01 	2.64 	
3.72 	1.46 	
3.98 	2.13 	
2.96 	2.42 	
2.91 	3.79 	
2.65 	4.38 	
3.80 	3.93 	
3.52 	4.02 	
3.58 	3.69 	
3.60 	3.21 	
3.64 	4.15 	
3.49 	4.37 	
3.06 	3.57 	
3.94 	2.58 	
3.38 	3.60 	
2.93 	2.08 	
2.96 	2.40 	
3.55 	2.06 	
3.03 	2.08 	
3.16 	2.91 	
2.93 	2.80 	
2.35 	1.90 	
2.48 	4.51 	
2.62 	3.33 	
2.94 	2.74 	
2.57 	3.28 	
2.83 	3.16 	
3.60 	2.97 	
3.30 	2.69 	
3.02 	4.02 	
3.29 	4.87 	
3.65 	4.61 	
3.22 	2.99 	
2.66 	3.06 	
3.50 	2.71 	
3.50 	2.24 	
3.38 	1.72 	
3.93 	2.38 	
4.34 	2.01 	
3.04 	2.41 	
3.47 	4.40 	
3.63 	3.99 	
3.61 	3.44 	
4.39 	2.48 	
3.88 	3.50 	
3.76 	4.24 	
3.67 	2.06 	
3.38 	2.92 	
3.47 	2.63 	
3.22 	1.77 	
3.80 	2.55 	
3.55 	2.16 	
3.54 	2.19 	
3.32 	1.68 	
3.40 	1.81 	
3.28 	2.14 	
3.76 	1.80 	
3.22 	1.41 	
4.11 	1.55 	
3.06 	2.49 	
3.97 	1.49 	
3.30 	2.39 	
3.05 	1.71 	
2.59 	1.45 	
3.93 	1.38 	
2.79 	1.53 	
2.73 	1.16 	
1.83 	1.31 	
2.10 	1.50 	
2.74 	1.20 	
3.25 	1.73 	
2.98 	1.12 	
3.81 	1.48 	
4.44 	1.22 	
3.80 	1.85 	
4.28 	1.50 	
3.58 	1.66 	
3.89 	1.48 	
4.74 	1.77 	
4.55 	1.64 	
3.21 	1.45 	
3.36 	1.90 	
3.07 	1.86 	
3.04 	1.84 	
3.47 	1.39 	
2.23 	1.27 	
1.76 	2.23 	
3.58 	1.47 	
3.56 	2.27 	
2.15 	1.98 	
3.67 	1.29 	
4.18 	1.61 	
3.16 	1.30 	
3.72 	3.13 	
3.27 	1.74 	
2.32 	1.43 	
3.55 	1.26 	
3.73 	1.83 	
3.81 	1.32 	
3.42 	1.80 	
2.74 	1.64 	
2.60 	1.27 	
3.33 	1.60 	
3.61 	1.41 	
4.08 	1.26 	
3.59 	1.50 	
3.88 	1.70 	
3.55 	1.68 	
3.35 	1.88 	
3.62 	1.72 	
3.79 	1.69 	
3.34 	1.82 	
3.33 	1.52 	
2.28 	1.33 	
3.19 	1.74 	
3.67 	2.32 	
3.72 	1.59 	
3.12 	1.67 	
2.97 	1.77 	
4.16 	1.48 	
4.45 	1.67 	
4.36 	1.89 	
3.13 	2.06 	
3.21 	2.13 	
3.53 	1.57 	
3.34 	1.62 	
3.23 	1.49 	
3.12 	1.61 	
3.27 	1.81 	
3.66 	1.78 	
2.88 	1.75 	
3.49 	1.63 	
3.69 	2.12 	
4.20 	2.00 	
3.21 	1.21 	
3.60 	1.63 	
3.55 	1.76 	
3.66 	1.08 	
3.82 	1.83 	
3.81 	1.29 	
4.11 	2.24 	
3.49 	2.38 	
3.07 	2.81 	
3.30 	2.08 	
3.50 	1.47 	
2.90 	1.65 	
2.84 	1.40 	
3.56 	1.76 	
2.72 	1.97 	
2.88 	1.72 	
3.03 	1.11 	
2.83 	1.08 	
3.22 	2.61 	
3.20 	1.78 	
3.42 	1.19 	
2.65 	1.69 	
3.45 	1.50 	
3.12 	1.63 	
3.47 	1.50 	
3.16 	1.62 	
4.21 	2.05 	
3.09 	1.67 	
3.02 	1.71 	
2.97 	1.78 	
3.03 	1.80 	
2.73 	1.25 	
2.44 	1.73 	
3.16 	1.85 	
2.75 	2.01 	
2.49 	1.92 	
3.20 	1.91 	
2.52 	2.38 	
2.90 	2.04 	
2.36 	2.12 	
2.61 	2.30 	
2.46 	1.83 	
2.83 	1.54 	
2.85 	1.51 	
3.07 	2.13 	
3.70 	2.00 	
3.41 	2.05 	
2.86 	2.62 	
3.14 	2.36 	
3.70 	1.75 	
3.17 	1.69 	
3.18 	1.96 	
3.02 	1.80 	
3.68 	1.88 	
2.93 	1.74 	
2.43 	1.88 	
3.25 	1.86 	
2.51 	1.96 	
2.73 	1.68 	
3.07 	2.20 	
2.42 	1.55 	
2.35 	1.65 	
2.42 	2.53 	
2.14 	1.77 	
2.39 	1.96 	
2.47 	1.52 	
2.11 	2.04 	
2.59 	2.44 	
1.90 	2.13 	
2.30 	2.87 	
1.67 	2.31 	
2.41 	2.21 	
2.13 	2.22 	
2.11 	2.24 	
2.15 	2.09 	
2.20 	2.15 	
2.70 	2.22 	
1.69 	1.80 	
1.33 	2.32 	
1.44 	2.27 	
1.63 	1.93 	
2.60 	1.78 	
2.91 	1.34 	
3.21 	1.46 	
2.55 	2.42 	
3.19 	2.04 	
4.06 	1.91 	
4.02 	1.36 	
3.53 	1.22 	
3.27 	1.65 	
3.91 	1.91 	
4.17 	1.51 	
3.32 	1.66 	
3.72 	1.40 	
3.24 	1.66 	
3.58 	1.53 	
3.64 	1.58 	
3.72 	1.64 	
3.29 	2.03 	
3.06 	1.92 	
3.55 	1.63 	
2.57 	1.46 	
3.03 	1.80 	
3.44 	1.41 	
3.39 	1.29 	
3.54 	1.07 	
3.12 	1.59 	
3.06 	1.76 	
2.99 	2.00 	
2.89 	1.30 	
3.13 	1.33 	
3.11 	1.09 	
3.84 	1.80 	
3.31 	1.76 	
3.63 	1.77 	
3.34 	1.46 	
3.60 	1.47 	
3.67 	1.53 	
3.17 	1.55 	
3.44 	1.36 	
3.78 	1.33 	
4.05 	1.45 	
2.98 	1.68 	
3.15 	1.98 	
3.95 	1.44 	
4.60 	1.72 	
3.75 	1.50 	
3.21 	1.54 	
3.23 	1.27 	
3.15 	1.49 	
3.68 	1.31 	
3.30 	1.31 	
2.79 	1.36 	
2.73 	1.61 	
3.16 	1.30 	
2.97 	1.20 	
3.16 	1.60 	
3.41 	1.56 	
2.76 	1.26 	
2.85 	1.29 	
2.99 	1.52 	
3.01 	1.46 	
2.89 	1.36 	
3.12 	2.28 	
3.08 	2.59 	
3.37 	1.91 	
2.99 	2.66 	
2.97 	2.86 	
2.99 	3.15 	
3.13 	2.44 	
3.17 	1.96 	
3.38 	2.36 	
3.85 	2.33 	
2.78 	2.24 	
2.97 	1.72 	
1.68 	1.62 	
1.65 	1.58 	
1.72 	2.35 	
1.71 	1.43 	
1.14 	1.40 	
1.09 	1.43 	
1.78 	1.28 	
2.10 	1.58 	
1.58 	2.00 	
1.51 	2.21 	
2.26 	2.15 	
1.63 	2.33 	
1.18 	2.22 	
1.98 	1.84 	
2.34 	2.20 	
2.57 	1.61 	
1.45 	3.17 	
1.94 	3.04 	
1.54 	3.53 	
1.87 	2.58 	
2.42 	3.02 	
2.27 	2.78 	
2.13 	2.48 	
1.95 	2.91 	
1.76 	3.19 	
1.38 	3.36 	
1.72 	2.67 	
1.79 	2.84 	
1.48 	3.15 	
2.05 	2.40 	
2.12 	2.72 	
2.01 	2.82 	
1.86 	3.44 	
1.59 	3.04 	
1.97 	3.06 	
1.89 	3.39 	
2.04 	3.12 	
2.29 	2.75 	
2.59 	2.51 	
1.77 	1.87 	
2.27 	1.36 	
2.39 	2.01 	
2.40 	2.15 	
1.91 	2.29 	
2.08 	2.46 	
2.22 	2.40 	
2.02 	2.19 	
2.58 	2.40 	
1.81 	2.19 	
2.01 	2.51 	
2.27 	2.54 	
2.29 	1.80 	
1.61 	1.76 	
1.77 	1.43 	
1.48 	3.04 	
2.04 	2.04 	
2.45 	1.67 	
2.06 	2.29 	
1.84 	1.59 	
1.78 	2.15 	
2.17 	1.73 	
1.70 	1.69 	
1.64 	2.13 	
1.55 	1.47 	
2.01 	1.58 	
2.11 	1.47 	
1.99 	1.72 	
1.80 	1.60 	
1.66 	1.15 	
1.80 	1.76 	
2.57 	1.24 	
1.99 	1.35 	
1.99 	1.98 	
2.00 	1.86 	
1.76 	1.78 	
1.95 	1.79 	
1.75 	1.68 	
1.40 	1.35 	
1.80 	1.30 	
1.89 	1.65 	
1.82 	1.60 	
1.86 	1.71 	
2.35 	1.56 	
2.39 	1.80 	
1.90 	1.97 	
2.50 	1.67 	
2.05 	2.52 	
2.30 	1.73 	
2.06 	1.82 	
3.06 	1.77 	
2.34 	2.06 	
2.15 	2.27 	
2.28 	2.66 	
2.61 	1.62 	
2.66 	1.67 	
2.18 	1.59 	
2.15 	1.82 	
2.02 	2.16 	
2.51 	2.10 	
2.37 	4.48 	
2.07 	3.01 	
2.11 	2.62 	
2.46 	2.02 	
1.59 	3.21 	
1.44 	4.02 	
1.87 	3.07 	
1.58 	3.20 	
1.86 	3.37 	
1.52 	3.00 	
1.46 	3.70 	
2.05 	3.05 	
2.55 	3.56 	
1.75 	3.49 	
2.29 	3.48 	
2.56 	3.73 	
1.87 	3.85 	
1.98 	4.78 	
1.87 	3.69 	
1.51 	3.78 	
1.59 	2.40 	
1.64 	2.87 	
1.90 	2.05 	
2.66 	2.14 	
1.87 	2.56 	
2.05 	2.79 	
1.55 	3.97 	
1.26 	3.41 	
2.17 	3.68 	
1.63 	3.90 	
1.51 	3.08 	
1.83 	3.26 	
2.33 	3.74 	
1.97 	3.14 	
1.66 	3.82 	
1.35 	3.58 	
1.75 	2.87 	
2.03 	3.19 	
2.09 	2.91 	
2.96 	2.71 	
2.31 	4.01 	
2.06 	3.41 	
2.86 	3.01 	
2.65 	3.36 	
3.06 	4.08 	
3.54 	2.87 	
3.29 	3.71 	
3.17 	3.88 	
2.43 	3.06 	
2.82 	3.03 	
2.70 	4.07 	
2.17 	3.07 	
2.62 	2.36 	
2.76 	2.50 	
2.41 	3.18 	
2.49 	2.18 	
2.11 	2.71 	
2.41 	3.25 	
2.86 	3.76 	
2.57 	2.92 	
2.86 	3.43 	
2.52 	3.40 	
3.25 	3.47 	
3.15 	2.39 	
3.57 	2.63 	
3.01 	3.22 	
2.99 	2.66 	
2.56 	3.74 	
3.24 	3.45 	
2.93 	3.00 	
2.82 	3.11 	
2.75 	4.26 	
2.88 	3.34 	
3.02 	4.36 	
2.42 	4.15 	
2.87 	3.97 	
1.87 	4.43 	
2.40 	3.12 	
1.57 	3.09 	
1.83 	3.77 	
1.71 	3.81 	
2.30 	4.05 	
2.69 	4.27 	
2.14 	4.37 	
2.59 	4.54 	
2.25 	4.59 	
2.66 	4.02 	
2.19 	4.27 	
3.36 	4.04 	
3.10 	4.21 	
2.37 	4.18 	
2.35 	4.53 	
2.45 	3.94 	
1.91 	4.44 	
2.44 	4.13 	
2.21 	3.19 	
2.46 	3.10 	
2.52 	3.39 	
2.16 	2.98 	
3.27 	3.04 	
2.95 	3.34 	
2.66 	3.83 	
3.05 	4.39 	
3.20 	3.52 	
3.07 	3.70 	
2.45 	4.07 	
2.61 	4.35 	
2.21 	3.76 	
2.98 	3.13 	
2.66 	4.30 	
2.64 	3.16 	
2.46 	3.50 	
2.98 	3.76 	
3.20 	4.33 	
2.75 	4.18 	
2.54 	3.86 	
2.20 	2.84 	
2.95 	2.56 	
2.79 	3.38 	
3.98 	3.45 	
3.98 	2.88 	
3.94 	3.33 	
3.01 	4.09 	
2.33 	4.24 	
2.60 	4.77 	
2.58 	4.94 	
2.54 	3.02 	
2.56 	4.10 	
2.83 	4.31 	
2.79 	4.11 	
2.90 	4.07 	
2.95 	3.52 	
2.57 	3.57 	
2.82 	2.94 	
2.64 	4.13 	
2.19 	4.92 	
2.26 	4.65 	
1.64 	4.52 	
1.71 	4.38 	
2.12 	3.95 	
2.06 	3.82 	
2.24 	3.84 	
1.95 	3.25 	
1.86 	3.11 	
2.01 	3.19 	
3.27 	2.74 	
3.23 	3.07 	
2.61 	3.81 	
2.11 	2.40 	
2.56 	2.00 	
2.12 	2.63 	
2.04 	2.71 	
2.42 	2.75 	
2.19 	1.97 	
2.29 	2.60 	
2.07 	2.88 	
2.33 	3.44 	
1.92 	3.74 	
2.22 	4.02 	
1.95 	4.04 	
1.99 	3.42 	
1.85 	3.58 	
1.89 	2.64 	
2.13 	3.51 	
1.99 	2.76 	
2.08 	3.13 	
2.03 	3.20 	
1.99 	2.71 	
2.40 	1.98 	
1.94 	2.80 	
1.92 	2.55 	
1.92 	2.36 	
1.60 	2.72 	
1.86 	1.87 	
1.96 	1.39 	
1.97 	2.42 	
2.51 	2.84 	
2.19 	2.53 	
2.41 	2.71 	
1.86 	2.86 	
2.01 	2.21 	
2.38 	2.27 	
2.51 	2.89 	
2.36 	2.01 	
3.03 	2.25 	
2.15 	2.45 	
2.26 	2.94 	
2.16 	2.91 	
2.28 	2.88 	
2.02 	2.55 	
1.77 	2.52 	
2.18 	2.94 	
1.81 	3.02 	
1.79 	2.31 	
1.76 	3.09 	
2.12 	3.09 	
2.30 	2.84 	
1.91 	2.80 	
1.93 	3.28 	
1.73 	3.07 	
2.33 	2.57 	
2.47 	2.54 	
2.03 	2.40 	
2.84 	2.65 	
2.95 	2.92 	
2.32 	2.23 	
2.45 	2.59 	
3.05 	2.44 	
2.04 	2.37 	
3.18 	2.47 	
2.56 	3.77 	
2.06 	3.84 	
1.95 	2.86 	
1.97 	3.17 	
2.36 	3.44 	
2.06 	2.94 	
2.23 	2.78 	
2.82 	2.92 	
2.64 	3.42 	
1.89 	3.34 	
1.50 	3.42 	
2.24 	3.38 	
1.99 	2.23 	
2.30 	2.25 	
2.09 	3.08 	
2.25 	3.31 	
1.39 	2.92 	
2.53 	3.05 	
1.81 	2.74 	
2.04 	2.89 	
1.77 	3.06 	
2.10 	3.33 	
2.25 	3.09 	
2.45 	3.37 	
1.92 	3.66 	
1.82 	3.42 	
1.95 	3.09 	
2.20 	3.01 	
2.17 	3.26 	
2.03 	3.23 	
1.90 	3.09 	
1.69 	3.06 	
1.92 	3.46 	
1.49 	3.32 	
1.67 	3.30 	
1.47 	2.96 	
1.44 	3.10 	
1.81 	3.08 	
1.37 	3.34 	
1.65 	2.90 	
1.51 	2.61 	
1.70 	3.35 	
1.47 	2.97 	
1.32 	2.26 	
1.17 	2.12 	
1.40 	2.49 	
1.46 	3.28 	
1.96 	2.97 	
1.40 	2.97 	
1.75 	2.25 	
1.55 	3.08 	
2.05 	2.49 	
1.45 	3.05 	
1.65 	3.32 	
1.46 	2.44 	
1.43 	2.55 	
1.34 	2.71 	
1.64 	2.65 	
1.62 	2.56 	
1.53 	2.30 	
1.43 	2.97 	
1.44 	2.38 	
1.58 	2.32 	
1.48 	2.69 	
1.32 	3.30 	
1.83 	2.58 	
1.70 	2.83 	
1.42 	2.28 	
1.37 	2.06 	
1.55 	1.96 	
1.58 	2.03 	
1.60 	1.79 	
1.42 	1.64 	
1.39 	2.06 	
1.64 	2.90 	
2.07 	2.97 	
1.89 	3.01 	
2.38 	1.58 	
1.48 	2.88 	
2.16 	3.57 	
2.29 	2.70 	
2.45 	2.94 	
2.88 	3.24 	
2.62 	2.54 	
2.24 	2.98 	
3.63 	3.59 	
3.10 	2.27 	
2.53 	2.99 	
2.78 	2.76 	
3.15 	2.44 	
2.68 	2.42 	
2.11 	2.01 	
2.73 	2.92 	
2.47 	2.85 	
2.88 	2.92 	
2.70 	3.16 	
2.66 	2.34 	
2.10 	3.03 	
2.61 	3.85 	
2.28 	2.48 	
1.95 	4.29 	
2.25 	3.70 	
1.55 	3.80 	
2.03 	2.70 	
2.16 	2.68 	
1.95 	2.70 	
2.42 	2.77 	
2.06 	3.32 	
2.68 	3.28 	
2.93 	3.86 	
2.52 	3.55 	
1.71 	4.17 	
2.80 	3.74 	
2.20 	3.75 	
2.33 	4.13 	
2.53 	3.61 	
1.96 	3.61 	
1.77 	3.89 	
2.12 	4.06 	
2.06 	3.64 	
2.48 	4.10 	
2.64 	3.95 	
2.02 	3.08 	
2.06 	3.56 	
2.33 	3.31 	
2.40 	4.03 	
2.61 	3.39 	
2.35 	3.34 	
2.96 	3.92 	
2.17 	4.09 	
2.40 	3.67 	
3.22 	3.22 	
3.86 	3.97 	
3.78 	4.36 	
3.49 	4.20 	
3.40 	3.90 	
3.34 	3.42 	
3.49 	3.21 	
3.47 	3.79 	
3.50 	4.39 	
3.48 	4.06 	
3.70 	4.06 	
3.58 	3.61 	
3.72 	4.05 	
3.75 	3.19 	
3.52 	3.66 	
3.46 	2.90 	
3.53 	3.82 	
3.72 	4.17 	
3.87 	4.87 	
3.91 	4.49 	
3.78 	4.42 	
3.50 	3.96 	
3.69 	4.22 	
3.75 	3.35 	
3.62 	2.98 	
3.52 	3.72 	
3.73 	3.85 	
3.75 	4.19 	
3.33 	4.00 	
3.29 	4.16 	
3.84 	3.91 	
3.60 	4.82 	
3.75 	4.44 	
3.57 	3.74 	
3.52 	4.21 	
3.39 	4.16 	
3.54 	3.93 	
3.42 	4.05 	
3.32 	4.42 	
3.51 	4.63 	
3.69 	4.48 	
3.61 	4.27 	
3.67 	3.26 	
3.45 	4.78 	
3.99 	4.77 	
3.85 	5.24 	
3.64 	4.53 	
3.69 	4.55 	
3.95 	5.11 	
3.93 	4.27 	
3.34 	4.62 	
4.04 	4.33 	
3.40 	4.29 	
3.57 	4.02 	
3.83 	4.82 	
3.76 	4.59 	
3.78 	3.96 	
3.81 	4.30 	
3.64 	3.77 	
3.51 	3.75 	
3.52 	3.80 	
3.74 	3.53 	
3.74 	3.74 	
3.61 	3.48 	
3.67 	3.60 	
4.09 	3.45 	
3.45 	3.86 	
3.47 	3.83 	
3.83 	3.52 	
3.89 	4.05 	
3.89 	3.45 	
3.79 	3.16 	
3.89 	3.12 	
3.39 	3.07 	
3.47 	3.20 	
3.82 	3.12 	
3.53 	3.24 	
3.42 	3.35 	
3.80 	2.41 	
3.52 	3.13 	
3.54 	2.70 	
3.88 	2.45 	
3.63 	2.64 	
3.62 	2.91 	
3.85 	2.79 	
3.44 	2.95 	
3.75 	2.43 	
3.66 	2.07 	
3.38 	3.83 	
3.69 	2.96 	
3.79 	2.67 	
3.52 	3.16 	
3.50 	2.92 	
3.54 	3.23 	
3.22 	3.95 	
2.88 	2.85 	
2.28 	2.74 	
2.96 	2.68 	
3.14 	4.61 	
2.65 	4.18 	
2.37 	4.33 	
2.88 	4.21 	
2.62 	4.65 	
2.52 	4.17 	
3.01 	3.75 	
2.63 	3.68 	
2.71 	3.53 	
2.99 	4.04 	
2.32 	3.12 	
2.42 	3.10 	
3.19 	3.25 	
2.48 	4.43 	
2.33 	4.04 	
2.57 	3.48 	
2.29 	3.37 	
2.34 	2.75 	
1.97 	2.82 	
2.23 	3.48 	
1.68 	3.24 	
1.99 	2.57 	
1.88 	2.89 	
2.28 	3.56 	
1.99 	3.84 	
1.78 	3.37 	
2.08 	3.84 	
1.95 	4.21 	
1.97 	3.60 	
1.29 	3.95 	
1.63 	4.24 	
2.21 	4.04 	
2.35 	4.15 	
2.07 	4.06 	
2.38 	3.91 	
2.25 	3.99 	
2.54 	3.23 	
2.25 	4.17 	
2.21 	4.06 	
2.68 	3.29 	
2.39 	3.21 	
2.18 	3.47 	
2.24 	3.85 	
2.49 	3.54 	
2.01 	3.03 	
2.11 	4.24 	
2.34 	4.06 	
2.37 	3.76 	
3.14 	3.19 	
2.48 	3.06 	
2.32 	3.34 	
2.01 	3.66 	
1.85 	3.51 	
1.66 	2.68 	
2.23 	2.99 	
1.91 	2.53 	
1.85 	3.83 	
1.96 	3.10 	
1.74 	3.25 	
1.64 	3.35 	
1.85 	3.28 	
2.44 	3.52 	
1.76 	3.05 	
1.88 	2.72 	
1.80 	2.72 	
2.15 	2.58 	
2.00 	2.69 	
2.20 	2.22 	
2.28 	2.14 	
2.34 	2.87 	
1.91 	2.45 	
2.15 	2.68 	
1.40 	2.69 	
1.86 	2.35 	
1.96 	2.47 	
1.87 	2.48 	
2.09 	2.70 	
1.68 	2.72 	
2.06 	2.48 	
1.77 	2.62 	
1.69 	2.92 	
1.89 	2.66 	
1.73 	3.10 	
1.83 	2.37 	
1.69 	2.43 	
2.18 	2.68 	
2.17 	2.69 	
1.75 	2.92 	
1.86 	3.69 	
1.75 	2.87 	
1.68 	2.73 	
1.59 	3.25 	
1.77 	2.50 	
1.40 	3.06 	
1.42 	3.60 	
1.74 	2.94 	
1.71 	3.01 	
2.05 	2.70 	
1.75 	2.78 	
2.25 	2.56 	
1.21 	3.38 	
1.49 	3.39 	
2.19 	3.07 	
1.88 	3.66 	
2.03 	4.26 	
1.48 	4.21 	
1.94 	4.01 	
1.73 	4.04 	
2.20 	4.05 	
2.12 	4.21 	
1.90 	3.72 	
2.06 	3.57 	
2.45 	3.49 	
2.28 	3.60 	
2.61 	4.09 	
2.28 	3.81 	
2.61 	3.53 	
2.62 	2.94 	
1.44 	3.27 	
1.67 	3.79 	
1.62 	3.49 	
1.70 	2.59 	
1.71 	2.89 	
1.42 	2.93 	
1.43 	3.03 	
1.61 	3.01 	
1.84 	2.56 	
1.61 	3.77 	
1.40 	2.70 	
1.42 	3.16 	
1.65 	3.74 	
1.32 	2.83 	
1.52 	3.58 	
1.46 	3.26 	
1.78 	3.06 	
1.51 	3.05 	
1.57 	3.37 	
1.72 	4.22 	
1.55 	3.18 	
1.46 	3.29 	
1.57 	3.49 	
1.94 	3.60 	
2.00 	3.92 	
1.86 	3.23 	
1.66 	2.95 	
1.55 	4.08 	
1.62 	3.30 	
1.80 	2.81 	
1.58 	3.06 	
2.18 	3.68 	
1.52 	3.42 	
1.66 	3.45 	
1.92 	3.30 	
1.70 	3.40 	
1.58 	3.32 	
1.56 	3.35 	
1.92 	3.48 	
2.18 	4.51 	
1.52 	4.63 	
1.53 	4.85 	
1.49 	3.94 	
1.14 	3.34 	
1.30 	3.43 	
1.67 	4.19 	
1.41 	4.54 	
2.28 	3.51 	
1.76 	3.52 	
2.39 	3.79 	
1.90 	3.98 	
2.08 	3.67 	
1.67 	3.53 	
1.88 	2.97 	
1.72 	2.86 	
2.47 	3.23 	
2.09 	2.97 	
1.78 	3.06 	
1.93 	3.00 	
1.90 	3.16 	
1.98 	2.39 	
1.69 	2.99 	
1.92 	3.80 	
1.62 	3.40 	
1.45 	2.67 	
1.92 	3.16 	
1.61 	2.80 	
1.37 	2.92 	
1.38 	2.85 	
1.45 	2.78 	
1.37 	2.63 	
1.54 	3.35 	
1.50 	3.13 	
1.20 	3.30 	
1.76 	3.00 	
1.52 	2.72 	
1.35 	3.05 	
1.94 	2.93 	
1.71 	3.30 	
2.02 	2.82 	
1.51 	2.59 	
1.42 	2.70 	
1.71 	2.93 	
1.40 	2.65 	
1.30 	3.33 	
1.17 	3.33 	
1.37 	3.62 	
1.24 	3.36 	
1.75 	3.24 	
1.40 	3.28 	
1.30 	3.14 	
1.20 	3.50 	
1.32 	3.40 	
1.36 	4.03 	
1.28 	3.63 	
1.76 	3.00 	
1.80 	4.41 	
1.85 	4.05 	
1.50 	4.49 	
1.32 	3.40 	
1.37 	3.96 	
1.35 	3.61 	
1.34 	3.46 	
1.93 	3.34 	
2.04 	3.42 	
2.44 	2.71 	
1.70 	2.62 	
1.90 	3.83 	
1.65 	3.59 	
2.14 	3.23 	
1.83 	2.99 	
1.76 	3.08 	
1.82 	4.22 	
1.69 	3.88 	
1.89 	3.62 	
1.66 	3.54 	
1.61 	3.59 	
1.45 	3.44 	
1.68 	3.37 	
1.64 	3.63 	
1.85 	3.83 	
1.73 	2.77 	
1.48 	2.86 	
1.91 	3.09 	
1.55 	3.12 	
1.79 	3.63 	
2.16 	2.99 	
1.80 	3.09 	
2.02 	2.70 	
1.68 	3.04 	
1.56 	3.02 	
1.79 	2.43 	
1.80 	3.37 	
1.68 	3.20 	
1.83 	2.84 	
2.01 	2.88 	
2.08 	3.02 	
1.49 	3.11 	
1.68 	2.32 	
1.70 	2.96 	
1.56 	2.14 	
1.56 	2.73 	
1.54 	2.20 	
1.55 	2.80 	
1.80 	2.99 	
1.31 	3.11 	
1.51 	2.64 	
1.66 	2.67 	
1.71 	2.67 	
1.62 	2.87 	
2.02 	2.22 	
1.85 	2.14 	
2.14 	2.63 	
1.88 	2.66 	
1.77 	2.44 	
1.91 	3.06 	
1.62 	2.12 	
1.90 	3.19 	
1.55 	3.48 	
1.95 	3.50 	
1.62 	2.99 	
1.61 	3.66 	
1.57 	2.63 	
1.71 	2.56 	
1.78 	2.00 	
1.31 	2.59 	
1.32 	2.32 	
1.44 	2.77 	
1.26 	2.96 	
1.45 	2.26 	
1.34 	2.20 	
1.35 	1.62 	
1.30 	1.72 	
1.58 	2.01 	
1.47 	2.27 	
1.26 	2.46 	
1.20 	3.33 	
1.54 	3.91 	
1.69 	4.07 	
1.51 	4.09 	
1.79 	4.17 	
1.76 	3.87 	
1.38 	3.46 	
1.34 	3.31 	
1.66 	3.73 	
1.29 	4.47 	
1.40 	3.33 	
1.12 	4.06 	
1.33 	3.76 	
1.39 	3.81 	
1.73 	4.08 	
1.47 	3.12 	
1.38 	3.16 	
1.68 	2.87 	
1.37 	2.71 	
1.45 	2.68 	
1.48 	3.21 	
1.41 	3.21 	
1.67 	3.32 	
1.48 	3.07 	
1.59 	3.63 	
1.53 	3.79 	
1.56 	4.12 	
1.58 	2.90 	
1.56 	3.17 	
1.53 	2.82 	
1.54 	3.02 	
1.42 	3.59 	
1.74 	3.85 	
1.69 	3.14 	
1.65 	3.43 	
1.53 	3.16 	
1.86 	3.19 	
2.10 	3.30 	
1.59 	3.44 	
1.46 	3.49 	
1.66 	3.52 	
1.70 	3.44 	
1.97 	4.22 	
1.68 	3.88 	
1.63 	3.36 	
1.88 	2.79 	
1.57 	2.68 	
1.75 	3.55 	
1.37 	3.18 	
1.46 	3.15 	
1.35 	3.60 	
1.70 	3.69 	
1.64 	3.50 	
1.68 	3.50 	
1.58 	3.49 	
1.34 	3.39 	
1.61 	2.78 	
1.76 	3.23 	
1.55 	3.14 	
2.44 	3.28 	
1.59 	2.80 	
1.53 	3.82 	
1.78 	2.92 	
1.60 	3.13 	
1.20 	3.04 	
2.50 	3.47 	
1.66 	2.40 	
1.54 	3.24 	
1.96 	4.04 	
1.77 	3.59 	
1.78 	4.66 	
1.67 	3.69 	
1.87 	3.53 	
1.41 	4.25 	
1.49 	3.26 	
1.46 	3.36 	
1.67 	2.94 	
1.45 	3.75 	
1.47 	3.80 	
1.43 	3.54 	
1.36 	3.09 	
1.32 	3.08 	
1.77 	3.92 	
1.70 	3.15 	
1.54 	2.94 	
1.56 	4.76 	
1.38 	3.72 	
1.55 	3.26 	
1.22 	3.83 	
1.43 	3.84 	
1.64 	3.18 	
1.34 	3.46 	
1.22 	3.47 	
1.55 	3.43 	
1.11 	3.75 	
1.07 	3.63 	
1.52 	2.81 	
1.17 	3.74 	
1.30 	4.37 	
1.51 	3.39 	
1.39 	3.44 	
1.70 	3.01 	
1.27 	2.85 	
1.62 	3.68 	
1.34 	3.03 	
1.49 	2.45 	
1.24 	3.31 	
1.25 	3.14 	
1.19 	3.51 	
1.90 	2.54 	
1.18 	2.95 	
1.43 	2.95 	
1.51 	3.03 	
1.39 	2.54 	
1.41 	2.99 	
1.46 	3.58 	
1.46 	3.79 	
1.70 	4.15 	
1.70 	3.85 	
1.80 	3.51 	
2.09 	3.54 	
1.84 	3.48 	
1.53 	4.42 	
1.89 	3.32 	
1.52 	3.97 	
1.68 	4.15 	
1.70 	3.60 	
1.56 	3.43 	
1.69 	3.18 	
1.75 	3.25 	
1.72 	3.62 	
1.69 	3.46 	
1.42 	3.47 	
2.07 	3.16 	
1.59 	3.61 	
2.09 	3.60 	
1.54 	3.76 	
1.16 	3.02 	
1.72 	3.23 	
1.46 	3.15 	
1.79 	3.88 	
1.33 	2.06 	
1.63 	1.93 	
1.33 	2.03 	
1.36 	3.23 	
1.24 	3.01 	
1.78 	2.50 	
1.71 	3.05 	
1.07 	2.73 	
1.80 	2.96 	
3.33 	2.89 	
2.10 	3.62 	
1.44 	3.14 	
1.68 	3.28 	
1.41 	3.24 	
1.54 	3.08 	
2.00 	3.50 	
1.89 	2.97 	
1.65 	3.19 	
1.94 	3.78 	
1.79 	3.60 	
1.74 	3.55 	
1.47 	3.33 	
1.73 	3.04 	
1.29 	2.74 	
1.46 	2.72 	
2.04 	2.83 	
1.29 	2.98 	
1.38 	3.58 	
1.41 	3.50 	
2.06 	3.47 	
1.19 	3.75 	
1.73 	3.65 	
1.70 	2.83 	
1.58 	3.81 	
1.44 	3.68 	
1.47 	3.24 	
1.47 	3.63 	
1.31 	3.51 	
1.45 	3.10 	
1.37 	2.96 	
2.35 	3.54 	
2.15 	3.37 	
1.86 	2.84 	
1.26 	2.86 	
1.85 	3.40 	
1.45 	3.75 	
1.64 	3.57 	
1.34 	3.35 	
1.61 	2.93 	
1.41 	3.37 	
1.45 	3.25 	
1.60 	3.32 	
1.64 	3.36 	
1.48 	3.27 	
1.37 	3.26 	
1.61 	3.40 	
1.40 	3.64 	
1.39 	2.72 	
1.39 	3.40 	
1.35 	3.36 	
1.34 	3.30 	
1.68 	3.12 	
1.84 	3.66 	
1.78 	3.79 	
1.64 	3.54 	
1.49 	3.37 	
1.40 	3.38 	
1.39 	3.87 	
1.83 	3.52 	
1.42 	3.13 	
1.47 	3.10 	
2.15 	3.13 	
1.84 	3.24 	
1.63 	2.93 	
2.11 	3.11 	
1.41 	3.14 	
1.76 	3.42 	
1.58 	3.08 	
1.52 	3.25 	
1.34 	3.51 	
1.50 	3.30 	
2.11 	4.20 	
1.58 	3.06 	
1.65 	3.22 	
1.87 	3.79 	
1.89 	2.96 	
1.60 	2.93 	
1.95 	2.78 	
1.47 	2.73 	
1.71 	2.35 	
1.77 	2.33 	
1.73 	3.33 	
1.57 	3.02 	
1.70 	2.27 	
1.37 	3.36 	
1.57 	2.90 	
1.62 	2.36 	
2.01 	3.19 	
1.49 	2.20 	
1.58 	2.72 	
1.45 	3.20 	
1.50 	3.35 	
1.12 	2.49 	
1.48 	2.98 	
1.04 	2.99 	
1.47 	3.24 	
1.77 	2.54 	
1.63 	2.72 	
1.50 	2.98 	
1.69 	3.23 	
1.62 	3.34 	
1.27 	3.04 	
1.36 	2.90 	
1.19 	3.15 	
1.36 	2.95 	
1.36 	3.04 	
1.38 	3.62 	
1.36 	2.92 	
1.36 	3.15 	
1.55 	2.31 	
1.53 	3.03 	
1.95 	2.79 	
1.58 	3.40 	
1.53 	3.44 	
1.78 	3.67 	
1.61 	3.55 	
1.85 	3.17 	
2.05 	2.75 	
1.61 	3.74 	
1.52 	2.98 	
1.52 	2.99 	
1.53 	2.58 	
1.59 	2.93 	
1.73 	2.94 	
1.51 	2.87 	
1.45 	2.86 	
1.40 	2.72 	
2.01 	3.40 	
1.38 	3.42 	
1.39 	3.63 	
1.59 	3.55 	
1.76 	3.89 	
1.57 	3.56 	
1.53 	2.43 	
1.79 	2.95 	
1.58 	3.04 	
1.47 	2.54 	
1.54 	3.00 	
1.77 	3.06 	
1.51 	3.96 	
2.08 	2.91 	
1.45 	2.69 	
1.38 	2.20 	
1.62 	2.74 	
1.82 	2.06 	
1.54 	2.42 	
1.29 	2.37 	
1.72 	2.24 	
1.28 	2.23 	
1.52 	2.61 	
1.80 	2.06 	
2.32 	2.18 	
2.59 	1.72 	
3.36 	2.36 	
2.89 	1.94 	
2.32 	2.08 	
2.41 	2.56 	
2.32 	2.89 	
2.78 	2.29 	
2.04 	2.51 	
2.24 	2.66 	
3.53 	2.32 	
3.31 	2.77 	
2.37 	2.62 	
1.74 	2.51 	
2.02 	2.38 	
2.05 	2.02 	
1.61 	1.90 	
1.45 	2.53 	
1.91 	2.18 	
2.87 	2.54 	
2.56 	2.53 	
2.52 	2.22 	
3.27 	2.46 	
1.71 	2.40 	
2.29 	2.45 	
2.75 	3.26 	
0.95 	3.13 	
1.37 	3.26 	
1.44 	3.54 	
1.22 	3.36 	
1.22 	3.45 	
1.13 	2.63 	
1.20 	2.35 	
1.11 	2.86 	
1.22 	2.61 	
1.28 	2.61 	
1.89 	2.66 	
1.36 	2.83 	
1.17 	2.47 	
1.54 	2.17 	
1.12 	2.05 	
1.17 	2.14 	
1.28 	2.14 	
1.39 	2.00 	
1.52 	2.75 	
1.20 	2.22 	
1.73 	2.17 	
1.90 	3.14 	
1.32 	2.32 	
1.14 	2.36 	
1.28 	2.55 	
1.33 	2.01 	
1.42 	2.45 	
1.34 	2.36 	
1.57 	2.57 	
1.49 	2.50 	
1.16 	1.59 	
1.27 	1.76 	
1.55 	1.84 	
1.33 	1.72 	
1.41 	1.75 	
1.29 	2.69 	
1.35 	1.83 	
1.28 	1.96 	
1.35 	2.34 	
1.60 	2.29 	
1.49 	2.73 	
1.33 	2.49 	
1.46 	1.54 	
0.93 	2.22 	
1.47 	2.06 	
1.21 	2.02 	
1.62 	2.03 	
1.74 	1.87 	
1.34 	1.42 	
1.36 	1.57 	
1.78 	1.58 	
0.95 	1.81 	
1.88 	2.04 	
0.92 	2.83 	
1.44 	2.18 	
1.83 	2.65 	
1.39 	1.95 	
1.75 	1.97 	
1.95 	1.61 	
1.00 	1.43 	
1.35 	1.39 	
1.60 	1.90 	
1.48 	1.46 	
1.68 	1.49 	
1.55 	1.64 	
0.92 	1.85 	
1.41 	1.72 	
0.99 	1.58 	
1.09 	1.09 	
0.99 	1.46 	
0.99 	1.65 	
0.77 	1.58 	
1.71 	1.44 	
1.35 	1.43 	
1.11 	1.72 	
1.09 	1.44 	
1.15 	1.59 	
1.05 	1.33 	
1.49 	1.49 	
0.93 	1.50 	
0.79 	1.48 	
1.24 	1.72 	
0.95 	1.38 	
0.88 	1.41 	
1.26 	1.24 	
1.70 	1.41 	
2.57 	1.69 	
1.58 	1.52 	
1.24 	1.28 	
1.21 	1.54 	
1.69 	1.31 	
1.23 	2.08 	
1.23 	1.61 	
1.91 	1.45 	
1.65 	1.30 	
1.35 	1.91 	
1.41 	1.33 	
1.26 	1.43 	
1.27 	1.54 	
1.25 	1.71 	
1.16 	1.42 	
1.34 	1.32 	
1.42 	1.22 	
1.48 	1.50 	
1.11 	1.44 	
1.69 	1.53 	
1.35 	1.52 	
2.32 	1.38 	
1.23 	2.52 	
1.18 	1.75 	
1.26 	1.82 	
1.00 	1.41 	
1.31 	2.18 	
1.12 	1.85 	
1.08 	1.77 	
1.10 	2.12 	
1.50 	1.65 	
1.14 	1.87 	
1.52 	1.61 	
1.39 	1.76 	
1.25 	1.46 	
1.24 	1.54 	
1.56 	2.11 	
1.39 	1.85 	
1.19 	1.70 	
1.89 	1.92 	
2.18 	2.65 	
1.17 	1.90 	
1.63 	2.24 	
2.07 	1.69 	
1.43 	2.07 	
1.55 	2.14 	
1.27 	1.99 	
1.77 	1.37 	
1.86 	1.79 	
2.16 	1.83 	
2.09 	1.44 	
2.11 	1.68 	
2.03 	2.42 	
2.04 	1.94 	
2.31 	1.68 	
2.49 	2.44 	
2.15 	1.74 	
2.36 	2.28 	
2.39 	1.58 	
2.18 	2.12 	
1.38 	2.73 	
1.99 	1.98 	
2.20 	1.19 	
2.01 	1.43 	
2.57 	1.31 	
2.19 	1.28 	
2.38 	1.44 	
2.39 	1.56 	
1.88 	1.69 	
1.80 	1.89 	
2.58 	1.70 	
2.37 	1.91 	
2.17 	1.92 	
2.14 	1.97 	
2.17 	1.47 	
2.03 	1.31 	
1.63 	2.14 	
1.92 	1.31 	
1.63 	1.67 	
1.81 	1.47 	
1.49 	1.56 	
1.95 	1.89 	
1.89 	2.07 	
1.29 	1.34 	
1.99 	1.30 	
1.68 	1.18 	
1.61 	1.61 	
1.72 	1.52 	
1.49 	1.43 	
1.59 	1.65 	
2.05 	1.83 	
2.00 	1.46 	
1.46 	1.47 	
1.11 	1.35 	
1.86 	1.82 	
1.15 	1.39 	
2.05 	1.75 	
1.62 	1.56 	
2.49 	1.68 	
2.12 	1.86 	
2.02 	1.60 	
1.94 	1.69 	
1.87 	1.68 	
1.47 	1.71 	
1.23 	1.58 	
1.98 	1.70 	
1.89 	1.40 	
1.24 	1.48 	
1.60 	1.58 	
1.18 	1.58 	
1.23 	1.37 	
1.19 	1.32 	
1.98 	1.73 	
1.97 	1.47 	
1.67 	2.03 	
1.84 	1.31 	
1.94 	1.83 	
1.95 	1.26 	
1.90 	1.39 	
2.17 	2.08 	
1.93 	1.58 	
2.08 	1.25 	
2.40 	1.37 	
2.03 	1.41 	
2.00 	1.43 	
1.62 	1.14 	
2.06 	1.08 	
1.94 	1.26 	
1.92 	1.53 	
1.59 	1.33 	
1.82 	1.26 	
1.69 	1.78 	
1.56 	1.38 	
1.23 	1.63 	
2.02 	1.24 	
1.88 	1.49 	
1.84 	1.55 	
1.82 	1.12 	
1.81 	1.26 	
2.20 	1.32 	
2.00 	1.21 	
1.95 	1.44 	
1.68 	1.39 	
1.95 	1.33 	
1.49 	1.27 	
2.23 	1.35 	
2.04 	1.41 	
2.01 	1.11 	
1.95 	1.57 	
2.28 	1.16 	
1.79 	1.01 	
1.94 	1.50 	
2.40 	1.19 	
2.32 	1.22 	
1.99 	1.82 	
1.84 	1.95 	
1.89 	2.67 	
1.77 	2.48 	
2.28 	2.95 	
1.48 	2.69 	
1.50 	1.97 	
1.76 	3.43 	
2.12 	3.36 	
1.50 	2.91 	
1.89 	3.12 	
1.92 	3.21 	
2.11 	2.64 	
1.58 	3.58 	
1.93 	3.43 	
1.59 	3.30 	
1.91 	3.12 	
2.36 	3.84 	
1.97 	3.12 	
1.94 	2.26 	
2.08 	1.73 	
1.95 	1.82 	
1.58 	1.52 	
1.28 	2.45 	
1.56 	2.28 	
1.31 	1.24 	
1.30 	1.50 	
1.22 	1.68 	
1.13 	1.31 	
1.73 	1.07 	
1.20 	1.08 	
1.33 	1.28 	
1.34 	1.54 	
1.14 	1.96 	
0.95 	1.16 	
0.81 	1.88 	
1.39 	0.89 	
1.67 	0.94 	
1.27 	2.16 	
1.09 	2.83 	
1.05 	2.59 	
1.31 	2.61 	
0.96 	2.31 	
1.52 	1.66 	
0.95 	1.35 	
1.32 	1.20 	
1.24 	1.49 	
1.21 	1.38 	
1.42 	1.37 	
1.21 	1.11 	
1.61 	1.19 	
1.23 	1.29 	
1.13 	1.06 	
1.14 	1.79 	
1.38 	1.98 	
1.05 	1.39 	
1.01 	1.05 	
1.10 	1.88 	
1.18 	1.96 	
1.15 	1.85 	
0.89 	1.72 	
1.13 	2.64 	
1.40 	2.39 	
1.29 	1.70 	
1.42 	1.83 	
1.39 	2.16 	
1.17 	1.30 	
1.35 	1.26 	
1.47 	1.71 	
1.39 	1.97 	
1.62 	2.30 	
1.44 	2.89 	
1.20 	3.44 	
1.43 	2.80 	
1.27 	2.39 	
1.43 	1.82 	
0.98 	1.78 	
1.27 	1.78 	
1.07 	2.67 	
1.23 	2.30 	
1.30 	1.90 	
1.39 	2.01 	
1.11 	2.23 	
1.37 	2.70 	
1.19 	3.82 	
1.48 	2.29 	
1.38 	3.71 	
0.96 	3.50 	
1.17 	2.23 	
0.99 	3.76 	
1.44 	2.19 	
1.17 	1.58 	
1.31 	2.07 	
1.16 	0.93 	
1.12 	1.06 	
1.20 	1.52 	
1.20 	1.59 	
1.42 	1.72 	
1.16 	2.24 	
1.33 	1.00 	
1.09 	1.51 	
1.45 	0.81 	
1.29 	0.83 	
1.39 	0.93 	
1.33 	0.74 	
1.03 	1.12 	
0.93 	0.87 	
1.05 	0.90 	
0.90 	1.40 	
1.32 	1.41 	
1.20 	1.75 	
1.03 	2.27 	
1.42 	1.80 	
1.36 	2.27 	
1.41 	1.69 	
1.34 	2.48 	
1.16 	2.54 	
1.26 	2.65 	
1.41 	2.43 	
1.40 	2.22 	
1.16 	1.96 	
1.44 	2.55 	
1.45 	1.78 	
1.45 	2.48 	
1.00 	2.29 	
1.30 	2.34 	
1.22 	1.94 	
1.02 	1.88 	
1.38 	2.33 	
1.48 	1.55 	
0.98 	1.64 	
0.93 	1.33 	
1.25 	2.01 	
1.64 	2.02 	
1.02 	1.57 	
1.17 	2.02 	
1.15 	2.28 	
1.57 	2.28 	
1.25 	3.45 	
1.23 	2.62 	
1.11 	2.47 	
1.19 	2.91 	
1.08 	2.43 	
1.42 	3.00 	
1.04 	2.08 	
1.16 	1.54 	
0.69 	1.86 	
1.04 	1.61 	
1.17 	1.99 	
0.86 	1.84 	
1.28 	1.81 	
1.31 	1.33 	
1.00 	1.49 	
0.97 	1.32 	
1.19 	1.90 	
0.83 	1.28 	
0.91 	1.39 	
0.75 	1.50 	
0.99 	1.38 	
1.18 	1.52 	
0.89 	1.54 	
1.53 	1.94 	
1.05 	1.77 	
0.92 	2.69 	
0.97 	1.66 	
1.21 	2.26 	
1.07 	2.09 	
1.49 	2.55 	
1.35 	3.62 	
0.67 	3.28 	
1.36 	4.15 	
1.64 	3.20 	
0.79 	3.55 	
1.45 	3.05 	
1.39 	3.77 	
1.69 	4.37 	
1.10 	3.83 	
1.68 	2.41 	
1.44 	2.58 	
1.28 	2.78 	
1.62 	3.31 	
1.65 	2.18 	
1.17 	2.49 	
1.18 	2.16 	
1.08 	2.12 	
1.04 	2.20 	
1.04 	2.41 	
1.53 	2.11 	
1.21 	3.15 	
1.26 	2.18 	
1.17 	1.86 	
0.91 	4.14 	
1.01 	1.70 	
1.26 	2.18 	
1.30 	1.17 	
0.87 	1.50 	
1.33 	2.45 	
1.14 	2.39 	
0.92 	2.61 	
0.99 	2.21 	
1.03 	2.50 	
1.11 	2.44 	
1.09 	2.11 	
1.04 	1.80 	
1.28 	1.62 	
1.56 	2.51 	
1.25 	1.78 	
1.23 	2.03 	
1.03 	1.54 	
1.32 	1.83 	
1.16 	1.38 	
1.24 	1.87 	
1.08 	1.46 	
0.91 	1.91 	
1.22 	1.59 	
0.98 	2.10 	
1.47 	1.81 	
1.13 	1.92 	
1.03 	2.55 	
1.27 	2.32 	
1.30 	2.65 	
1.19 	2.34 	
1.09 	1.81 	
1.31 	2.37 	
1.02 	2.76 	
1.33 	1.92 	
1.11 	1.50 	
1.75 	2.42 	
1.44 	1.47 	
1.20 	2.51 	
