18.55 	18.31 	
17.84 	12.83 	
18.04 	12.47 	
17.37 	11.39 	
17.94 	10.36 	
16.56 	8.46 	
16.75 	7.57 	
17.27 	7.53 	
16.66 	9.08 	
16.97 	10.27 	
15.79 	10.02 	
16.42 	10.14 	
16.69 	10.00 	
16.14 	9.92 	
17.85 	9.81 	
16.40 	10.89 	
17.03 	9.73 	
16.90 	10.41 	
17.19 	9.69 	
16.12 	10.94 	
16.35 	12.41 	
16.00 	13.03 	
15.53 	13.09 	
16.73 	12.74 	
17.75 	13.07 	
18.28 	13.76 	
16.27 	13.76 	
17.43 	12.28 	
17.43 	13.13 	
16.42 	12.50 	
16.40 	12.67 	
15.01 	13.03 	
15.68 	14.09 	
16.14 	13.32 	
14.99 	13.04 	
14.81 	12.92 	
15.55 	13.21 	
15.05 	12.85 	
14.55 	12.15 	
13.78 	13.03 	
14.39 	13.77 	
15.09 	11.57 	
15.53 	11.83 	
14.09 	12.10 	
12.77 	11.63 	
13.62 	11.95 	
14.20 	12.16 	
15.08 	12.05 	
13.40 	12.17 	
13.17 	13.10 	
13.85 	10.66 	
15.48 	12.15 	
15.54 	11.42 	
14.76 	9.01 	
14.81 	9.55 	
15.45 	9.77 	
14.98 	11.90 	
15.35 	11.02 	
16.08 	9.79 	
14.52 	10.49 	
14.29 	10.79 	
14.75 	10.85 	
14.26 	10.80 	
14.01 	10.55 	
16.19 	9.35 	
15.10 	9.67 	
15.33 	11.51 	
16.00 	11.59 	
15.44 	11.72 	
13.56 	10.67 	
15.69 	11.16 	
14.73 	10.81 	
14.98 	10.72 	
15.61 	10.25 	
14.50 	12.12 	
17.40 	12.18 	
16.20 	11.06 	
15.23 	11.38 	
16.47 	12.79 	
15.70 	12.18 	
15.94 	13.27 	
16.16 	13.05 	
15.49 	12.52 	
16.49 	13.36 	
15.20 	12.87 	
14.78 	13.96 	
15.48 	12.71 	
14.76 	13.83 	
16.17 	12.78 	
16.29 	12.39 	
16.12 	12.47 	
17.30 	13.43 	
14.79 	12.61 	
14.32 	12.60 	
14.19 	11.29 	
14.22 	12.00 	
16.37 	12.32 	
16.40 	12.24 	
15.76 	12.44 	
15.88 	11.53 	
15.65 	12.43 	
15.63 	12.81 	
15.02 	13.37 	
16.16 	13.95 	
15.28 	13.19 	
15.48 	12.60 	
14.22 	13.13 	
15.15 	14.88 	
15.83 	11.61 	
15.66 	12.81 	
15.83 	13.53 	
16.23 	12.69 	
15.81 	11.64 	
16.69 	10.41 	
14.71 	11.84 	
13.25 	11.61 	
15.98 	10.99 	
16.05 	11.09 	
15.99 	9.91 	
16.36 	11.40 	
17.21 	11.48 	
15.75 	11.65 	
14.64 	11.15 	
14.46 	10.54 	
16.47 	11.51 	
16.42 	11.50 	
16.84 	11.61 	
14.93 	11.82 	
15.75 	12.03 	
14.58 	10.56 	
15.59 	11.09 	
14.45 	10.19 	
14.43 	9.94 	
14.52 	10.87 	
14.43 	12.75 	
14.68 	12.57 	
14.37 	12.00 	
15.02 	11.09 	
14.44 	11.11 	
15.87 	12.28 	
14.44 	13.16 	
13.71 	12.10 	
15.34 	11.68 	
15.39 	12.47 	
14.77 	11.94 	
15.21 	11.77 	
15.04 	11.59 	
14.36 	10.59 	
13.77 	11.14 	
13.70 	11.77 	
14.83 	11.32 	
15.38 	12.91 	
14.89 	13.63 	
14.57 	11.35 	
14.34 	11.13 	
14.67 	11.60 	
14.59 	10.84 	
14.97 	12.03 	
14.06 	13.44 	
14.57 	13.26 	
14.46 	12.48 	
15.03 	13.44 	
14.83 	13.40 	
13.62 	12.47 	
15.01 	12.58 	
14.78 	13.69 	
13.75 	13.69 	
14.02 	13.69 	
15.16 	14.78 	
15.35 	13.93 	
14.79 	14.02 	
15.10 	13.13 	
14.27 	14.04 	
14.80 	13.54 	
14.85 	13.07 	
14.88 	12.58 	
15.50 	13.80 	
14.40 	14.02 	
15.41 	14.42 	
15.02 	13.98 	
15.30 	14.38 	
15.64 	14.84 	
15.45 	12.97 	
15.87 	14.19 	
15.12 	15.15 	
15.27 	14.72 	
16.24 	14.62 	
15.86 	14.03 	
16.92 	13.07 	
14.10 	14.11 	
14.53 	14.12 	
15.43 	13.68 	
15.39 	14.49 	
15.84 	13.40 	
16.41 	14.57 	
16.01 	13.83 	
15.57 	12.71 	
15.39 	14.10 	
15.00 	13.65 	
14.86 	12.69 	
15.28 	12.08 	
14.85 	11.73 	
15.28 	11.71 	
14.38 	12.18 	
14.57 	12.34 	
14.85 	13.58 	
16.16 	14.06 	
15.47 	13.36 	
15.31 	12.74 	
14.68 	13.53 	
15.35 	13.72 	
14.61 	14.35 	
15.50 	13.38 	
14.79 	14.53 	
14.74 	13.37 	
14.78 	12.94 	
14.05 	12.84 	
14.93 	13.92 	
15.50 	12.88 	
15.13 	12.70 	
14.73 	13.95 	
14.53 	13.25 	
14.04 	14.18 	
14.78 	14.08 	
15.64 	13.55 	
15.21 	12.97 	
15.23 	12.47 	
15.43 	12.34 	
15.42 	12.62 	
14.86 	14.11 	
14.86 	13.77 	
15.40 	14.04 	
14.65 	13.31 	
16.54 	13.75 	
14.56 	13.76 	
15.13 	14.31 	
14.24 	13.75 	
15.09 	12.74 	
15.71 	14.13 	
14.95 	13.20 	
15.31 	13.39 	
15.36 	12.83 	
13.66 	13.12 	
14.51 	13.13 	
15.52 	13.83 	
14.66 	12.87 	
13.99 	12.40 	
14.75 	13.28 	
14.24 	11.70 	
14.97 	12.35 	
14.18 	12.08 	
14.75 	12.81 	
14.13 	13.34 	
14.89 	13.37 	
15.37 	12.46 	
14.98 	11.88 	
14.33 	12.63 	
14.94 	11.49 	
14.19 	12.64 	
15.68 	13.49 	
15.86 	13.80 	
15.73 	14.10 	
14.59 	13.69 	
14.93 	13.71 	
14.92 	13.38 	
15.29 	13.21 	
15.70 	13.62 	
16.28 	14.08 	
14.90 	14.00 	
16.67 	13.04 	
15.85 	13.10 	
15.69 	13.35 	
14.68 	12.92 	
15.95 	12.63 	
14.71 	12.75 	
15.57 	14.16 	
15.35 	14.11 	
13.74 	14.80 	
14.69 	14.00 	
16.08 	14.53 	
14.80 	15.05 	
15.53 	15.46 	
14.72 	15.82 	
15.33 	14.60 	
15.83 	14.35 	
15.84 	13.82 	
15.48 	12.77 	
16.35 	13.63 	
13.70 	13.99 	
14.72 	14.67 	
15.03 	14.66 	
15.20 	15.32 	
14.41 	15.59 	
14.22 	15.43 	
15.51 	15.54 	
16.13 	15.33 	
15.31 	15.19 	
16.00 	14.85 	
14.69 	15.12 	
14.42 	14.56 	
15.49 	14.07 	
15.18 	13.26 	
15.68 	14.62 	
15.56 	14.36 	
15.03 	15.56 	
15.94 	15.54 	
16.74 	14.40 	
16.07 	14.63 	
14.19 	14.11 	
15.27 	14.47 	
15.95 	15.36 	
14.49 	12.95 	
16.57 	14.56 	
16.67 	13.27 	
16.08 	13.72 	
14.95 	14.45 	
15.82 	14.70 	
15.62 	15.01 	
16.02 	13.48 	
17.43 	14.02 	
16.66 	13.70 	
16.64 	14.45 	
16.19 	14.85 	
14.98 	12.85 	
15.95 	13.24 	
15.35 	14.52 	
15.75 	14.08 	
16.03 	14.98 	
16.44 	15.90 	
17.87 	14.14 	
16.36 	13.90 	
16.27 	13.70 	
15.98 	14.37 	
16.55 	13.26 	
16.21 	12.58 	
16.96 	13.75 	
17.84 	13.82 	
17.91 	13.33 	
17.32 	12.83 	
17.16 	12.77 	
17.16 	13.05 	
16.64 	12.42 	
16.92 	12.08 	
16.54 	12.37 	
18.51 	13.20 	
17.17 	11.82 	
17.21 	11.36 	
16.46 	12.24 	
17.08 	12.53 	
16.10 	12.80 	
15.46 	13.68 	
15.07 	13.57 	
15.97 	11.99 	
18.03 	12.79 	
16.78 	12.68 	
15.64 	12.59 	
16.32 	11.94 	
14.68 	11.00 	
16.48 	11.50 	
15.82 	13.33 	
14.44 	13.52 	
15.34 	13.58 	
15.56 	12.82 	
16.13 	12.85 	
16.13 	11.92 	
15.95 	11.76 	
14.75 	12.47 	
15.76 	12.33 	
15.71 	11.31 	
16.65 	11.54 	
13.75 	12.82 	
14.63 	11.55 	
14.30 	11.93 	
13.09 	12.06 	
15.31 	12.99 	
14.76 	12.49 	
13.16 	12.41 	
14.38 	13.41 	
14.01 	12.20 	
15.23 	12.39 	
15.29 	13.17 	
15.82 	12.37 	
13.67 	12.89 	
13.70 	12.35 	
13.80 	13.97 	
13.30 	13.12 	
12.97 	12.24 	
13.65 	12.49 	
14.57 	12.95 	
14.47 	13.00 	
15.04 	12.72 	
13.91 	11.95 	
13.25 	12.07 	
14.76 	13.04 	
13.87 	12.16 	
13.99 	12.72 	
14.30 	12.82 	
14.40 	11.16 	
15.08 	12.43 	
14.00 	13.00 	
14.93 	12.47 	
14.73 	13.16 	
14.27 	12.68 	
13.17 	11.44 	
13.96 	12.64 	
14.05 	14.04 	
15.66 	12.89 	
13.68 	13.68 	
15.29 	13.22 	
14.77 	13.14 	
14.28 	13.41 	
15.31 	14.18 	
13.96 	13.10 	
14.76 	13.02 	
15.61 	14.12 	
15.09 	12.52 	
14.89 	13.66 	
15.51 	13.49 	
13.46 	12.47 	
13.86 	12.52 	
15.39 	12.45 	
14.06 	12.79 	
15.28 	12.03 	
14.56 	12.47 	
15.35 	11.95 	
13.13 	12.05 	
15.15 	12.96 	
14.41 	13.22 	
14.96 	12.82 	
14.69 	13.25 	
14.15 	12.86 	
14.64 	12.61 	
13.82 	12.89 	
13.68 	13.25 	
13.70 	14.28 	
14.37 	13.09 	
13.54 	12.45 	
13.60 	13.04 	
13.86 	12.63 	
14.38 	13.16 	
13.94 	13.15 	
13.96 	13.49 	
14.11 	12.20 	
15.90 	13.28 	
14.25 	13.64 	
15.19 	12.76 	
14.99 	12.27 	
14.41 	12.65 	
13.48 	13.18 	
14.95 	13.25 	
14.84 	11.78 	
14.65 	12.80 	
14.66 	13.26 	
14.57 	12.69 	
14.14 	12.66 	
13.45 	13.09 	
14.82 	12.24 	
14.06 	12.14 	
14.85 	13.73 	
13.71 	13.27 	
14.99 	13.21 	
14.20 	11.92 	
14.27 	11.84 	
15.44 	11.75 	
13.93 	10.99 	
14.23 	12.41 	
13.96 	11.98 	
13.89 	12.08 	
14.42 	12.15 	
15.55 	13.07 	
13.75 	12.50 	
14.33 	12.60 	
14.96 	12.73 	
14.50 	12.21 	
14.48 	12.39 	
13.03 	12.73 	
13.47 	12.12 	
13.66 	12.11 	
13.84 	12.69 	
14.62 	12.34 	
14.33 	12.37 	
14.41 	12.71 	
14.35 	12.55 	
14.70 	13.90 	
13.42 	13.79 	
13.90 	11.90 	
14.29 	11.98 	
13.99 	12.75 	
14.57 	12.37 	
13.89 	12.15 	
13.58 	12.23 	
14.70 	13.49 	
14.36 	13.60 	
13.94 	14.09 	
13.89 	12.38 	
14.11 	12.64 	
14.67 	12.53 	
13.68 	12.79 	
14.68 	11.76 	
14.44 	13.62 	
14.26 	12.60 	
13.67 	12.49 	
13.90 	11.90 	
14.29 	13.56 	
14.37 	13.37 	
13.78 	12.87 	
14.46 	11.93 	
13.79 	13.08 	
14.35 	13.20 	
13.36 	12.19 	
13.57 	13.59 	
13.09 	14.62 	
13.36 	15.04 	
13.25 	14.08 	
12.08 	14.81 	
13.71 	14.97 	
13.85 	15.52 	
14.15 	14.91 	
13.55 	14.63 	
13.45 	14.81 	
14.84 	15.23 	
13.90 	15.14 	
13.20 	14.84 	
14.07 	14.50 	
13.68 	14.35 	
13.09 	14.79 	
13.93 	15.12 	
13.68 	14.99 	
13.78 	14.98 	
13.99 	14.84 	
12.86 	14.49 	
13.83 	15.33 	
13.89 	14.83 	
13.56 	15.41 	
14.12 	13.65 	
14.43 	14.84 	
13.98 	15.42 	
13.37 	15.83 	
13.72 	14.97 	
13.54 	15.09 	
13.69 	14.62 	
13.39 	15.82 	
13.35 	14.07 	
13.30 	14.60 	
13.39 	14.48 	
14.12 	14.92 	
13.24 	15.01 	
13.37 	12.57 	
13.26 	12.45 	
13.17 	13.88 	
13.57 	13.46 	
13.87 	12.81 	
13.33 	13.22 	
13.29 	12.28 	
14.15 	14.70 	
13.55 	13.92 	
13.45 	15.19 	
13.64 	14.29 	
13.46 	12.08 	
13.22 	13.49 	
14.24 	13.85 	
13.56 	14.24 	
13.88 	12.78 	
13.67 	13.33 	
13.47 	11.29 	
14.57 	11.74 	
13.49 	12.28 	
13.30 	12.38 	
13.76 	12.23 	
13.98 	12.82 	
13.90 	12.27 	
14.28 	12.55 	
13.54 	12.25 	
14.07 	11.89 	
14.10 	12.79 	
13.74 	11.94 	
13.91 	12.49 	
14.08 	14.16 	
13.84 	13.96 	
13.38 	14.09 	
13.66 	13.37 	
13.44 	14.22 	
14.14 	15.02 	
13.91 	14.66 	
14.59 	15.17 	
14.34 	15.13 	
13.83 	14.58 	
14.60 	14.74 	
14.23 	13.87 	
14.25 	14.58 	
14.22 	13.84 	
13.47 	14.08 	
13.62 	14.90 	
13.98 	14.51 	
13.41 	15.16 	
13.76 	14.58 	
13.81 	15.36 	
13.89 	13.79 	
13.60 	14.89 	
14.50 	14.32 	
14.47 	14.03 	
13.74 	13.75 	
13.84 	13.69 	
13.92 	13.69 	
14.52 	12.75 	
14.27 	14.86 	
13.40 	14.26 	
13.49 	14.35 	
14.14 	14.13 	
13.02 	14.82 	
13.62 	14.85 	
14.22 	14.61 	
14.63 	15.09 	
14.54 	14.37 	
13.99 	13.80 	
13.61 	14.47 	
14.53 	14.70 	
13.88 	15.51 	
14.22 	15.29 	
13.82 	15.79 	
13.88 	16.06 	
13.41 	16.11 	
14.33 	15.48 	
14.17 	15.77 	
13.88 	15.97 	
14.22 	15.40 	
13.26 	15.66 	
13.57 	15.03 	
13.32 	14.67 	
13.88 	15.16 	
13.50 	14.34 	
13.98 	14.50 	
13.08 	14.49 	
14.02 	14.67 	
14.40 	13.21 	
13.48 	14.44 	
13.83 	15.09 	
13.65 	14.48 	
13.92 	13.88 	
13.67 	13.78 	
14.78 	14.63 	
13.33 	15.16 	
13.82 	16.12 	
13.44 	16.42 	
14.49 	15.03 	
13.79 	15.22 	
12.51 	14.32 	
13.23 	14.99 	
13.01 	16.41 	
13.28 	14.92 	
13.14 	15.69 	
12.24 	14.62 	
12.74 	15.17 	
12.93 	16.26 	
12.05 	14.31 	
13.28 	15.01 	
12.72 	14.72 	
13.40 	14.95 	
13.03 	15.79 	
13.63 	15.06 	
13.09 	15.50 	
14.14 	15.67 	
13.74 	14.26 	
14.21 	14.94 	
14.44 	16.27 	
14.21 	15.84 	
14.45 	15.52 	
15.02 	15.44 	
14.36 	16.06 	
14.61 	15.27 	
13.73 	16.10 	
14.35 	14.66 	
14.15 	15.60 	
13.93 	15.35 	
14.44 	14.65 	
14.01 	15.02 	
14.53 	15.29 	
14.25 	14.61 	
13.53 	14.63 	
13.75 	14.41 	
13.94 	14.63 	
14.13 	13.59 	
13.67 	14.40 	
14.29 	13.03 	
14.12 	13.82 	
13.97 	14.35 	
14.44 	13.73 	
14.72 	14.08 	
14.02 	14.04 	
14.07 	14.33 	
13.92 	15.40 	
14.13 	14.90 	
14.05 	14.01 	
14.11 	14.55 	
13.86 	14.49 	
14.13 	14.40 	
14.00 	15.43 	
14.57 	14.75 	
14.58 	14.63 	
14.70 	14.01 	
14.76 	14.04 	
13.99 	15.19 	
14.40 	14.66 	
14.43 	14.77 	
14.44 	15.19 	
14.06 	15.06 	
13.81 	15.51 	
14.06 	14.61 	
14.12 	14.76 	
14.44 	14.90 	
14.28 	15.08 	
14.70 	14.80 	
14.81 	14.72 	
13.93 	14.50 	
13.88 	14.80 	
14.31 	13.91 	
13.82 	16.09 	
14.05 	15.63 	
14.08 	15.60 	
14.05 	15.36 	
14.04 	15.24 	
13.47 	15.28 	
13.98 	14.44 	
14.59 	15.03 	
14.63 	14.26 	
13.94 	14.14 	
15.09 	13.82 	
14.33 	14.60 	
13.82 	14.09 	
13.51 	15.19 	
12.91 	14.88 	
13.05 	13.44 	
13.50 	14.45 	
13.70 	15.12 	
13.38 	15.14 	
13.00 	15.08 	
13.51 	14.65 	
13.11 	14.86 	
14.03 	14.17 	
14.16 	14.69 	
13.94 	15.44 	
14.34 	14.47 	
14.01 	14.78 	
14.19 	14.28 	
14.01 	14.50 	
14.23 	14.69 	
13.67 	14.80 	
13.83 	14.29 	
14.67 	14.41 	
14.45 	14.51 	
13.81 	14.21 	
14.12 	15.21 	
13.97 	15.26 	
13.65 	15.06 	
14.14 	14.86 	
13.93 	14.62 	
14.35 	14.30 	
13.47 	14.07 	
14.46 	13.93 	
14.27 	14.90 	
13.75 	14.66 	
14.63 	14.12 	
14.81 	14.61 	
15.34 	14.30 	
13.89 	14.30 	
13.81 	14.65 	
13.48 	15.39 	
14.01 	14.47 	
14.63 	13.58 	
14.17 	14.20 	
15.26 	12.57 	
15.03 	12.66 	
13.96 	13.19 	
14.04 	13.07 	
14.22 	13.83 	
13.95 	13.17 	
13.72 	13.46 	
14.41 	14.05 	
14.70 	13.77 	
14.75 	12.70 	
14.52 	12.44 	
14.25 	12.98 	
14.13 	12.99 	
14.47 	13.61 	
14.10 	13.41 	
13.76 	13.99 	
13.84 	13.62 	
13.92 	13.25 	
15.01 	13.61 	
14.95 	12.81 	
14.65 	13.49 	
15.86 	13.98 	
13.86 	14.35 	
14.82 	13.54 	
15.83 	12.47 	
13.74 	13.87 	
13.67 	12.84 	
13.72 	12.86 	
14.91 	14.26 	
14.54 	13.27 	
14.64 	13.76 	
14.50 	14.94 	
14.34 	15.03 	
13.96 	14.60 	
13.90 	14.93 	
13.60 	14.22 	
13.04 	14.35 	
14.77 	14.57 	
13.76 	13.99 	
14.74 	14.07 	
14.62 	14.52 	
14.47 	14.47 	
14.57 	14.46 	
14.02 	14.23 	
14.55 	13.91 	
15.29 	15.08 	
14.09 	14.05 	
15.39 	14.35 	
13.81 	14.42 	
14.06 	14.35 	
15.32 	14.27 	
14.41 	14.61 	
14.46 	14.25 	
14.97 	14.60 	
14.47 	13.17 	
15.46 	14.05 	
14.38 	13.98 	
15.81 	13.72 	
15.91 	14.79 	
14.53 	13.98 	
15.25 	14.03 	
14.88 	14.36 	
15.40 	14.50 	
15.26 	14.34 	
14.88 	14.56 	
14.74 	13.46 	
14.48 	13.33 	
14.58 	12.49 	
15.11 	12.87 	
15.05 	13.57 	
14.89 	12.25 	
14.82 	12.71 	
14.86 	13.21 	
15.00 	13.50 	
14.93 	14.69 	
14.23 	14.23 	
14.52 	14.74 	
14.38 	13.39 	
14.83 	12.79 	
14.83 	13.75 	
15.13 	14.04 	
14.97 	14.32 	
15.06 	13.38 	
14.63 	13.48 	
14.78 	14.03 	
14.37 	14.06 	
14.83 	14.46 	
14.71 	14.81 	
14.77 	14.90 	
14.71 	13.84 	
15.21 	14.87 	
15.94 	14.74 	
15.58 	13.79 	
15.63 	15.10 	
15.00 	14.07 	
15.53 	15.47 	
15.53 	14.59 	
15.55 	14.58 	
15.39 	14.31 	
15.32 	13.53 	
15.29 	13.48 	
14.91 	13.39 	
14.27 	12.15 	
14.70 	13.11 	
14.26 	12.04 	
15.32 	12.11 	
15.51 	12.88 	
15.18 	11.59 	
14.92 	12.02 	
14.93 	11.33 	
14.98 	14.60 	
14.98 	14.58 	
14.90 	15.05 	
15.89 	14.88 	
15.56 	15.40 	
15.14 	15.56 	
15.02 	15.78 	
14.52 	14.33 	
14.62 	14.42 	
15.13 	15.38 	
14.72 	15.19 	
15.84 	14.73 	
15.90 	15.07 	
15.05 	15.34 	
14.71 	14.86 	
16.04 	15.15 	
14.34 	14.40 	
14.42 	15.64 	
14.85 	15.39 	
15.40 	15.16 	
14.58 	14.90 	
15.30 	14.71 	
14.42 	14.99 	
14.86 	15.42 	
14.96 	15.98 	
14.44 	16.07 	
14.80 	15.34 	
14.18 	14.34 	
15.06 	15.00 	
14.33 	14.44 	
14.25 	16.32 	
15.57 	15.91 	
15.01 	16.36 	
14.58 	15.65 	
13.54 	16.43 	
14.17 	16.59 	
15.41 	17.59 	
15.59 	16.16 	
15.30 	16.40 	
15.47 	14.72 	
15.46 	15.09 	
15.33 	15.48 	
15.45 	16.28 	
14.51 	16.07 	
14.04 	14.81 	
15.36 	15.25 	
14.26 	15.50 	
14.35 	16.37 	
14.66 	15.62 	
15.44 	16.31 	
15.16 	14.89 	
15.06 	14.64 	
15.21 	15.12 	
14.68 	15.25 	
14.17 	15.41 	
14.63 	15.50 	
14.28 	16.86 	
14.88 	16.57 	
13.70 	16.30 	
14.61 	16.31 	
14.55 	16.69 	
15.01 	15.31 	
14.32 	13.68 	
14.67 	14.99 	
15.14 	16.41 	
14.63 	15.93 	
13.97 	15.28 	
13.98 	15.74 	
15.23 	15.86 	
14.45 	15.36 	
15.17 	15.78 	
14.96 	16.03 	
15.21 	14.90 	
14.17 	15.19 	
13.77 	16.14 	
15.05 	15.20 	
14.79 	16.00 	
14.30 	15.41 	
14.48 	16.34 	
14.36 	16.15 	
14.77 	16.19 	
15.00 	15.44 	
14.97 	15.02 	
14.68 	15.02 	
14.15 	15.33 	
15.44 	15.67 	
14.24 	16.58 	
15.20 	15.94 	
14.76 	15.15 	
15.67 	15.44 	
15.47 	14.64 	
15.17 	14.82 	
15.22 	14.99 	
14.57 	15.01 	
14.66 	15.18 	
14.34 	15.10 	
15.10 	14.35 	
14.22 	15.05 	
15.85 	15.20 	
14.83 	14.66 	
15.75 	14.69 	
14.56 	14.85 	
15.43 	14.77 	
14.86 	14.68 	
14.52 	15.01 	
14.71 	13.80 	
14.69 	14.71 	
15.60 	14.73 	
14.87 	15.20 	
15.50 	14.63 	
15.97 	15.04 	
14.19 	14.69 	
15.06 	14.94 	
15.25 	14.66 	
15.10 	15.40 	
14.93 	15.47 	
15.21 	14.80 	
15.51 	14.70 	
15.59 	13.91 	
14.95 	15.85 	
15.29 	15.19 	
14.74 	15.49 	
14.84 	14.97 	
14.86 	15.63 	
14.16 	14.52 	
14.78 	15.39 	
14.24 	14.83 	
14.38 	15.07 	
14.09 	14.94 	
14.71 	14.47 	
14.65 	14.50 	
14.92 	14.63 	
15.04 	15.02 	
14.74 	15.54 	
14.86 	15.50 	
15.12 	15.06 	
15.78 	15.30 	
15.47 	15.30 	
16.06 	15.49 	
15.35 	14.18 	
15.41 	14.86 	
15.59 	15.16 	
15.34 	15.57 	
14.38 	16.02 	
14.69 	16.41 	
14.13 	15.85 	
14.56 	16.13 	
14.56 	15.23 	
14.61 	16.20 	
14.51 	15.64 	
14.56 	14.91 	
13.81 	14.88 	
15.75 	15.73 	
14.64 	15.21 	
14.67 	15.94 	
15.44 	15.90 	
15.00 	15.68 	
14.48 	15.68 	
15.22 	16.31 	
14.76 	16.89 	
14.04 	17.00 	
13.93 	15.35 	
13.98 	16.37 	
14.30 	16.06 	
13.86 	15.33 	
14.76 	15.32 	
14.62 	16.08 	
14.03 	15.19 	
14.80 	15.11 	
13.79 	15.31 	
14.45 	15.04 	
15.69 	15.46 	
14.68 	14.53 	
15.13 	14.97 	
14.71 	14.65 	
14.67 	15.38 	
14.34 	14.66 	
14.20 	14.77 	
14.33 	14.80 	
15.09 	14.36 	
15.61 	15.97 	
14.67 	15.00 	
14.77 	14.97 	
14.50 	14.50 	
15.02 	14.51 	
14.83 	15.84 	
14.93 	16.04 	
16.28 	16.91 	
14.79 	16.77 	
14.67 	16.13 	
14.26 	16.92 	
14.45 	15.27 	
14.89 	16.54 	
14.75 	16.13 	
13.08 	14.79 	
14.10 	15.54 	
14.38 	16.22 	
14.37 	16.75 	
14.52 	15.63 	
15.27 	16.13 	
15.13 	16.13 	
14.81 	14.62 	
15.12 	15.10 	
14.64 	15.44 	
14.49 	14.31 	
14.97 	15.90 	
15.62 	14.60 	
15.03 	15.30 	
15.67 	15.27 	
15.10 	15.31 	
15.14 	15.84 	
15.20 	15.46 	
15.62 	15.72 	
15.42 	15.05 	
15.34 	15.16 	
15.24 	15.36 	
15.23 	16.66 	
15.57 	15.66 	
15.58 	16.07 	
15.03 	14.92 	
15.17 	16.20 	
15.32 	15.26 	
15.14 	15.35 	
15.77 	15.99 	
15.44 	15.63 	
16.14 	15.44 	
15.49 	15.34 	
15.30 	15.47 	
15.19 	16.43 	
15.94 	14.79 	
15.57 	15.98 	
15.92 	16.38 	
15.58 	15.68 	
15.41 	15.55 	
16.42 	16.00 	
15.43 	16.01 	
15.43 	16.70 	
15.75 	16.35 	
15.32 	16.88 	
16.03 	16.75 	
15.68 	16.52 	
15.85 	16.39 	
15.31 	15.66 	
15.65 	15.92 	
16.82 	15.07 	
15.65 	15.83 	
16.64 	17.11 	
15.39 	16.50 	
14.96 	16.87 	
15.57 	16.71 	
14.02 	15.78 	
14.57 	16.77 	
15.43 	15.95 	
15.85 	17.62 	
15.97 	16.42 	
14.67 	16.00 	
14.84 	16.11 	
14.18 	16.42 	
14.26 	15.85 	
14.33 	16.30 	
13.65 	15.52 	
14.12 	15.68 	
14.65 	15.24 	
14.20 	16.01 	
14.65 	16.32 	
15.08 	16.58 	
14.47 	15.63 	
14.39 	15.27 	
14.59 	14.60 	
14.28 	15.90 	
14.65 	15.21 	
15.37 	14.65 	
14.62 	15.23 	
14.55 	15.48 	
14.40 	15.69 	
15.70 	15.97 	
15.22 	15.80 	
15.18 	15.72 	
15.09 	15.69 	
14.31 	16.44 	
14.48 	15.94 	
14.80 	15.57 	
14.30 	16.17 	
14.28 	15.84 	
14.98 	16.07 	
14.43 	16.10 	
14.97 	16.50 	
15.20 	15.94 	
14.21 	16.12 	
14.59 	16.49 	
14.93 	15.61 	
15.86 	15.92 	
15.94 	15.85 	
14.75 	15.45 	
15.23 	16.24 	
14.50 	15.50 	
14.04 	16.45 	
13.94 	16.07 	
14.50 	16.26 	
14.43 	15.85 	
14.81 	15.41 	
14.05 	16.71 	
15.07 	15.91 	
14.69 	16.63 	
14.23 	17.23 	
14.41 	16.75 	
14.74 	16.64 	
14.61 	16.15 	
13.80 	16.28 	
13.60 	17.45 	
14.59 	16.27 	
14.60 	16.74 	
15.04 	16.29 	
14.88 	15.84 	
15.75 	16.68 	
15.33 	15.91 	
15.00 	15.87 	
14.99 	15.53 	
14.17 	16.09 	
14.90 	15.83 	
15.30 	15.56 	
14.53 	15.49 	
14.07 	16.02 	
14.91 	15.80 	
14.78 	16.15 	
14.93 	16.59 	
14.97 	16.97 	
14.82 	15.31 	
15.78 	15.49 	
14.20 	16.84 	
14.84 	15.95 	
15.46 	14.26 	
15.18 	16.17 	
15.83 	15.34 	
15.04 	15.57 	
15.75 	15.90 	
15.69 	16.35 	
15.00 	15.99 	
15.74 	15.71 	
16.19 	16.07 	
15.41 	15.44 	
16.38 	16.90 	
15.40 	16.21 	
15.22 	15.56 	
16.42 	16.45 	
15.45 	16.12 	
15.28 	16.34 	
16.43 	15.85 	
16.15 	16.38 	
15.56 	16.57 	
15.59 	17.56 	
15.58 	16.27 	
16.37 	17.03 	
15.30 	16.02 	
16.20 	15.10 	
15.43 	16.25 	
14.68 	15.85 	
15.47 	15.09 	
15.15 	15.30 	
15.23 	15.13 	
16.41 	15.22 	
15.31 	15.62 	
15.48 	14.74 	
15.46 	15.55 	
14.89 	16.62 	
15.07 	16.94 	
15.06 	16.05 	
14.12 	16.17 	
15.35 	16.69 	
14.85 	18.16 	
14.77 	15.93 	
15.20 	15.41 	
15.42 	15.82 	
14.88 	14.73 	
15.20 	14.64 	
15.41 	16.34 	
15.07 	14.86 	
16.71 	14.56 	
16.25 	14.04 	
16.28 	14.24 	
16.71 	15.18 	
16.44 	14.67 	
15.22 	13.70 	
15.47 	15.83 	
15.58 	16.46 	
15.69 	15.04 	
15.79 	15.52 	
16.20 	17.15 	
14.64 	15.93 	
15.09 	15.56 	
15.48 	16.12 	
14.93 	16.36 	
15.70 	14.59 	
14.67 	14.73 	
15.10 	14.90 	
14.84 	14.17 	
15.52 	14.93 	
15.33 	14.71 	
15.08 	14.43 	
14.94 	15.36 	
15.94 	15.61 	
15.41 	14.34 	
14.85 	15.04 	
15.19 	15.86 	
15.15 	13.88 	
15.18 	14.50 	
14.76 	15.97 	
14.61 	16.10 	
14.84 	16.03 	
15.20 	16.40 	
14.45 	16.76 	
14.87 	16.48 	
14.98 	16.06 	
14.78 	15.29 	
14.58 	15.11 	
15.40 	15.17 	
14.91 	16.18 	
16.52 	17.35 	
15.94 	16.38 	
15.63 	14.70 	
16.14 	14.16 	
15.88 	14.52 	
16.12 	14.36 	
15.14 	14.67 	
15.36 	14.96 	
15.17 	14.62 	
15.00 	14.23 	
16.21 	15.17 	
15.38 	14.92 	
14.81 	14.41 	
16.59 	14.72 	
16.00 	15.29 	
15.38 	15.13 	
15.41 	14.85 	
15.79 	15.42 	
15.68 	14.56 	
15.34 	15.29 	
15.54 	15.55 	
15.96 	15.31 	
15.10 	15.22 	
16.13 	15.15 	
15.95 	15.49 	
14.78 	15.45 	
15.69 	15.32 	
15.33 	14.23 	
15.16 	14.12 	
15.28 	16.03 	
15.15 	15.57 	
16.27 	15.88 	
15.84 	15.12 	
15.75 	14.75 	
15.74 	16.02 	
15.63 	15.98 	
15.59 	15.16 	
16.16 	16.25 	
15.87 	15.63 	
16.25 	14.76 	
15.86 	13.50 	
16.01 	14.21 	
16.15 	12.75 	
15.34 	14.66 	
17.36 	13.51 	
19.89 	14.69 	
18.82 	13.72 	
15.73 	13.42 	
15.53 	13.79 	
15.10 	12.99 	
15.38 	14.06 	
15.21 	13.03 	
15.57 	13.84 	
14.86 	14.51 	
15.67 	14.25 	
15.36 	13.90 	
15.16 	13.15 	
15.25 	14.74 	
14.75 	12.03 	
15.34 	14.39 	
14.68 	14.91 	
15.72 	15.35 	
15.49 	15.74 	
14.92 	15.60 	
15.30 	16.07 	
16.13 	14.99 	
15.09 	14.86 	
16.06 	14.04 	
16.18 	14.01 	
15.21 	13.48 	
15.72 	15.04 	
15.83 	14.63 	
15.60 	14.93 	
16.06 	14.44 	
16.20 	14.51 	
15.38 	15.78 	
14.97 	15.90 	
14.91 	15.41 	
15.90 	15.51 	
15.38 	14.59 	
15.56 	16.17 	
15.91 	15.25 	
14.80 	15.72 	
15.02 	15.48 	
15.68 	14.43 	
15.40 	15.31 	
15.78 	15.44 	
14.86 	15.66 	
15.89 	15.00 	
15.29 	16.04 	
14.86 	15.22 	
14.80 	15.24 	
14.98 	15.94 	
15.33 	15.65 	
16.08 	17.34 	
16.07 	15.80 	
16.23 	15.70 	
15.69 	15.73 	
15.97 	15.36 	
15.54 	15.25 	
16.21 	14.91 	
15.44 	15.93 	
15.46 	16.04 	
15.72 	15.39 	
15.47 	15.51 	
15.98 	15.29 	
15.68 	15.05 	
14.46 	14.50 	
16.09 	15.42 	
15.67 	15.05 	
14.92 	14.95 	
15.27 	15.54 	
16.40 	14.58 	
16.64 	13.52 	
15.43 	14.04 	
16.38 	14.51 	
16.65 	14.66 	
15.42 	15.50 	
16.19 	14.90 	
15.78 	15.01 	
16.28 	14.83 	
16.45 	14.81 	
15.69 	15.14 	
15.80 	14.80 	
15.63 	14.94 	
15.61 	15.24 	
14.73 	15.09 	
15.47 	14.52 	
15.74 	15.10 	
15.34 	14.67 	
15.00 	14.81 	
14.64 	15.49 	
15.19 	15.08 	
15.12 	15.81 	
14.33 	15.31 	
15.31 	15.12 	
13.97 	15.20 	
16.17 	15.15 	
15.72 	15.27 	
15.88 	15.58 	
15.52 	14.93 	
16.03 	15.44 	
16.23 	14.72 	
15.42 	14.86 	
15.62 	14.89 	
15.99 	16.09 	
16.82 	15.23 	
15.76 	15.63 	
16.77 	15.55 	
16.57 	15.62 	
16.44 	16.51 	
17.05 	14.95 	
16.00 	14.38 	
16.73 	15.45 	
16.34 	15.26 	
16.18 	14.72 	
15.98 	15.61 	
15.91 	15.61 	
16.76 	14.95 	
16.03 	15.39 	
16.80 	15.68 	
14.70 	15.38 	
14.83 	14.99 	
16.23 	15.41 	
15.84 	15.71 	
14.93 	15.17 	
15.36 	14.85 	
16.00 	15.09 	
15.62 	14.95 	
15.61 	15.39 	
16.24 	14.50 	
15.81 	15.29 	
16.35 	15.66 	
15.63 	15.62 	
14.87 	15.07 	
15.63 	15.20 	
15.71 	15.76 	
15.43 	15.42 	
15.73 	14.49 	
15.62 	15.77 	
15.14 	14.98 	
14.70 	15.79 	
16.01 	15.99 	
15.45 	14.97 	
16.03 	15.53 	
14.85 	15.80 	
15.01 	14.55 	
15.38 	15.02 	
14.67 	15.36 	
15.19 	15.41 	
15.75 	15.83 	
14.79 	16.37 	
15.01 	15.39 	
15.30 	15.96 	
14.97 	15.33 	
15.31 	15.92 	
14.91 	15.11 	
15.10 	15.19 	
15.75 	15.14 	
16.57 	15.09 	
15.21 	14.59 	
15.17 	15.33 	
15.63 	15.91 	
16.14 	15.87 	
15.22 	15.59 	
15.00 	15.98 	
16.18 	15.96 	
15.74 	15.55 	
15.91 	15.76 	
15.41 	16.11 	
14.85 	15.32 	
16.05 	15.18 	
16.11 	15.07 	
15.86 	15.25 	
15.26 	16.06 	
15.80 	15.60 	
16.47 	15.13 	
15.31 	14.72 	
15.60 	15.07 	
15.69 	15.29 	
16.17 	15.75 	
15.94 	15.28 	
16.25 	15.02 	
15.34 	15.29 	
15.50 	15.38 	
15.50 	15.81 	
15.35 	14.88 	
16.36 	15.13 	
15.47 	14.88 	
15.69 	14.79 	
15.40 	16.16 	
16.29 	14.45 	
15.80 	14.81 	
15.90 	15.60 	
16.48 	15.22 	
15.74 	14.64 	
16.53 	15.87 	
16.35 	15.14 	
16.17 	15.29 	
16.63 	15.69 	
16.32 	15.27 	
15.83 	16.23 	
16.26 	15.62 	
17.24 	15.82 	
16.19 	15.65 	
16.12 	15.54 	
15.72 	15.05 	
16.06 	16.51 	
16.59 	15.57 	
16.31 	16.62 	
16.32 	15.43 	
15.59 	15.29 	
16.02 	16.24 	
16.26 	16.34 	
17.24 	15.87 	
15.39 	15.73 	
16.14 	15.31 	
16.24 	15.48 	
15.90 	15.46 	
15.55 	14.81 	
16.18 	15.34 	
16.00 	15.40 	
16.46 	16.50 	
16.90 	16.67 	
17.24 	16.89 	
17.15 	16.21 	
15.72 	15.57 	
15.42 	15.78 	
16.51 	16.09 	
15.63 	16.26 	
16.48 	17.03 	
15.76 	16.17 	
15.19 	15.46 	
15.42 	15.70 	
15.85 	15.36 	
15.33 	15.94 	
16.28 	15.24 	
15.58 	15.39 	
16.19 	15.49 	
15.86 	15.20 	
16.27 	15.52 	
15.57 	15.39 	
16.05 	15.41 	
16.19 	15.05 	
16.13 	15.41 	
15.93 	15.07 	
16.66 	15.43 	
16.38 	15.92 	
16.81 	15.21 	
16.13 	15.77 	
16.37 	15.82 	
16.36 	15.37 	
16.35 	15.40 	
16.41 	15.35 	
16.48 	14.76 	
16.53 	15.12 	
16.14 	16.03 	
16.14 	16.37 	
15.66 	15.60 	
16.46 	16.08 	
16.21 	15.92 	
16.80 	15.41 	
17.07 	16.52 	
16.29 	15.47 	
16.29 	15.91 	
16.40 	14.19 	
16.39 	14.62 	
16.49 	15.26 	
16.01 	15.78 	
16.15 	16.46 	
16.13 	16.65 	
16.43 	16.26 	
16.21 	15.98 	
17.08 	15.96 	
16.29 	15.34 	
16.10 	15.15 	
15.65 	15.69 	
16.01 	16.28 	
17.28 	16.19 	
16.91 	15.54 	
17.46 	16.13 	
15.54 	15.79 	
17.48 	16.20 	
16.41 	15.28 	
16.46 	15.24 	
16.66 	15.50 	
17.24 	15.62 	
16.40 	15.85 	
16.24 	15.11 	
16.87 	14.68 	
16.38 	14.89 	
16.89 	14.81 	
16.18 	15.99 	
16.49 	15.11 	
17.02 	15.28 	
18.00 	15.24 	
16.69 	15.70 	
17.05 	16.22 	
17.71 	15.89 	
17.80 	15.78 	
16.82 	15.63 	
16.33 	15.97 	
17.00 	14.59 	
15.80 	15.17 	
16.07 	15.08 	
16.77 	15.56 	
16.71 	15.79 	
16.56 	15.69 	
17.00 	15.89 	
15.88 	15.43 	
16.84 	16.33 	
16.90 	16.29 	
17.11 	16.20 	
16.63 	15.93 	
17.34 	16.38 	
17.33 	15.79 	
16.68 	15.83 	
16.42 	14.90 	
17.06 	16.29 	
16.21 	14.86 	
16.33 	15.41 	
17.21 	15.04 	
15.81 	15.59 	
16.87 	15.51 	
15.96 	15.46 	
15.99 	15.04 	
15.41 	14.45 	
16.85 	15.54 	
16.67 	14.95 	
17.06 	15.75 	
15.94 	15.28 	
16.35 	15.00 	
16.13 	15.96 	
15.80 	15.67 	
16.32 	16.26 	
16.21 	16.20 	
16.49 	15.79 	
16.59 	15.49 	
15.46 	15.08 	
16.23 	15.71 	
16.28 	15.79 	
15.24 	15.95 	
16.07 	14.66 	
16.00 	16.04 	
16.41 	15.61 	
16.83 	15.20 	
16.16 	15.40 	
15.70 	15.22 	
15.51 	15.28 	
15.78 	16.02 	
16.23 	16.09 	
15.92 	15.79 	
15.91 	15.74 	
14.89 	15.94 	
15.79 	15.72 	
16.55 	15.05 	
15.55 	15.07 	
16.50 	15.61 	
14.99 	14.38 	
16.97 	15.15 	
16.19 	14.89 	
15.89 	16.34 	
16.35 	15.17 	
16.11 	14.27 	
17.09 	14.42 	
16.64 	14.74 	
15.92 	14.82 	
17.39 	14.99 	
17.32 	14.69 	
17.10 	14.51 	
16.64 	14.78 	
16.53 	14.45 	
16.09 	15.17 	
16.75 	15.17 	
16.12 	16.03 	
16.74 	15.68 	
16.06 	15.67 	
16.54 	15.48 	
16.28 	16.29 	
16.94 	15.92 	
15.81 	16.17 	
15.35 	15.52 	
16.02 	15.99 	
15.89 	15.31 	
16.02 	15.02 	
15.53 	15.52 	
15.73 	16.19 	
16.35 	15.72 	
16.29 	15.35 	
15.34 	15.24 	
15.58 	16.18 	
16.94 	16.26 	
16.03 	15.51 	
15.28 	16.46 	
15.59 	15.92 	
15.57 	15.84 	
16.24 	15.98 	
15.86 	15.82 	
15.96 	15.86 	
16.09 	15.64 	
15.56 	15.58 	
17.07 	15.34 	
15.71 	15.26 	
16.01 	15.92 	
15.57 	15.44 	
15.44 	15.80 	
15.90 	14.77 	
14.75 	15.76 	
15.66 	15.44 	
16.33 	16.19 	
15.63 	16.01 	
15.49 	15.93 	
16.71 	15.62 	
15.78 	15.72 	
15.66 	16.06 	
15.54 	16.53 	
15.39 	15.81 	
15.23 	14.87 	
15.40 	15.75 	
15.88 	14.81 	
16.23 	16.14 	
16.37 	15.08 	
15.82 	16.08 	
15.94 	15.09 	
15.55 	14.45 	
15.87 	15.62 	
16.42 	15.67 	
16.57 	16.37 	
15.84 	15.95 	
15.28 	15.93 	
15.34 	15.46 	
15.49 	16.18 	
15.47 	16.42 	
15.86 	15.51 	
15.81 	15.91 	
16.75 	15.97 	
15.90 	16.20 	
15.02 	16.20 	
15.74 	16.62 	
15.42 	16.06 	
15.03 	15.46 	
15.90 	15.33 	
15.92 	16.02 	
15.70 	15.91 	
15.59 	16.64 	
15.28 	15.81 	
15.59 	15.95 	
15.13 	16.18 	
15.79 	16.10 	
15.75 	16.89 	
16.74 	15.24 	
15.47 	16.49 	
16.20 	16.02 	
15.47 	15.62 	
16.63 	15.71 	
16.05 	16.10 	
16.95 	15.82 	
16.45 	15.64 	
15.90 	15.47 	
15.63 	16.02 	
15.02 	15.92 	
15.31 	15.81 	
15.91 	16.65 	
16.00 	16.44 	
16.81 	17.24 	
16.33 	16.81 	
16.70 	16.22 	
15.95 	16.35 	
16.01 	15.38 	
16.43 	16.47 	
16.21 	15.57 	
15.99 	17.34 	
16.30 	17.79 	
16.06 	17.68 	
16.98 	16.25 	
18.14 	17.38 	
16.58 	15.82 	
17.79 	16.78 	
17.51 	16.06 	
16.56 	16.74 	
16.79 	15.71 	
16.88 	16.89 	
16.69 	15.38 	
16.70 	15.06 	
17.40 	16.15 	
16.24 	14.73 	
17.01 	15.76 	
17.61 	15.32 	
17.16 	15.63 	
17.41 	14.97 	
17.39 	15.84 	
18.15 	14.51 	
17.48 	14.49 	
17.62 	14.52 	
17.14 	15.54 	
17.77 	14.96 	
17.58 	14.95 	
16.95 	15.78 	
16.94 	15.31 	
17.17 	15.97 	
17.32 	16.24 	
18.25 	14.74 	
18.54 	15.22 	
18.21 	14.90 	
18.05 	15.28 	
17.04 	15.04 	
17.03 	15.12 	
17.27 	16.19 	
17.82 	14.66 	
17.15 	15.22 	
17.01 	15.78 	
16.90 	15.06 	
16.63 	14.83 	
17.60 	15.12 	
17.18 	15.36 	
17.67 	14.65 	
17.49 	14.38 	
16.99 	14.68 	
17.20 	15.43 	
16.41 	16.44 	
17.58 	16.67 	
16.40 	16.41 	
16.50 	16.06 	
16.11 	16.17 	
16.65 	16.47 	
17.02 	15.78 	
16.72 	15.70 	
17.30 	14.80 	
16.75 	14.67 	
16.97 	14.11 	
17.28 	14.60 	
16.99 	14.23 	
17.24 	14.09 	
17.50 	15.64 	
17.52 	13.90 	
17.26 	13.62 	
17.22 	14.24 	
16.45 	14.68 	
16.57 	14.20 	
17.32 	13.98 	
16.31 	14.56 	
17.60 	14.60 	
17.34 	14.07 	
16.90 	14.61 	
16.82 	14.30 	
16.85 	14.95 	
18.00 	15.10 	
18.59 	14.96 	
18.19 	14.07 	
16.99 	13.64 	
17.90 	14.06 	
18.31 	14.46 	
16.95 	13.72 	
16.88 	15.17 	
16.84 	15.07 	
18.30 	15.30 	
17.33 	15.85 	
17.13 	15.24 	
16.44 	14.69 	
16.96 	14.90 	
17.04 	14.33 	
18.09 	14.90 	
18.24 	14.74 	
16.81 	14.89 	
18.01 	14.30 	
17.01 	13.58 	
16.71 	14.58 	
17.01 	13.71 	
16.79 	13.94 	
16.81 	14.52 	
16.54 	14.38 	
16.75 	13.95 	
16.77 	14.57 	
16.27 	14.22 	
16.38 	14.81 	
17.83 	14.60 	
16.40 	14.83 	
17.13 	15.01 	
16.15 	14.67 	
18.06 	14.92 	
18.11 	15.17 	
17.16 	15.38 	
17.86 	14.51 	
17.14 	14.04 	
17.32 	15.12 	
16.58 	14.54 	
16.77 	15.44 	
17.17 	16.15 	
16.88 	15.36 	
17.52 	15.83 	
17.55 	15.05 	
17.90 	15.59 	
17.45 	16.10 	
17.78 	16.58 	
16.17 	16.49 	
16.92 	16.30 	
16.15 	17.53 	
16.61 	17.24 	
16.65 	17.39 	
15.95 	16.07 	
16.03 	16.86 	
17.08 	16.80 	
15.72 	15.43 	
17.39 	16.28 	
16.46 	15.83 	
16.43 	16.44 	
16.72 	16.42 	
17.88 	17.37 	
17.24 	17.49 	
17.25 	16.53 	
16.95 	16.91 	
16.94 	16.73 	
16.94 	16.69 	
16.90 	17.18 	
17.06 	16.65 	
16.50 	16.58 	
16.83 	16.30 	
17.18 	16.89 	
16.02 	16.51 	
16.75 	16.60 	
15.67 	16.82 	
16.82 	16.85 	
16.56 	16.93 	
16.55 	16.28 	
16.06 	15.65 	
16.78 	15.95 	
17.01 	16.65 	
15.39 	15.78 	
15.72 	16.43 	
17.17 	16.68 	
17.20 	16.68 	
17.14 	16.78 	
17.13 	16.46 	
16.93 	16.78 	
15.72 	16.84 	
16.99 	17.13 	
14.71 	17.14 	
16.71 	15.72 	
16.67 	17.06 	
16.24 	17.18 	
16.46 	16.97 	
15.90 	16.92 	
15.88 	16.05 	
15.82 	17.24 	
16.03 	16.34 	
17.70 	16.86 	
17.87 	16.43 	
17.81 	16.05 	
19.37 	16.08 	
18.03 	16.01 	
17.89 	16.23 	
18.13 	15.98 	
17.83 	15.80 	
18.20 	16.22 	
19.24 	16.45 	
18.71 	16.79 	
18.35 	16.23 	
18.04 	17.05 	
16.43 	16.92 	
17.54 	16.44 	
17.48 	16.63 	
17.77 	16.09 	
18.66 	16.27 	
18.75 	16.64 	
17.28 	16.72 	
19.46 	16.50 	
18.26 	16.07 	
16.89 	16.51 	
16.15 	16.36 	
16.29 	16.43 	
16.90 	16.21 	
17.23 	15.86 	
15.88 	15.89 	
16.07 	16.40 	
16.96 	16.54 	
18.42 	16.64 	
18.49 	16.16 	
17.15 	16.84 	
17.94 	16.12 	
18.62 	15.74 	
18.44 	16.91 	
17.56 	15.66 	
18.16 	15.93 	
17.66 	17.05 	
16.98 	16.30 	
17.79 	16.56 	
17.50 	16.42 	
18.18 	16.30 	
18.17 	15.47 	
17.65 	15.51 	
17.93 	16.59 	
18.15 	16.24 	
17.59 	15.84 	
17.68 	15.72 	
17.28 	15.94 	
17.76 	16.53 	
18.31 	16.52 	
16.97 	15.40 	
17.44 	15.63 	
17.66 	16.01 	
17.33 	17.55 	
17.48 	16.29 	
18.20 	17.11 	
16.98 	16.55 	
17.49 	16.75 	
17.74 	17.85 	
17.51 	17.29 	
17.19 	17.12 	
16.95 	17.08 	
17.32 	16.71 	
17.64 	16.67 	
16.87 	16.11 	
16.48 	16.51 	
16.81 	16.63 	
17.14 	16.97 	
17.95 	16.76 	
17.23 	16.52 	
17.01 	17.21 	
16.45 	16.98 	
17.65 	17.25 	
17.48 	16.84 	
17.38 	16.54 	
17.16 	17.11 	
15.70 	17.17 	
17.12 	17.87 	
15.09 	16.83 	
15.61 	16.56 	
16.99 	17.15 	
15.68 	17.98 	
15.67 	17.73 	
15.33 	17.79 	
15.78 	17.04 	
15.88 	17.10 	
17.06 	17.11 	
16.73 	16.88 	
15.80 	17.81 	
16.52 	17.27 	
15.92 	17.05 	
15.77 	16.02 	
16.44 	16.77 	
15.53 	16.76 	
16.71 	16.52 	
16.47 	16.31 	
16.46 	16.55 	
15.79 	16.45 	
15.43 	16.79 	
14.75 	17.17 	
15.85 	17.36 	
15.87 	16.74 	
16.89 	16.36 	
18.17 	16.39 	
15.83 	16.71 	
16.50 	16.50 	
16.37 	16.82 	
15.85 	16.90 	
16.85 	16.40 	
16.48 	16.04 	
16.32 	15.99 	
16.69 	16.43 	
16.83 	15.80 	
16.43 	15.47 	
16.77 	17.13 	
17.13 	16.62 	
17.27 	17.18 	
17.27 	16.80 	
16.34 	16.83 	
16.26 	16.70 	
16.36 	17.07 	
16.77 	15.94 	
16.51 	16.55 	
17.99 	17.46 	
16.33 	16.44 	
15.92 	17.10 	
16.90 	16.16 	
16.74 	16.68 	
16.57 	16.14 	
16.73 	16.42 	
18.00 	16.69 	
17.74 	16.35 	
19.23 	15.88 	
18.68 	16.50 	
16.94 	16.22 	
17.18 	16.49 	
17.57 	15.38 	
17.63 	15.71 	
17.34 	15.79 	
16.18 	16.33 	
17.67 	16.28 	
17.09 	16.66 	
16.88 	17.12 	
17.15 	17.04 	
17.92 	16.89 	
17.09 	17.11 	
17.87 	17.42 	
17.16 	16.19 	
16.88 	16.78 	
16.82 	16.92 	
17.84 	16.02 	
17.71 	15.99 	
17.11 	16.53 	
18.08 	15.81 	
16.95 	16.35 	
16.85 	16.05 	
17.47 	15.22 	
17.73 	16.36 	
17.62 	15.37 	
18.41 	15.22 	
17.92 	15.49 	
16.90 	15.77 	
17.34 	15.82 	
17.29 	16.06 	
16.91 	17.52 	
17.58 	16.24 	
18.41 	16.55 	
16.71 	15.90 	
17.07 	15.91 	
18.43 	15.72 	
17.88 	16.35 	
17.86 	15.52 	
17.80 	16.04 	
17.66 	16.13 	
17.23 	16.69 	
18.13 	14.48 	
17.14 	15.50 	
18.21 	16.22 	
17.47 	15.58 	
17.76 	16.56 	
18.65 	14.91 	
18.89 	15.57 	
18.81 	15.50 	
16.91 	15.81 	
17.27 	15.62 	
17.30 	16.14 	
18.88 	15.19 	
18.62 	15.28 	
18.63 	15.95 	
19.27 	16.52 	
19.10 	15.89 	
17.72 	15.80 	
17.29 	15.09 	
16.67 	15.75 	
16.96 	16.37 	
17.84 	16.12 	
18.51 	16.83 	
17.02 	16.45 	
18.18 	16.31 	
16.92 	16.25 	
18.56 	16.27 	
18.26 	16.84 	
19.66 	16.42 	
19.47 	17.11 	
20.07 	15.91 	
18.10 	16.18 	
17.14 	16.13 	
18.18 	17.68 	
18.79 	16.15 	
17.99 	16.89 	
17.38 	15.10 	
18.93 	15.04 	
17.50 	15.20 	
18.07 	16.23 	
17.99 	16.21 	
17.42 	15.79 	
18.11 	16.09 	
18.19 	16.50 	
18.36 	16.34 	
18.32 	16.44 	
18.03 	16.46 	
19.05 	16.06 	
17.71 	17.03 	
18.04 	16.07 	
17.23 	15.53 	
17.01 	16.80 	
16.89 	16.33 	
15.92 	15.28 	
15.98 	16.95 	
16.98 	16.14 	
16.72 	14.74 	
15.70 	15.67 	
16.30 	15.15 	
16.84 	14.91 	
17.28 	15.61 	
16.89 	15.92 	
17.07 	15.71 	
16.99 	16.55 	
17.75 	16.21 	
16.87 	15.53 	
17.31 	16.38 	
16.45 	15.80 	
17.26 	16.07 	
16.62 	16.08 	
16.82 	14.99 	
16.91 	16.52 	
16.78 	16.88 	
16.94 	16.17 	
16.55 	15.87 	
17.72 	16.42 	
17.69 	16.00 	
17.70 	14.97 	
17.72 	15.59 	
18.49 	16.43 	
18.11 	16.57 	
17.98 	15.78 	
18.34 	15.15 	
18.13 	16.00 	
18.01 	15.96 	
18.36 	16.09 	
17.97 	15.68 	
18.88 	15.40 	
18.35 	15.85 	
18.11 	15.44 	
18.24 	15.75 	
18.42 	15.77 	
17.51 	16.16 	
17.41 	15.97 	
18.11 	16.13 	
17.74 	16.31 	
17.90 	16.01 	
16.43 	15.08 	
17.50 	15.20 	
18.05 	15.22 	
17.54 	15.07 	
17.13 	16.36 	
17.74 	15.84 	
18.14 	16.34 	
18.23 	15.53 	
17.88 	16.02 	
17.31 	15.22 	
17.20 	15.90 	
18.14 	15.41 	
18.28 	15.85 	
17.77 	16.03 	
17.34 	15.55 	
17.20 	15.38 	
17.92 	15.67 	
16.53 	15.56 	
17.98 	15.92 	
17.79 	15.76 	
16.72 	16.02 	
16.65 	15.08 	
16.85 	14.83 	
16.35 	14.84 	
17.13 	15.09 	
16.91 	15.53 	
16.90 	15.32 	
17.06 	16.00 	
17.64 	15.46 	
16.95 	15.91 	
17.30 	15.42 	
18.28 	15.17 	
18.21 	15.97 	
17.79 	14.81 	
18.67 	15.54 	
17.98 	15.16 	
17.89 	15.28 	
17.34 	15.42 	
18.48 	15.76 	
17.87 	15.83 	
18.15 	15.86 	
17.85 	15.04 	
17.76 	15.83 	
17.65 	16.82 	
17.85 	15.91 	
17.53 	15.39 	
17.83 	16.40 	
17.97 	15.85 	
18.00 	15.98 	
17.54 	15.32 	
17.51 	16.21 	
16.89 	16.40 	
17.32 	15.90 	
17.19 	15.45 	
16.93 	15.75 	
16.48 	15.94 	
17.87 	16.21 	
17.80 	15.59 	
17.05 	16.26 	
16.85 	15.31 	
17.91 	15.31 	
17.20 	15.30 	
17.69 	15.56 	
17.73 	15.90 	
17.61 	16.12 	
18.46 	16.61 	
17.40 	15.99 	
17.88 	15.64 	
17.43 	15.02 	
15.93 	15.31 	
15.97 	14.55 	
16.81 	15.82 	
17.54 	15.89 	
16.90 	15.76 	
17.37 	15.79 	
16.93 	15.15 	
16.05 	16.38 	
18.01 	15.58 	
16.62 	15.51 	
17.11 	16.32 	
17.00 	16.20 	
17.23 	15.27 	
15.81 	16.41 	
16.97 	16.22 	
16.76 	15.92 	
16.50 	15.97 	
16.60 	14.86 	
16.45 	16.38 	
17.10 	16.36 	
16.84 	16.75 	
17.76 	16.46 	
17.54 	15.84 	
16.71 	16.29 	
17.75 	16.73 	
16.60 	15.54 	
17.34 	16.20 	
17.56 	16.18 	
17.18 	15.99 	
18.00 	16.19 	
18.13 	15.65 	
17.75 	15.67 	
15.92 	15.49 	
16.46 	15.22 	
17.11 	16.28 	
16.76 	15.87 	
17.55 	15.81 	
16.41 	15.83 	
17.07 	15.86 	
17.35 	15.87 	
16.89 	15.90 	
16.61 	15.75 	
16.63 	15.68 	
16.46 	15.99 	
17.56 	15.85 	
17.40 	15.27 	
16.38 	15.79 	
16.47 	15.65 	
16.99 	16.70 	
17.83 	15.58 	
16.74 	16.30 	
16.95 	16.10 	
17.81 	16.12 	
17.60 	15.95 	
17.62 	15.98 	
17.35 	16.70 	
17.25 	15.44 	
16.85 	16.96 	
16.61 	15.66 	
16.86 	15.79 	
16.79 	15.05 	
17.44 	15.50 	
17.58 	15.31 	
16.12 	15.16 	
17.19 	15.85 	
17.53 	16.26 	
17.02 	15.75 	
16.95 	15.83 	
16.01 	15.77 	
17.66 	15.75 	
17.26 	15.87 	
16.16 	16.09 	
16.45 	15.86 	
17.34 	14.99 	
17.65 	15.19 	
17.18 	15.95 	
17.70 	16.33 	
17.43 	16.02 	
17.65 	15.92 	
16.66 	16.12 	
18.27 	16.01 	
16.90 	16.31 	
16.89 	16.41 	
16.13 	15.54 	
17.49 	15.81 	
17.83 	15.92 	
17.02 	16.43 	
17.04 	17.34 	
18.06 	15.85 	
17.35 	15.77 	
17.21 	15.62 	
16.85 	16.31 	
16.79 	16.21 	
17.17 	16.35 	
17.20 	16.33 	
18.18 	16.38 	
17.06 	16.21 	
17.42 	16.00 	
17.12 	16.10 	
17.49 	16.67 	
16.77 	16.40 	
17.96 	16.32 	
16.90 	16.82 	
18.25 	16.62 	
17.50 	15.14 	
18.19 	15.19 	
17.60 	16.04 	
18.53 	15.57 	
17.43 	15.72 	
18.02 	16.44 	
17.63 	16.49 	
17.65 	17.10 	
17.02 	16.08 	
17.21 	16.52 	
16.70 	16.20 	
17.14 	15.85 	
16.77 	16.96 	
17.37 	16.65 	
16.60 	16.88 	
15.88 	16.42 	
17.14 	16.55 	
17.07 	16.40 	
16.10 	16.06 	
16.92 	16.79 	
16.81 	15.43 	
16.96 	15.81 	
16.68 	15.65 	
16.87 	16.29 	
16.69 	15.95 	
18.19 	15.50 	
18.57 	15.15 	
18.13 	16.04 	
18.17 	16.81 	
17.37 	16.00 	
18.01 	16.45 	
17.08 	16.63 	
17.52 	16.84 	
17.18 	16.16 	
19.37 	15.77 	
18.59 	16.45 	
18.11 	16.48 	
18.62 	16.59 	
18.57 	16.61 	
18.30 	16.18 	
18.89 	15.79 	
18.70 	16.20 	
17.99 	15.06 	
17.69 	16.05 	
17.03 	16.08 	
17.66 	15.63 	
17.45 	16.45 	
17.89 	15.51 	
17.93 	15.72 	
16.47 	16.33 	
17.81 	17.32 	
17.57 	16.15 	
18.48 	16.48 	
18.26 	16.65 	
17.69 	15.37 	
16.76 	16.21 	
18.27 	15.46 	
17.68 	15.80 	
17.36 	15.93 	
17.61 	16.10 	
18.53 	15.71 	
18.85 	15.07 	
18.12 	15.44 	
18.48 	15.64 	
18.55 	16.04 	
18.68 	15.76 	
18.41 	16.75 	
18.65 	15.91 	
18.19 	16.00 	
17.50 	15.97 	
16.94 	15.62 	
17.55 	16.50 	
18.09 	16.43 	
18.86 	16.10 	
18.17 	15.13 	
19.03 	16.43 	
18.49 	15.79 	
17.72 	16.11 	
17.98 	15.95 	
18.28 	16.24 	
18.67 	16.55 	
18.40 	16.03 	
17.99 	16.13 	
17.89 	16.37 	
18.13 	17.00 	
18.29 	16.10 	
18.08 	16.62 	
17.35 	15.62 	
17.20 	15.58 	
17.80 	16.59 	
18.53 	15.76 	
17.65 	16.12 	
18.24 	16.39 	
17.54 	16.64 	
17.84 	16.16 	
18.07 	17.14 	
18.19 	16.55 	
18.03 	16.21 	
18.00 	17.00 	
17.71 	16.34 	
17.72 	16.10 	
17.82 	15.87 	
18.36 	16.73 	
17.48 	15.98 	
18.33 	16.07 	
17.77 	16.58 	
17.99 	15.63 	
18.14 	16.51 	
18.18 	15.86 	
17.96 	15.83 	
18.23 	16.50 	
17.84 	16.29 	
17.25 	16.39 	
18.30 	14.82 	
18.96 	15.60 	
18.41 	15.86 	
18.01 	15.88 	
18.10 	15.57 	
18.78 	15.59 	
17.87 	16.40 	
18.89 	15.99 	
18.01 	15.64 	
17.38 	15.13 	
18.54 	15.38 	
17.46 	16.24 	
17.74 	16.22 	
18.40 	16.62 	
18.87 	15.84 	
18.35 	16.61 	
18.01 	15.67 	
17.76 	16.06 	
17.69 	15.41 	
18.25 	16.59 	
17.68 	15.84 	
18.39 	16.27 	
19.00 	16.94 	
18.39 	15.68 	
17.88 	15.48 	
18.08 	16.68 	
18.22 	16.29 	
17.92 	15.96 	
17.42 	16.20 	
17.80 	16.01 	
18.34 	16.14 	
17.80 	15.50 	
17.66 	15.85 	
18.00 	16.75 	
18.02 	15.92 	
16.63 	15.67 	
17.60 	15.14 	
17.83 	16.34 	
17.82 	16.41 	
18.66 	15.80 	
18.40 	16.09 	
17.10 	16.36 	
16.30 	15.90 	
17.35 	16.22 	
17.53 	16.11 	
18.02 	16.95 	
17.38 	16.37 	
17.75 	16.52 	
18.19 	15.29 	
18.40 	15.93 	
17.57 	16.62 	
17.25 	15.66 	
17.93 	16.02 	
17.58 	16.28 	
18.26 	15.95 	
17.65 	15.81 	
17.82 	15.94 	
18.24 	16.19 	
18.43 	15.55 	
18.80 	16.29 	
18.25 	15.71 	
19.23 	16.16 	
18.88 	16.48 	
18.42 	16.08 	
18.85 	16.72 	
19.20 	16.28 	
18.45 	16.06 	
17.93 	16.15 	
17.85 	16.64 	
17.35 	16.02 	
17.67 	16.31 	
17.55 	16.29 	
16.61 	15.72 	
17.16 	16.18 	
17.37 	16.13 	
16.60 	16.22 	
17.75 	15.99 	
16.52 	16.08 	
17.49 	16.03 	
18.13 	16.36 	
17.53 	16.11 	
17.41 	16.07 	
17.94 	16.63 	
16.85 	16.41 	
18.26 	15.99 	
18.84 	15.92 	
18.61 	16.71 	
17.17 	16.37 	
17.46 	15.78 	
18.15 	16.08 	
17.24 	16.00 	
17.49 	16.98 	
17.18 	14.97 	
17.01 	16.33 	
17.64 	16.59 	
17.17 	16.66 	
17.71 	16.97 	
17.91 	16.80 	
17.66 	16.36 	
17.87 	16.50 	
18.12 	16.12 	
17.97 	16.61 	
17.74 	15.96 	
18.19 	16.63 	
17.83 	15.90 	
17.99 	16.09 	
16.73 	15.94 	
17.92 	16.21 	
16.49 	16.83 	
18.28 	15.76 	
18.42 	16.31 	
17.79 	15.80 	
18.94 	16.41 	
18.36 	15.96 	
18.04 	16.30 	
18.66 	16.99 	
19.14 	16.47 	
18.13 	16.32 	
18.69 	16.37 	
18.43 	16.62 	
15.86 	16.58 	
17.12 	15.62 	
17.57 	15.57 	
16.82 	15.35 	
17.83 	15.74 	
17.53 	15.53 	
18.03 	16.97 	
18.44 	15.84 	
18.25 	16.11 	
18.09 	15.96 	
17.58 	16.60 	
18.55 	15.85 	
18.06 	16.19 	
17.52 	16.06 	
17.94 	15.86 	
17.64 	16.29 	
17.89 	15.83 	
17.54 	15.91 	
18.28 	16.06 	
18.23 	15.96 	
17.80 	16.63 	
18.49 	15.47 	
17.91 	15.85 	
18.60 	15.53 	
17.43 	16.00 	
17.66 	15.15 	
17.45 	15.76 	
17.71 	16.64 	
18.00 	16.09 	
17.86 	15.86 	
18.19 	16.32 	
17.55 	16.06 	
17.48 	16.34 	
17.22 	16.04 	
17.34 	16.32 	
17.73 	16.04 	
17.01 	16.31 	
17.49 	16.29 	
17.30 	16.49 	
17.48 	16.68 	
16.04 	16.96 	
16.39 	16.76 	
17.48 	16.25 	
18.49 	15.55 	
18.12 	15.58 	
17.58 	16.31 	
17.60 	15.99 	
18.26 	15.45 	
17.91 	16.36 	
17.49 	16.08 	
17.68 	15.70 	
17.40 	16.43 	
17.24 	16.08 	
17.97 	16.59 	
17.02 	16.40 	
17.70 	16.48 	
17.57 	16.50 	
16.63 	15.78 	
17.67 	15.91 	
17.07 	15.90 	
17.05 	16.13 	
16.55 	14.89 	
17.14 	15.22 	
18.81 	15.37 	
17.91 	15.44 	
19.43 	15.87 	
18.61 	16.17 	
19.90 	15.16 	
17.51 	15.42 	
18.22 	14.48 	
18.20 	14.69 	
18.42 	15.51 	
18.21 	15.19 	
19.38 	16.04 	
18.22 	14.88 	
18.49 	15.29 	
19.24 	14.90 	
18.18 	15.10 	
18.35 	14.98 	
17.73 	14.68 	
18.67 	14.49 	
18.28 	14.07 	
17.91 	15.14 	
17.50 	15.48 	
18.64 	15.56 	
18.59 	16.20 	
19.00 	15.78 	
18.74 	15.07 	
18.29 	14.93 	
18.44 	15.77 	
18.56 	15.67 	
18.94 	14.78 	
18.78 	15.54 	
18.96 	15.38 	
19.55 	16.26 	
19.04 	15.86 	
18.63 	15.16 	
18.73 	15.64 	
18.87 	14.82 	
18.94 	14.56 	
18.56 	14.58 	
17.63 	14.04 	
18.76 	14.72 	
18.36 	14.72 	
18.16 	15.23 	
18.05 	14.94 	
18.23 	15.85 	
16.65 	14.58 	
18.03 	14.95 	
18.03 	14.64 	
18.38 	15.19 	
17.21 	15.33 	
18.46 	14.01 	
17.51 	14.61 	
18.82 	14.46 	
18.77 	14.63 	
18.67 	13.86 	
18.48 	15.06 	
17.90 	15.58 	
18.13 	13.98 	
18.93 	15.48 	
18.55 	15.01 	
18.32 	15.46 	
18.56 	14.76 	
18.35 	15.70 	
19.14 	15.35 	
19.03 	15.90 	
18.65 	14.71 	
18.07 	15.47 	
18.74 	15.38 	
18.70 	15.66 	
18.68 	14.63 	
18.39 	15.37 	
17.95 	14.57 	
18.14 	14.48 	
17.89 	14.86 	
18.38 	15.10 	
18.73 	14.53 	
18.35 	14.30 	
18.50 	14.13 	
18.72 	14.93 	
18.43 	15.13 	
18.05 	14.93 	
18.53 	15.52 	
19.03 	15.14 	
18.03 	14.61 	
17.61 	14.32 	
18.01 	15.09 	
18.11 	14.14 	
17.95 	14.60 	
18.96 	14.91 	
19.25 	15.31 	
18.88 	15.49 	
18.50 	14.89 	
18.44 	14.88 	
18.83 	14.55 	
18.69 	15.03 	
18.42 	15.06 	
18.28 	14.84 	
19.22 	15.51 	
18.23 	15.39 	
18.75 	14.92 	
18.37 	15.16 	
18.60 	15.48 	
18.64 	14.34 	
18.39 	15.61 	
18.80 	15.15 	
18.38 	15.53 	
18.61 	15.28 	
18.83 	14.69 	
18.58 	14.80 	
18.61 	15.60 	
18.37 	15.18 	
18.12 	14.50 	
19.22 	15.71 	
18.88 	14.32 	
19.00 	13.80 	
18.34 	14.56 	
18.85 	14.72 	
18.56 	15.09 	
18.19 	15.43 	
18.80 	15.40 	
18.38 	14.22 	
18.59 	14.17 	
18.68 	15.01 	
19.14 	15.31 	
18.09 	14.35 	
18.79 	14.45 	
19.08 	14.03 	
18.00 	14.52 	
19.06 	14.30 	
19.20 	14.26 	
18.31 	14.31 	
18.49 	15.22 	
18.24 	15.05 	
18.61 	15.17 	
17.76 	14.78 	
16.66 	15.94 	
18.00 	16.50 	
18.89 	15.50 	
18.47 	15.43 	
18.42 	15.57 	
17.57 	15.58 	
17.41 	14.69 	
18.29 	14.51 	
18.46 	14.30 	
17.52 	15.61 	
18.90 	15.99 	
18.31 	14.91 	
18.37 	14.21 	
17.93 	14.83 	
18.37 	14.47 	
18.19 	14.87 	
18.78 	13.95 	
19.43 	14.44 	
19.52 	14.14 	
19.36 	14.15 	
17.86 	14.84 	
18.89 	14.63 	
18.97 	14.75 	
18.45 	14.08 	
18.47 	14.42 	
18.44 	14.28 	
19.12 	14.47 	
18.29 	15.05 	
18.73 	15.16 	
18.84 	14.23 	
18.37 	14.40 	
18.46 	14.72 	
18.20 	14.17 	
18.36 	14.47 	
18.28 	14.15 	
18.65 	13.72 	
18.90 	13.87 	
18.44 	14.31 	
17.72 	14.95 	
18.71 	14.80 	
19.54 	13.31 	
18.69 	13.54 	
18.76 	14.92 	
18.51 	14.82 	
18.22 	14.99 	
18.45 	15.51 	
19.31 	15.10 	
18.70 	15.25 	
18.09 	15.38 	
19.06 	15.52 	
19.08 	14.82 	
18.54 	14.80 	
18.80 	14.61 	
19.31 	14.57 	
18.31 	14.90 	
18.10 	14.74 	
18.00 	14.41 	
17.99 	15.11 	
17.76 	14.68 	
18.53 	14.94 	
19.34 	15.46 	
19.69 	14.47 	
17.99 	14.17 	
18.01 	14.20 	
18.59 	14.59 	
18.51 	14.63 	
17.91 	14.66 	
17.47 	14.86 	
18.65 	14.40 	
18.78 	14.70 	
18.56 	14.42 	
18.84 	14.69 	
18.70 	14.63 	
18.68 	13.87 	
17.89 	14.77 	
18.16 	13.92 	
18.99 	14.76 	
18.85 	14.44 	
18.28 	15.13 	
18.15 	14.99 	
18.01 	15.42 	
17.77 	13.97 	
18.66 	14.90 	
18.96 	14.10 	
18.78 	14.61 	
17.91 	15.43 	
19.36 	14.24 	
17.89 	14.87 	
17.61 	14.01 	
18.46 	14.09 	
19.19 	14.67 	
17.50 	14.13 	
17.85 	14.93 	
18.67 	14.07 	
16.99 	14.66 	
18.65 	13.92 	
18.02 	14.18 	
18.96 	14.00 	
19.04 	14.25 	
18.41 	14.62 	
18.17 	14.56 	
17.82 	15.90 	
18.18 	13.82 	
18.45 	15.49 	
18.19 	15.30 	
18.27 	15.39 	
17.58 	15.90 	
18.51 	15.62 	
18.27 	15.63 	
18.23 	16.06 	
17.73 	15.49 	
17.89 	14.94 	
17.74 	15.65 	
17.58 	15.54 	
17.10 	15.31 	
18.02 	15.85 	
18.68 	16.46 	
18.20 	15.26 	
17.90 	15.30 	
18.54 	15.10 	
16.28 	15.04 	
18.14 	14.28 	
17.64 	14.59 	
18.00 	14.32 	
18.18 	14.37 	
17.74 	13.47 	
17.48 	14.62 	
18.87 	14.91 	
18.15 	13.98 	
18.85 	15.16 	
18.23 	15.12 	
17.49 	14.45 	
19.41 	14.58 	
18.75 	14.78 	
19.29 	14.86 	
18.79 	14.40 	
18.79 	15.14 	
18.21 	14.81 	
18.06 	14.67 	
18.04 	14.52 	
18.82 	14.32 	
18.92 	15.29 	
17.92 	14.70 	
18.40 	14.47 	
18.06 	14.64 	
18.52 	14.68 	
18.43 	15.36 	
18.45 	14.93 	
19.38 	14.53 	
18.74 	14.98 	
19.03 	14.89 	
18.67 	14.26 	
18.72 	14.71 	
19.12 	15.92 	
19.98 	15.01 	
19.34 	15.33 	
19.81 	14.41 	
18.74 	15.16 	
17.80 	15.14 	
20.13 	15.05 	
19.62 	14.60 	
18.67 	15.00 	
19.16 	15.14 	
19.05 	15.61 	
19.34 	15.35 	
20.78 	15.76 	
18.91 	15.27 	
18.90 	14.43 	
20.06 	14.24 	
18.98 	15.47 	
18.78 	14.57 	
19.52 	14.22 	
18.91 	13.22 	
19.15 	15.21 	
19.43 	14.67 	
19.93 	15.04 	
19.96 	14.84 	
17.98 	14.45 	
18.51 	14.90 	
18.08 	14.60 	
18.58 	14.43 	
17.92 	14.49 	
18.84 	14.00 	
17.87 	14.38 	
18.24 	13.95 	
18.49 	15.17 	
18.11 	14.84 	
18.12 	14.67 	
19.05 	14.15 	
19.82 	13.44 	
18.64 	14.38 	
18.98 	15.38 	
18.98 	14.85 	
18.79 	15.28 	
19.04 	14.98 	
18.83 	15.12 	
19.21 	15.20 	
18.72 	14.94 	
18.53 	14.87 	
18.76 	15.16 	
19.53 	14.91 	
18.50 	14.55 	
20.36 	14.67 	
19.58 	14.25 	
19.43 	14.89 	
19.76 	14.43 	
18.56 	14.53 	
19.09 	15.51 	
20.35 	15.19 	
19.47 	14.89 	
20.14 	14.84 	
19.53 	14.88 	
18.56 	14.28 	
19.13 	14.46 	
20.03 	14.58 	
20.69 	14.43 	
18.74 	14.63 	
19.00 	14.78 	
18.88 	14.89 	
18.77 	15.49 	
19.21 	15.01 	
19.33 	14.62 	
19.20 	15.47 	
18.21 	14.27 	
19.75 	14.98 	
19.20 	14.64 	
18.26 	15.16 	
19.21 	14.48 	
18.11 	14.45 	
19.03 	14.80 	
18.88 	13.96 	
19.25 	14.62 	
19.42 	14.33 	
19.50 	14.06 	
19.77 	14.67 	
19.91 	14.64 	
19.96 	15.01 	
19.27 	15.36 	
19.39 	13.68 	
18.69 	14.83 	
19.72 	15.12 	
18.70 	14.77 	
18.43 	14.38 	
18.63 	14.75 	
19.04 	15.27 	
20.10 	14.27 	
20.11 	14.34 	
19.34 	14.84 	
18.72 	14.77 	
19.31 	14.63 	
20.36 	15.01 	
19.12 	14.67 	
19.28 	13.75 	
19.39 	14.05 	
18.00 	14.44 	
18.81 	13.77 	
18.90 	13.47 	
17.94 	13.84 	
18.34 	14.23 	
19.43 	13.70 	
20.22 	14.31 	
19.85 	13.21 	
19.90 	14.11 	
19.00 	13.67 	
17.15 	13.38 	
18.18 	13.47 	
19.09 	13.06 	
18.66 	14.11 	
17.65 	13.61 	
17.89 	14.67 	
18.66 	13.87 	
19.21 	14.09 	
18.17 	13.10 	
18.97 	14.12 	
18.54 	13.62 	
18.44 	14.43 	
17.97 	12.98 	
17.93 	12.98 	
17.48 	13.12 	
18.60 	12.99 	
18.31 	13.32 	
18.98 	13.41 	
18.62 	13.45 	
18.59 	14.14 	
18.69 	14.57 	
19.26 	14.28 	
19.22 	13.71 	
17.96 	13.38 	
17.69 	14.18 	
17.49 	14.16 	
17.84 	13.81 	
18.20 	14.07 	
18.51 	12.78 	
17.74 	13.12 	
17.82 	14.13 	
18.56 	12.85 	
18.38 	13.94 	
18.91 	14.32 	
17.88 	14.57 	
17.21 	14.05 	
18.22 	13.15 	
17.34 	14.00 	
18.05 	14.98 	
17.67 	13.94 	
18.13 	13.43 	
18.16 	14.09 	
18.12 	13.62 	
17.83 	14.74 	
18.83 	14.03 	
18.74 	13.62 	
19.82 	14.02 	
17.52 	13.96 	
18.08 	13.98 	
17.66 	14.33 	
18.44 	13.85 	
18.83 	13.72 	
18.30 	14.69 	
18.92 	15.01 	
17.95 	14.27 	
19.32 	14.26 	
17.97 	14.02 	
17.75 	13.60 	
18.51 	14.03 	
18.76 	14.33 	
18.94 	14.36 	
17.99 	13.90 	
18.53 	14.00 	
18.79 	14.46 	
18.00 	15.07 	
17.90 	15.08 	
18.71 	15.12 	
18.44 	14.49 	
18.77 	14.82 	
18.95 	14.82 	
18.70 	14.72 	
18.43 	14.79 	
18.71 	14.64 	
18.93 	14.70 	
18.81 	14.60 	
18.72 	14.36 	
17.97 	14.50 	
18.49 	14.18 	
17.89 	14.21 	
18.57 	14.82 	
18.87 	14.11 	
18.99 	14.53 	
18.31 	14.43 	
18.30 	14.66 	
18.69 	13.66 	
18.73 	14.89 	
17.79 	13.67 	
17.82 	14.50 	
18.41 	14.57 	
18.97 	14.69 	
18.35 	13.53 	
18.59 	14.32 	
18.00 	14.43 	
18.38 	14.03 	
17.74 	14.79 	
18.75 	14.15 	
18.08 	13.85 	
18.76 	14.13 	
18.28 	14.54 	
17.51 	14.65 	
17.70 	14.33 	
17.12 	14.35 	
17.54 	14.12 	
18.46 	14.55 	
18.21 	13.28 	
19.31 	14.49 	
18.32 	14.00 	
18.26 	13.96 	
17.23 	14.59 	
17.80 	14.30 	
16.86 	12.99 	
16.59 	14.54 	
16.92 	13.31 	
16.65 	14.08 	
16.74 	14.01 	
16.38 	13.76 	
18.33 	13.18 	
17.49 	14.03 	
17.38 	13.89 	
18.40 	13.63 	
18.07 	14.45 	
16.53 	13.91 	
16.84 	14.26 	
17.54 	15.27 	
16.85 	14.21 	
16.99 	13.76 	
17.97 	14.36 	
17.90 	13.92 	
18.22 	14.38 	
17.16 	13.84 	
14.91 	13.92 	
15.61 	14.12 	
15.60 	14.38 	
16.26 	13.47 	
16.24 	14.59 	
16.57 	13.68 	
16.69 	14.21 	
15.90 	14.69 	
15.49 	13.83 	
15.76 	13.99 	
17.19 	13.81 	
17.11 	13.99 	
17.02 	14.16 	
17.56 	14.45 	
17.84 	14.86 	
17.05 	13.94 	
17.35 	13.92 	
18.23 	13.43 	
18.06 	13.83 	
17.36 	13.57 	
18.33 	13.73 	
17.97 	14.12 	
18.13 	14.34 	
17.99 	13.76 	
17.23 	14.26 	
19.32 	14.01 	
18.27 	13.68 	
17.86 	14.39 	
16.81 	14.48 	
18.24 	14.11 	
17.87 	13.57 	
18.56 	13.89 	
17.79 	13.28 	
18.01 	13.86 	
17.46 	13.54 	
17.55 	14.22 	
17.67 	14.22 	
18.27 	13.72 	
18.11 	13.92 	
17.65 	13.45 	
18.81 	14.25 	
17.52 	13.90 	
17.60 	13.86 	
18.72 	14.01 	
18.00 	13.73 	
18.24 	14.09 	
18.26 	13.88 	
18.50 	14.41 	
18.07 	14.69 	
17.81 	14.94 	
19.05 	14.11 	
19.23 	14.00 	
18.37 	14.45 	
18.87 	14.86 	
18.21 	13.68 	
17.51 	14.60 	
17.23 	13.75 	
18.12 	14.55 	
18.44 	14.55 	
18.49 	13.80 	
17.55 	14.33 	
16.92 	13.25 	
17.92 	13.75 	
17.06 	13.90 	
17.60 	13.62 	
17.55 	14.09 	
17.72 	13.99 	
18.02 	13.77 	
17.46 	14.36 	
17.17 	14.65 	
17.45 	14.39 	
17.66 	14.56 	
17.98 	14.33 	
17.58 	14.08 	
17.74 	13.94 	
17.80 	14.31 	
17.41 	13.77 	
17.43 	14.36 	
17.38 	14.32 	
18.18 	14.44 	
17.82 	14.01 	
17.75 	14.83 	
18.00 	14.82 	
17.39 	14.48 	
17.86 	13.81 	
17.93 	13.74 	
17.30 	14.55 	
17.97 	13.74 	
17.98 	14.41 	
18.52 	14.08 	
18.09 	13.90 	
17.38 	14.13 	
17.00 	13.72 	
18.19 	14.22 	
17.46 	13.98 	
18.08 	14.29 	
17.62 	13.99 	
17.65 	14.24 	
17.26 	13.98 	
17.31 	14.26 	
17.62 	13.97 	
17.78 	14.16 	
17.97 	13.92 	
17.52 	14.06 	
17.73 	14.09 	
17.08 	13.97 	
17.19 	13.87 	
17.98 	14.95 	
16.19 	14.16 	
16.85 	14.70 	
16.50 	14.05 	
17.37 	14.44 	
16.85 	15.09 	
16.65 	14.11 	
16.74 	13.83 	
17.26 	13.95 	
16.50 	14.19 	
16.04 	14.30 	
16.12 	14.11 	
15.59 	13.69 	
15.62 	14.24 	
16.72 	14.23 	
17.03 	14.46 	
16.69 	14.32 	
16.80 	14.09 	
16.55 	13.04 	
17.33 	14.18 	
17.67 	14.09 	
17.47 	14.52 	
18.85 	13.98 	
18.30 	14.12 	
17.97 	13.82 	
17.75 	13.41 	
17.25 	13.65 	
18.46 	14.02 	
16.85 	13.82 	
18.16 	14.32 	
17.77 	13.94 	
17.91 	14.12 	
17.56 	13.93 	
17.58 	13.02 	
16.58 	14.03 	
17.45 	14.03 	
17.96 	13.44 	
15.62 	14.45 	
16.82 	13.87 	
16.95 	13.58 	
18.46 	13.38 	
17.51 	13.95 	
16.90 	13.76 	
16.07 	14.03 	
17.76 	14.29 	
17.01 	14.54 	
17.57 	13.33 	
17.22 	13.50 	
17.45 	13.37 	
17.58 	14.00 	
16.46 	13.79 	
17.11 	14.10 	
16.78 	13.91 	
16.96 	14.48 	
17.21 	14.41 	
16.10 	14.08 	
17.42 	14.03 	
17.32 	13.62 	
17.08 	14.01 	
16.77 	13.48 	
17.42 	13.21 	
17.29 	13.99 	
17.86 	14.30 	
16.65 	14.23 	
17.37 	13.93 	
16.97 	14.31 	
17.86 	14.30 	
17.78 	14.39 	
17.56 	14.28 	
17.60 	13.83 	
17.64 	14.11 	
17.61 	13.71 	
17.86 	14.09 	
17.27 	14.32 	
16.93 	13.91 	
17.08 	14.09 	
17.71 	14.18 	
17.06 	14.19 	
17.55 	14.47 	
16.08 	14.54 	
17.00 	13.66 	
16.67 	14.10 	
16.47 	13.87 	
16.87 	14.62 	
16.91 	14.56 	
17.14 	14.11 	
18.29 	13.74 	
18.14 	13.78 	
17.84 	14.39 	
19.11 	14.90 	
18.41 	14.57 	
18.29 	14.21 	
17.45 	13.91 	
17.71 	14.36 	
18.16 	13.29 	
18.47 	14.53 	
18.60 	15.09 	
17.55 	13.75 	
17.43 	15.66 	
18.29 	14.93 	
18.24 	14.93 	
18.14 	14.48 	
17.15 	14.03 	
16.96 	14.21 	
17.52 	14.45 	
17.30 	14.85 	
16.91 	13.80 	
18.20 	15.37 	
16.44 	14.84 	
17.71 	14.98 	
16.59 	15.80 	
17.74 	14.35 	
17.23 	14.63 	
18.08 	14.95 	
17.16 	14.94 	
16.37 	13.88 	
17.03 	14.29 	
16.66 	15.02 	
17.04 	14.22 	
16.97 	14.97 	
17.13 	15.08 	
17.08 	15.20 	
16.91 	14.70 	
16.27 	15.28 	
17.50 	14.75 	
16.83 	14.52 	
17.63 	14.62 	
17.24 	13.84 	
17.57 	14.74 	
16.61 	15.54 	
15.18 	14.90 	
17.92 	14.88 	
18.59 	14.94 	
17.38 	14.42 	
17.39 	14.74 	
16.91 	14.47 	
16.31 	14.28 	
16.78 	14.43 	
17.58 	14.37 	
17.48 	15.20 	
18.47 	14.40 	
17.38 	14.37 	
17.04 	14.58 	
16.27 	15.08 	
16.86 	14.71 	
16.68 	14.68 	
17.22 	14.95 	
17.11 	16.24 	
16.89 	15.35 	
17.26 	14.65 	
17.30 	14.66 	
18.28 	14.87 	
16.94 	14.38 	
17.41 	12.83 	
17.95 	13.56 	
16.76 	14.03 	
17.12 	14.21 	
17.46 	14.07 	
17.53 	15.02 	
17.14 	14.08 	
16.77 	14.93 	
16.65 	14.19 	
16.31 	15.07 	
16.48 	14.75 	
16.76 	14.13 	
16.29 	15.27 	
16.81 	15.29 	
17.89 	14.59 	
16.51 	14.73 	
16.58 	15.31 	
16.23 	13.93 	
16.50 	14.15 	
16.44 	14.61 	
16.89 	14.03 	
15.96 	14.30 	
17.28 	14.81 	
16.54 	14.00 	
16.67 	13.82 	
15.99 	13.99 	
16.56 	14.45 	
15.79 	14.83 	
15.47 	14.12 	
16.82 	14.17 	
15.97 	13.91 	
16.28 	13.90 	
17.09 	13.68 	
16.54 	14.66 	
16.38 	14.91 	
16.81 	14.51 	
16.10 	14.50 	
16.36 	14.00 	
15.64 	14.64 	
16.65 	14.51 	
17.00 	14.32 	
15.60 	15.09 	
16.72 	14.44 	
16.99 	14.31 	
16.91 	14.35 	
16.66 	14.65 	
17.01 	13.71 	
15.64 	14.28 	
16.67 	14.45 	
16.79 	14.47 	
16.12 	14.03 	
16.38 	14.69 	
15.66 	13.87 	
16.03 	14.55 	
16.17 	14.44 	
17.11 	15.08 	
16.28 	14.39 	
16.92 	13.77 	
16.87 	14.59 	
16.57 	14.64 	
16.68 	14.40 	
15.36 	15.01 	
15.98 	15.10 	
16.20 	14.41 	
16.14 	14.28 	
16.09 	14.72 	
15.47 	15.02 	
16.75 	14.41 	
16.62 	15.32 	
16.23 	15.10 	
16.19 	13.29 	
16.49 	14.19 	
16.35 	14.49 	
17.23 	14.65 	
17.04 	14.03 	
17.13 	14.48 	
16.63 	14.07 	
16.20 	14.22 	
16.74 	14.63 	
17.25 	14.49 	
16.54 	14.81 	
16.99 	14.56 	
14.92 	13.92 	
15.50 	14.29 	
15.91 	14.79 	
15.26 	12.81 	
16.09 	14.41 	
16.01 	14.42 	
15.65 	14.27 	
15.44 	13.69 	
15.98 	14.05 	
15.75 	14.27 	
15.36 	13.11 	
16.34 	14.80 	
16.62 	14.24 	
16.38 	14.68 	
16.09 	14.38 	
15.54 	14.31 	
16.23 	14.96 	
16.12 	14.71 	
17.08 	14.15 	
17.32 	14.04 	
16.62 	14.42 	
16.70 	14.81 	
15.84 	14.92 	
15.43 	14.36 	
16.07 	14.41 	
15.80 	13.91 	
15.93 	14.17 	
16.57 	14.07 	
16.58 	14.23 	
16.03 	13.85 	
17.64 	14.25 	
16.33 	14.50 	
14.53 	13.82 	
15.84 	14.39 	
17.52 	13.83 	
16.53 	14.20 	
16.52 	13.68 	
16.81 	13.70 	
15.80 	13.39 	
15.28 	14.11 	
17.07 	13.81 	
17.14 	13.66 	
17.39 	13.89 	
16.44 	14.26 	
17.03 	14.65 	
16.70 	14.26 	
16.43 	13.73 	
17.18 	13.99 	
17.27 	14.15 	
16.75 	13.98 	
16.89 	13.82 	
17.21 	14.90 	
16.09 	14.13 	
15.71 	13.89 	
15.80 	13.88 	
16.45 	13.62 	
16.85 	13.76 	
16.44 	14.17 	
16.15 	14.40 	
15.90 	14.01 	
16.78 	14.26 	
16.40 	13.65 	
16.99 	13.40 	
17.04 	13.88 	
17.39 	14.31 	
15.97 	14.38 	
17.46 	14.06 	
17.08 	14.03 	
16.96 	14.79 	
15.53 	15.17 	
16.00 	14.41 	
16.93 	15.08 	
16.26 	13.79 	
16.77 	14.65 	
16.29 	15.11 	
16.73 	14.28 	
17.35 	14.52 	
17.55 	15.07 	
16.79 	14.08 	
17.17 	14.67 	
16.03 	14.73 	
16.28 	14.60 	
16.79 	14.87 	
17.31 	15.28 	
16.28 	14.85 	
16.52 	14.39 	
16.40 	14.17 	
16.61 	15.52 	
16.54 	14.76 	
16.21 	15.00 	
16.27 	14.28 	
17.21 	13.76 	
17.61 	13.49 	
16.82 	14.25 	
17.53 	14.58 	
16.91 	13.77 	
16.62 	13.61 	
17.83 	14.66 	
17.14 	13.82 	
17.93 	14.32 	
17.20 	14.49 	
16.69 	14.33 	
16.08 	14.73 	
16.00 	15.40 	
14.96 	15.47 	
15.79 	14.28 	
16.00 	14.62 	
15.45 	13.69 	
15.69 	14.10 	
15.67 	14.64 	
16.05 	13.58 	
16.90 	14.11 	
17.40 	14.01 	
17.52 	14.12 	
16.68 	14.17 	
16.93 	13.69 	
16.09 	13.46 	
16.90 	14.12 	
16.07 	14.34 	
16.17 	13.37 	
16.09 	14.53 	
17.11 	14.06 	
16.79 	13.93 	
17.48 	13.81 	
17.12 	13.80 	
17.10 	13.44 	
16.65 	13.46 	
17.17 	14.87 	
17.20 	14.94 	
16.37 	14.89 	
16.94 	14.32 	
17.68 	14.12 	
17.41 	14.25 	
17.15 	14.39 	
17.56 	14.33 	
16.93 	14.07 	
16.60 	14.25 	
17.02 	14.55 	
17.41 	14.27 	
17.16 	14.56 	
16.60 	14.80 	
16.42 	14.51 	
17.03 	14.49 	
16.33 	15.01 	
17.19 	14.25 	
17.68 	13.98 	
16.64 	15.42 	
16.69 	14.45 	
16.66 	14.99 	
16.84 	13.98 	
17.47 	14.83 	
17.34 	14.43 	
16.51 	15.42 	
16.40 	14.60 	
17.57 	14.02 	
17.39 	14.32 	
17.82 	14.43 	
17.38 	14.09 	
17.28 	14.01 	
17.42 	14.11 	
17.78 	14.02 	
17.85 	14.01 	
17.29 	13.89 	
17.42 	14.10 	
17.76 	14.08 	
17.43 	14.23 	
17.66 	14.28 	
17.27 	14.45 	
17.46 	14.25 	
18.02 	15.37 	
17.49 	14.85 	
17.36 	15.72 	
17.44 	14.61 	
17.07 	14.40 	
18.82 	15.07 	
17.37 	15.16 	
18.58 	14.96 	
16.92 	14.84 	
17.57 	15.04 	
18.06 	15.50 	
17.64 	14.23 	
17.44 	14.18 	
16.87 	14.32 	
16.41 	14.34 	
18.34 	13.94 	
18.08 	14.41 	
17.61 	14.24 	
17.38 	14.10 	
17.18 	14.14 	
18.09 	14.51 	
17.15 	15.03 	
17.38 	14.75 	
17.26 	14.73 	
17.97 	15.00 	
18.07 	14.78 	
17.71 	15.19 	
16.62 	14.41 	
17.32 	15.44 	
17.62 	14.53 	
17.30 	14.90 	
17.44 	15.04 	
17.02 	14.83 	
17.47 	14.54 	
16.62 	13.75 	
17.77 	14.00 	
16.92 	14.73 	
17.04 	14.38 	
16.68 	13.47 	
17.30 	13.55 	
17.83 	14.18 	
17.98 	13.40 	
17.83 	14.40 	
16.83 	13.15 	
17.06 	14.39 	
17.09 	13.52 	
17.75 	15.16 	
17.40 	13.88 	
17.98 	13.85 	
17.32 	14.84 	
17.28 	14.66 	
16.50 	15.42 	
16.58 	14.31 	
16.54 	14.71 	
15.75 	14.34 	
16.05 	14.13 	
16.93 	14.91 	
17.03 	15.06 	
16.03 	14.65 	
16.78 	14.73 	
16.02 	14.66 	
16.53 	14.76 	
15.65 	15.20 	
17.87 	14.59 	
17.20 	14.50 	
17.47 	14.14 	
17.27 	13.94 	
17.11 	14.47 	
17.61 	14.71 	
17.20 	14.84 	
18.43 	15.59 	
16.95 	15.13 	
16.37 	14.72 	
17.51 	14.51 	
17.22 	14.54 	
16.86 	15.10 	
16.08 	15.77 	
16.37 	15.05 	
17.04 	14.86 	
17.06 	15.10 	
16.28 	15.54 	
17.25 	14.95 	
16.46 	15.43 	
15.94 	14.23 	
16.38 	15.02 	
16.69 	15.22 	
17.19 	14.59 	
16.93 	14.52 	
16.90 	14.95 	
17.54 	14.90 	
17.18 	15.77 	
16.78 	13.86 	
16.74 	15.19 	
17.12 	14.78 	
16.79 	15.61 	
16.85 	14.73 	
17.34 	14.48 	
17.09 	14.87 	
17.96 	14.66 	
15.93 	13.90 	
16.71 	14.94 	
16.59 	15.02 	
17.23 	15.03 	
17.13 	15.32 	
17.32 	14.77 	
17.00 	15.47 	
17.38 	15.31 	
17.28 	15.23 	
16.69 	14.83 	
16.31 	15.81 	
16.87 	15.90 	
16.55 	14.65 	
16.32 	14.48 	
16.25 	14.01 	
15.98 	14.73 	
15.33 	14.07 	
16.37 	14.81 	
16.45 	15.22 	
16.60 	15.38 	
16.78 	15.56 	
16.54 	14.69 	
15.97 	15.00 	
16.98 	15.18 	
16.81 	14.13 	
16.15 	13.37 	
16.21 	14.75 	
15.73 	14.83 	
15.98 	15.55 	
15.23 	14.18 	
16.19 	14.93 	
16.44 	14.89 	
16.33 	14.54 	
15.96 	15.07 	
15.76 	15.36 	
16.11 	14.75 	
16.43 	14.72 	
15.37 	14.95 	
15.77 	14.94 	
15.15 	15.87 	
16.51 	15.50 	
16.89 	15.19 	
16.84 	14.68 	
16.65 	13.65 	
16.55 	14.57 	
16.22 	14.52 	
16.61 	14.96 	
16.46 	14.46 	
16.48 	14.35 	
16.20 	14.30 	
16.76 	14.65 	
17.18 	14.91 	
16.81 	13.89 	
17.43 	14.67 	
16.33 	14.91 	
16.18 	14.67 	
15.10 	14.39 	
14.65 	14.50 	
14.83 	14.41 	
16.19 	14.37 	
16.42 	14.58 	
16.29 	15.00 	
16.16 	14.23 	
15.59 	14.22 	
15.41 	14.07 	
16.40 	13.80 	
15.07 	14.46 	
16.22 	13.98 	
15.50 	14.45 	
16.49 	14.21 	
17.03 	14.24 	
15.90 	13.92 	
15.33 	14.54 	
15.94 	14.40 	
15.71 	14.91 	
15.81 	14.23 	
16.14 	13.95 	
16.07 	14.95 	
16.30 	14.32 	
15.71 	14.61 	
17.23 	14.91 	
16.72 	14.90 	
15.42 	14.60 	
16.48 	14.49 	
16.19 	15.19 	
15.19 	14.63 	
14.92 	15.37 	
15.28 	14.13 	
15.09 	14.99 	
14.92 	15.24 	
14.66 	14.96 	
15.31 	14.29 	
15.72 	15.28 	
15.12 	14.10 	
15.58 	14.40 	
15.76 	14.94 	
16.77 	14.71 	
17.16 	14.58 	
17.73 	14.11 	
17.02 	14.99 	
16.83 	14.46 	
16.60 	13.93 	
16.52 	15.28 	
15.96 	14.34 	
17.28 	15.04 	
16.34 	15.01 	
16.68 	15.98 	
17.25 	14.79 	
16.39 	14.84 	
17.53 	14.11 	
16.30 	13.98 	
16.83 	14.53 	
15.86 	14.68 	
15.27 	14.64 	
16.86 	13.96 	
15.41 	14.44 	
15.32 	15.31 	
15.52 	15.60 	
16.00 	15.13 	
16.43 	15.28 	
16.97 	14.79 	
16.90 	14.93 	
15.64 	14.84 	
16.26 	15.21 	
16.80 	14.43 	
17.53 	14.25 	
15.65 	15.86 	
17.02 	15.09 	
17.05 	15.46 	
16.22 	15.08 	
15.45 	14.69 	
16.31 	14.85 	
16.54 	15.80 	
16.77 	15.12 	
16.33 	15.17 	
16.72 	15.42 	
16.73 	15.10 	
16.67 	14.53 	
17.51 	14.49 	
16.71 	14.88 	
16.58 	14.15 	
16.84 	14.61 	
16.92 	14.92 	
16.10 	15.07 	
16.89 	14.91 	
16.67 	14.45 	
17.17 	14.56 	
16.53 	14.22 	
16.98 	14.31 	
16.66 	14.66 	
16.49 	13.96 	
17.00 	15.17 	
17.21 	14.56 	
16.05 	15.05 	
17.41 	14.95 	
17.81 	14.80 	
17.59 	14.50 	
17.65 	15.20 	
15.74 	15.21 	
16.25 	15.08 	
15.10 	15.18 	
15.56 	14.65 	
16.06 	13.93 	
15.58 	14.31 	
15.80 	13.67 	
15.47 	13.77 	
16.64 	14.36 	
14.64 	15.19 	
16.62 	14.66 	
17.59 	15.19 	
17.16 	14.62 	
17.10 	14.38 	
16.81 	14.21 	
16.72 	14.69 	
17.63 	14.34 	
17.57 	14.30 	
16.85 	14.08 	
16.16 	13.99 	
16.92 	15.90 	
16.38 	14.96 	
17.82 	13.95 	
16.88 	14.72 	
17.16 	13.79 	
15.82 	14.30 	
16.73 	14.56 	
17.38 	15.09 	
17.79 	15.07 	
16.87 	15.42 	
17.26 	14.02 	
17.16 	14.34 	
17.62 	14.44 	
16.56 	14.18 	
17.50 	14.58 	
17.86 	15.17 	
18.82 	15.00 	
17.30 	14.34 	
17.15 	14.49 	
17.63 	14.00 	
17.09 	14.48 	
17.30 	14.17 	
17.21 	14.25 	
16.76 	13.73 	
17.65 	14.23 	
17.43 	14.58 	
17.04 	13.84 	
17.50 	15.14 	
17.76 	14.47 	
17.07 	15.05 	
16.94 	13.94 	
17.06 	14.69 	
16.91 	14.85 	
16.41 	13.41 	
16.89 	13.98 	
16.09 	14.22 	
17.83 	13.97 	
17.28 	14.05 	
17.75 	13.71 	
17.58 	14.02 	
17.09 	14.14 	
17.50 	13.60 	
16.86 	13.54 	
17.48 	14.06 	
17.24 	14.61 	
17.72 	14.17 	
16.92 	14.28 	
17.17 	14.19 	
17.97 	14.46 	
16.14 	14.32 	
16.88 	14.39 	
16.17 	14.69 	
16.98 	13.69 	
16.76 	13.98 	
17.17 	14.03 	
17.31 	14.11 	
17.82 	14.82 	
17.60 	14.05 	
17.69 	14.65 	
17.23 	14.37 	
17.17 	14.08 	
18.03 	13.92 	
18.30 	14.77 	
16.30 	15.13 	
15.95 	14.67 	
18.30 	14.48 	
18.47 	13.59 	
17.81 	15.07 	
18.73 	15.27 	
17.28 	14.39 	
17.34 	14.59 	
17.21 	13.87 	
17.19 	14.16 	
17.75 	13.69 	
17.16 	13.35 	
18.35 	13.94 	
18.22 	14.53 	
18.47 	14.08 	
19.95 	14.58 	
19.34 	14.43 	
19.42 	14.34 	
19.99 	14.98 	
19.25 	14.05 	
20.02 	14.39 	
19.38 	13.48 	
19.13 	13.80 	
19.34 	14.17 	
19.07 	14.48 	
19.18 	14.85 	
19.65 	14.92 	
20.23 	15.15 	
19.11 	14.20 	
19.68 	14.11 	
19.78 	13.76 	
19.66 	13.85 	
19.97 	14.45 	
20.26 	14.57 	
20.35 	13.73 	
18.59 	13.66 	
20.31 	14.32 	
19.54 	14.10 	
19.47 	14.58 	
18.84 	13.82 	
19.91 	14.38 	
19.59 	14.11 	
18.77 	14.63 	
20.66 	14.75 	
19.96 	13.45 	
19.08 	13.45 	
19.12 	12.83 	
19.74 	13.80 	
19.57 	14.42 	
19.64 	14.60 	
19.64 	14.33 	
19.35 	15.13 	
19.38 	14.47 	
20.33 	14.02 	
18.80 	13.68 	
19.62 	14.39 	
20.12 	15.29 	
19.93 	14.13 	
19.82 	14.19 	
20.14 	14.19 	
19.47 	14.07 	
18.74 	13.73 	
17.67 	14.18 	
19.10 	14.29 	
19.06 	14.22 	
19.07 	14.27 	
18.97 	14.50 	
19.36 	13.96 	
18.76 	14.86 	
19.96 	14.46 	
19.01 	14.88 	
18.94 	14.64 	
19.33 	14.77 	
18.23 	14.34 	
19.97 	13.75 	
19.27 	14.35 	
19.56 	14.92 	
18.27 	14.26 	
19.67 	14.22 	
19.86 	15.28 	
19.83 	14.75 	
19.23 	14.57 	
18.51 	14.84 	
19.66 	14.66 	
19.54 	14.02 	
20.56 	15.29 	
19.87 	14.70 	
19.93 	14.60 	
19.67 	14.53 	
19.99 	13.84 	
19.98 	14.19 	
19.10 	15.03 	
19.50 	14.70 	
18.24 	14.18 	
18.79 	14.27 	
19.31 	14.10 	
18.73 	15.13 	
18.16 	14.01 	
17.54 	14.85 	
18.05 	14.71 	
18.10 	14.84 	
18.60 	14.48 	
18.99 	14.65 	
18.08 	14.62 	
19.37 	15.43 	
19.31 	15.53 	
19.06 	15.87 	
17.45 	14.50 	
17.90 	15.10 	
17.16 	15.04 	
18.10 	13.89 	
18.37 	13.99 	
18.46 	15.11 	
19.61 	14.32 	
16.68 	14.51 	
18.36 	14.21 	
19.57 	15.17 	
19.57 	14.48 	
19.58 	15.26 	
19.52 	15.09 	
20.02 	13.66 	
20.38 	15.68 	
18.69 	14.27 	
17.95 	15.49 	
17.43 	15.48 	
16.86 	13.94 	
17.84 	14.52 	
17.08 	15.17 	
15.62 	14.49 	
17.24 	14.96 	
16.46 	14.82 	
17.20 	14.88 	
16.04 	14.38 	
16.61 	14.59 	
15.88 	15.38 	
16.58 	15.00 	
16.59 	16.40 	
17.74 	14.97 	
17.94 	15.39 	
17.58 	15.66 	
17.14 	15.24 	
17.65 	16.64 	
16.97 	15.58 	
17.51 	14.31 	
16.73 	15.08 	
17.65 	14.78 	
18.19 	15.12 	
18.30 	15.14 	
16.44 	14.73 	
18.03 	15.70 	
19.57 	14.51 	
19.28 	14.07 	
19.33 	14.88 	
16.25 	14.78 	
17.55 	14.61 	
17.52 	15.13 	
16.41 	15.79 	
17.04 	15.00 	
17.51 	14.97 	
16.96 	15.40 	
16.21 	15.31 	
17.06 	15.10 	
17.38 	15.05 	
16.75 	15.10 	
16.79 	14.62 	
17.15 	14.72 	
17.01 	15.48 	
14.92 	14.89 	
15.53 	14.44 	
15.97 	14.89 	
16.24 	14.19 	
16.51 	14.58 	
16.27 	15.00 	
15.85 	15.18 	
15.82 	14.80 	
16.64 	15.19 	
17.00 	15.76 	
16.83 	14.47 	
19.30 	15.00 	
16.69 	14.46 	
18.17 	15.38 	
18.12 	14.71 	
18.63 	15.53 	
17.94 	14.67 	
18.84 	14.94 	
18.11 	15.14 	
18.52 	15.03 	
19.12 	14.74 	
18.59 	14.51 	
17.61 	15.33 	
17.50 	14.92 	
19.50 	14.63 	
16.91 	13.79 	
19.18 	14.63 	
18.25 	15.00 	
17.67 	15.05 	
18.02 	14.38 	
18.34 	14.93 	
18.22 	14.86 	
19.11 	15.26 	
18.72 	15.38 	
18.32 	14.03 	
18.73 	14.53 	
18.57 	14.11 	
19.66 	15.23 	
19.32 	14.95 	
20.67 	14.80 	
20.17 	14.48 	
20.17 	15.14 	
19.68 	14.61 	
20.37 	15.33 	
17.64 	16.13 	
18.96 	15.66 	
17.81 	14.53 	
18.22 	15.11 	
18.76 	15.40 	
18.28 	15.47 	
18.22 	15.23 	
19.23 	14.65 	
19.55 	15.35 	
18.15 	14.81 	
19.96 	15.37 	
19.53 	14.12 	
19.20 	14.43 	
19.62 	15.11 	
20.35 	15.50 	
18.45 	14.60 	
19.69 	13.42 	
19.40 	14.84 	
20.11 	14.85 	
21.58 	14.10 	
20.00 	14.91 	
20.08 	14.77 	
19.75 	14.73 	
20.31 	15.06 	
20.32 	14.99 	
19.89 	15.62 	
21.09 	15.54 	
19.62 	15.19 	
19.72 	15.22 	
19.29 	15.35 	
20.69 	14.72 	
19.52 	14.50 	
20.95 	15.19 	
19.26 	16.02 	
18.12 	14.96 	
20.58 	15.25 	
20.41 	16.31 	
20.09 	15.07 	
19.62 	13.81 	
21.72 	15.15 	
22.15 	15.24 	
22.02 	15.31 	
22.34 	15.20 	
22.96 	15.86 	
21.73 	15.37 	
20.06 	15.16 	
20.68 	14.56 	
21.58 	15.78 	
22.43 	15.85 	
20.03 	16.21 	
18.43 	15.00 	
19.07 	14.80 	
19.73 	15.67 	
19.59 	15.67 	
19.05 	15.60 	
17.40 	13.82 	
18.82 	15.06 	
18.63 	13.70 	
18.08 	13.11 	
19.95 	13.44 	
19.27 	14.41 	
20.32 	14.90 	
18.38 	14.30 	
17.44 	14.07 	
18.69 	14.34 	
19.74 	14.42 	
19.73 	13.71 	
19.56 	13.75 	
19.72 	14.48 	
18.88 	13.92 	
18.71 	14.95 	
18.03 	14.04 	
19.18 	13.61 	
18.40 	12.92 	
19.69 	13.98 	
18.74 	14.00 	
19.03 	14.14 	
19.37 	14.23 	
19.39 	14.10 	
19.82 	13.83 	
19.64 	14.41 	
20.49 	13.79 	
18.58 	13.98 	
20.35 	13.62 	
19.29 	14.08 	
16.53 	14.24 	
20.80 	14.55 	
21.03 	14.21 	
19.74 	13.90 	
20.26 	14.12 	
19.66 	14.11 	
19.81 	14.41 	
20.81 	14.64 	
20.67 	14.11 	
20.96 	13.90 	
20.46 	14.00 	
21.37 	14.73 	
20.43 	14.14 	
20.61 	14.62 	
21.28 	13.38 	
20.97 	14.62 	
19.93 	14.71 	
19.40 	14.24 	
19.80 	14.98 	
20.13 	14.24 	
20.04 	14.64 	
20.92 	14.43 	
19.87 	13.99 	
20.47 	13.98 	
20.65 	13.52 	
20.94 	13.75 	
19.70 	12.93 	
20.44 	13.64 	
18.78 	13.80 	
19.51 	13.22 	
20.00 	14.05 	
19.68 	14.06 	
19.55 	13.45 	
19.34 	13.89 	
18.01 	13.60 	
18.64 	14.09 	
18.97 	13.24 	
19.26 	13.46 	
18.49 	13.42 	
18.77 	13.18 	
18.39 	13.74 	
19.05 	13.81 	
20.33 	13.83 	
19.55 	14.91 	
19.82 	14.31 	
18.53 	12.77 	
18.72 	12.76 	
18.10 	13.61 	
20.46 	13.92 	
20.79 	13.12 	
19.66 	13.39 	
18.55 	13.49 	
18.22 	12.87 	
19.12 	13.85 	
18.72 	14.05 	
18.45 	14.85 	
19.05 	13.97 	
18.47 	14.73 	
18.48 	13.75 	
19.78 	14.03 	
19.21 	14.32 	
18.17 	14.08 	
18.56 	13.81 	
18.68 	14.05 	
17.62 	13.75 	
18.19 	13.61 	
18.90 	13.46 	
17.76 	14.23 	
18.59 	14.33 	
18.70 	13.83 	
17.88 	13.85 	
18.94 	13.85 	
18.46 	14.60 	
20.15 	14.01 	
20.10 	14.44 	
18.62 	13.86 	
20.02 	13.55 	
17.67 	13.26 	
17.18 	13.94 	
17.02 	14.03 	
16.61 	14.08 	
15.80 	14.58 	
18.21 	13.17 	
19.61 	13.73 	
19.60 	13.67 	
19.74 	14.06 	
18.74 	14.96 	
21.27 	14.54 	
20.21 	13.24 	
21.39 	13.87 	
17.85 	13.77 	
18.24 	13.87 	
19.27 	13.61 	
20.22 	13.49 	
19.46 	13.56 	
20.67 	12.40 	
19.64 	12.40 	
20.14 	13.20 	
20.67 	12.96 	
18.94 	13.24 	
19.99 	11.93 	
