4.255163073539733887e-01
2.985366582870483398e-01
2.317118346691131592e-01
1.563497930765151978e-01
2.138474434614181519e-01
2.731239497661590576e-01
2.280878871679306030e-01
2.043073475360870361e-01
2.824459075927734375e-01
3.164720833301544189e-01
2.822031378746032715e-01
2.641776204109191895e-01
2.987824082374572754e-01
3.287417292594909668e-01
4.097512960433959961e-01
6.465417742729187012e-01
7.188344001770019531e-01
8.645964264869689941e-01
9.006783962249755859e-01
8.995773792266845703e-01
8.773355484008789062e-01
7.232406735420227051e-01
5.992832779884338379e-01
6.144800782203674316e-01
6.465616226196289062e-01
6.513022780418395996e-01
5.370587706565856934e-01
4.416048228740692139e-01
3.828842043876647949e-01
3.760189414024353027e-01
3.506773710250854492e-01
3.653346598148345947e-01
3.089802265167236328e-01
3.067328631877899170e-01
2.855930328369140625e-01
2.901039421558380127e-01
3.076456189155578613e-01
3.006078898906707764e-01
3.308424651622772217e-01
3.007383942604064941e-01
2.513439357280731201e-01
3.355095684528350830e-01
3.569453656673431396e-01
3.583926856517791748e-01
3.565584719181060791e-01
2.550636827945709229e-01
2.053392231464385986e-01
1.157245934009552002e-01
1.122330576181411743e-01
1.115702614188194275e-01
1.068179309368133545e-01
1.096893027424812317e-01
1.150253191590309143e-01
1.305754333734512329e-01
1.824137121438980103e-01
2.486951053142547607e-01
2.447434812784194946e-01
1.853442192077636719e-01
1.766438633203506470e-01
1.419542580842971802e-01
1.304010450839996338e-01
1.155163198709487915e-01
9.012869745492935181e-02
7.737821340560913086e-02
8.796747773885726929e-02
1.041832342743873596e-01
1.347379088401794434e-01
1.749132871627807617e-01
2.106485515832901001e-01
2.805896699428558350e-01
2.790643572807312012e-01
2.567373514175415039e-01
2.226902246475219727e-01
2.006499618291854858e-01
1.759482026100158691e-01
1.720727533102035522e-01
1.867457330226898193e-01
2.086290717124938965e-01
2.854179143905639648e-01
2.997743189334869385e-01
2.264132350683212280e-01
2.381192594766616821e-01
2.322484403848648071e-01
2.121341228485107422e-01
2.764853239059448242e-01
2.740263640880584717e-01
