8.149497509002685547e-01
6.718967556953430176e-01
6.487132906913757324e-01
5.162798762321472168e-01
3.715939223766326904e-01
3.255762159824371338e-01
3.594305515289306641e-01
3.805948197841644287e-01
2.894808948040008545e-01
2.406427860260009766e-01
1.668055206537246704e-01
1.460284739732742310e-01
1.814359277486801147e-01
2.361770421266555786e-01
2.032565921545028687e-01
2.324200868606567383e-01
1.644460707902908325e-01
1.280188411474227905e-01
1.166644394397735596e-01
9.926885366439819336e-02
1.196019202470779419e-01
1.582139432430267334e-01
1.457414478063583374e-01
1.328714191913604736e-01
1.735784113407135010e-01
1.929445266723632812e-01
3.033139705657958984e-01
3.710877597332000732e-01
3.083699345588684082e-01
2.908062338829040527e-01
2.020447552204132080e-01
2.224884778261184692e-01
2.605886161327362061e-01
2.093201428651809692e-01
3.897930383682250977e-01
3.257818520069122314e-01
2.371614426374435425e-01
2.434065937995910645e-01
1.957973688840866089e-01
1.338980048894882202e-01
1.154112815856933594e-01
1.541413515806198120e-01
1.954959481954574585e-01
2.234765738248825073e-01
1.714734286069869995e-01
1.214248687028884888e-01
1.741733551025390625e-01
1.839750707149505615e-01
1.692897826433181763e-01
2.162273526191711426e-01
