1.585077643394470215e-01
1.226209402084350586e-01
7.688377052545547485e-02
6.591206043958663940e-02
6.010807305574417114e-02
5.346936732530593872e-02
6.510708481073379517e-02
6.423442810773849487e-02
8.056514710187911987e-02
1.063762456178665161e-01
1.203978583216667175e-01
1.382544636726379395e-01
1.091358140110969543e-01
7.815936207771301270e-02
6.174784153699874878e-02
6.828083842992782593e-02
7.686885446310043335e-02
9.603077918291091919e-02
9.638606756925582886e-02
9.773492813110351562e-02
5.913402140140533447e-02
6.064782664179801941e-02
6.063327565789222717e-02
5.946645513176918030e-02
5.908722802996635437e-02
5.997458100318908691e-02
5.974186584353446960e-02
5.943930894136428833e-02
6.452304124832153320e-02
7.110858708620071411e-02
7.304646074771881104e-02
9.731328487396240234e-02
1.184518709778785706e-01
1.046753004193305969e-01
9.556582570075988770e-02
8.686275780200958252e-02
9.420825541019439697e-02
9.108664840459823608e-02
6.315051764249801636e-02
5.495565012097358704e-02
4.806879535317420959e-02
4.678640514612197876e-02
4.753723740577697754e-02
5.261624604463577271e-02
6.817319244146347046e-02
7.844832539558410645e-02
8.236680924892425537e-02
8.806761354207992554e-02
6.253302842378616333e-02
6.067159399390220642e-02
5.487126484513282776e-02
5.840983241796493530e-02
6.570830941200256348e-02
7.392707467079162598e-02
1.200393885374069214e-01
1.153519824147224426e-01
2.684641778469085693e-01
3.385982513427734375e-01
3.308782875537872314e-01
3.485532701015472412e-01
3.098102211952209473e-01
2.706419229507446289e-01
1.803026199340820312e-01
1.068812757730484009e-01
1.316910088062286377e-01
7.240864634513854980e-02
6.405804306268692017e-02
9.243592619895935059e-02
1.446999609470367432e-01
2.990399003028869629e-01
2.407751232385635376e-01
3.546273708343505859e-01
2.478112429380416870e-01
2.056335508823394775e-01
1.013901457190513611e-01
6.072886288166046143e-02
5.199940502643585205e-02
5.280209705233573914e-02
5.985150113701820374e-02
7.339290529489517212e-02
7.182811200618743896e-02
9.879455715417861938e-02
1.047975420951843262e-01
9.638965874910354614e-02
7.680454850196838379e-02
1.231853589415550232e-01
1.225667595863342285e-01
1.121581643819808960e-01
1.416401863098144531e-01
1.064737439155578613e-01
7.100818306207656860e-02
6.443344801664352417e-02
6.580781191587448120e-02
6.717034429311752319e-02
6.159771233797073364e-02
5.241602659225463867e-02
4.988516867160797119e-02
5.476849898695945740e-02
5.928958207368850708e-02
9.779491275548934937e-02
9.921748191118240356e-02
8.131293952465057373e-02
1.044458001852035522e-01
1.311022490262985229e-01
1.133778318762779236e-01
1.173656582832336426e-01
1.078639701008796692e-01
8.197148144245147705e-02
6.646608561277389526e-02
6.642150133848190308e-02
6.355287879705429077e-02
5.662947893142700195e-02
5.361270159482955933e-02
5.463466793298721313e-02
4.885116219520568848e-02
5.884120985865592957e-02
7.514572143554687500e-02
1.494287997484207153e-01
1.793455183506011963e-01
2.156400531530380249e-01
2.242371737957000732e-01
1.763285547494888306e-01
2.293015271425247192e-01
1.473981291055679321e-01
8.512935787439346313e-02
7.540996372699737549e-02
6.871681660413742065e-02
6.261137127876281738e-02
6.269101798534393311e-02
6.573736667633056641e-02
7.114982604980468750e-02
6.647253036499023438e-02
8.314471691846847534e-02
7.628332078456878662e-02
8.646155893802642822e-02
