1.474685966968536377e-01
1.392632573843002319e-01
1.192454546689987183e-01
1.132937446236610413e-01
9.965551644563674927e-02
1.004113927483558655e-01
8.701775968074798584e-02
8.997920900583267212e-02
9.168180078268051147e-02
9.894754737615585327e-02
1.173209995031356812e-01
1.253740191459655762e-01
1.332984268665313721e-01
1.234079748392105103e-01
1.052652969956398010e-01
1.210050135850906372e-01
1.207516491413116455e-01
9.679110348224639893e-02
9.821436554193496704e-02
1.153052896261215210e-01
1.059635579586029053e-01
9.395740926265716553e-02
1.089668720960617065e-01
1.111251562833786011e-01
9.542284905910491943e-02
1.068636700510978699e-01
1.179683655500411987e-01
1.068211719393730164e-01
9.975818544626235962e-02
1.198332011699676514e-01
1.264248788356781006e-01
1.146239861845970154e-01
1.187601611018180847e-01
1.440677940845489502e-01
1.613438576459884644e-01
1.453310996294021606e-01
1.519510447978973389e-01
1.645956337451934814e-01
1.592493057250976562e-01
1.332316398620605469e-01
1.304123997688293457e-01
1.196410506963729858e-01
1.219497919082641602e-01
1.163011863827705383e-01
1.180682629346847534e-01
1.195323169231414795e-01
1.276351362466812134e-01
1.468122303485870361e-01
1.543171107769012451e-01
1.697214543819427490e-01
2.292760014533996582e-01
3.504277765750885010e-01
3.907334804534912109e-01
4.828144311904907227e-01
4.363577365875244141e-01
4.618350565433502197e-01
5.120808482170104980e-01
5.726680159568786621e-01
6.702257394790649414e-01
7.626336812973022461e-01
7.131643295288085938e-01
7.900840044021606445e-01
8.195551037788391113e-01
8.394233584403991699e-01
9.391072988510131836e-01
1.030856847763061523e+00
1.090303421020507812e+00
1.110673904418945312e+00
1.196583032608032227e+00
1.183914184570312500e+00
1.040691614151000977e+00
9.808426499366760254e-01
8.387078046798706055e-01
7.707327008247375488e-01
5.239745378494262695e-01
3.852571249008178711e-01
2.922680377960205078e-01
1.976660490036010742e-01
1.515539735555648804e-01
1.550722867250442505e-01
1.375102847814559937e-01
1.475698351860046387e-01
1.513374447822570801e-01
1.471362859010696411e-01
1.445538550615310669e-01
1.529653966426849365e-01
1.441651433706283569e-01
1.611838638782501221e-01
1.702772229909896851e-01
1.539728641510009766e-01
1.404972970485687256e-01
1.477118581533432007e-01
1.480825394392013550e-01
1.268920898437500000e-01
1.202754452824592590e-01
1.381806880235671997e-01
1.360993534326553345e-01
1.192029938101768494e-01
1.299374699592590332e-01
1.466082781553268433e-01
1.363204121589660645e-01
1.502329111099243164e-01
1.361105591058731079e-01
1.430461406707763672e-01
1.657705456018447876e-01
1.671846210956573486e-01
1.684307307004928589e-01
1.564967185258865356e-01
1.719276010990142822e-01
1.854260563850402832e-01
1.462508440017700195e-01
1.177819594740867615e-01
1.021610498428344727e-01
9.227284044027328491e-02
1.116237491369247437e-01
1.155939996242523193e-01
1.009784713387489319e-01
1.003457531332969666e-01
1.143848523497581482e-01
1.104688718914985657e-01
1.107752993702888489e-01
1.322092562913894653e-01
1.369660943746566772e-01
1.389159411191940308e-01
1.642373204231262207e-01
1.667485833168029785e-01
1.385841965675354004e-01
1.500890851020812988e-01
1.337694525718688965e-01
1.509866267442703247e-01
1.662803590297698975e-01
1.629097610712051392e-01
1.359655112028121948e-01
1.141008064150810242e-01
1.010892018675804138e-01
8.586883544921875000e-02
8.053632825613021851e-02
6.920856982469558716e-02
6.955488026142120361e-02
6.472860276699066162e-02
8.171867579221725464e-02
1.330007165670394897e-01
1.377270072698593140e-01
9.864085912704467773e-02
8.650135248899459839e-02
9.503582864999771118e-02
9.218662232160568237e-02
1.025708392262458801e-01
1.214525252580642700e-01
1.333691626787185669e-01
1.552296578884124756e-01
1.654137521982192993e-01
1.672579348087310791e-01
1.786671727895736694e-01
1.952066719532012939e-01
1.909770369529724121e-01
2.812037169933319092e-01
2.246395945549011230e-01
3.356376588344573975e-01
2.922179996967315674e-01
3.135423362255096436e-01
3.421564400196075439e-01
3.948481678962707520e-01
4.640513360500335693e-01
4.868222177028656006e-01
5.529515147209167480e-01
5.546190738677978516e-01
4.620345532894134521e-01
4.614131748676300049e-01
5.463292598724365234e-01
4.714597761631011963e-01
3.053456246852874756e-01
2.572771012783050537e-01
2.220920026302337646e-01
2.174711227416992188e-01
2.152898013591766357e-01
1.998904794454574585e-01
1.718310266733169556e-01
1.328664124011993408e-01
1.089328899979591370e-01
1.045961305499076843e-01
8.710610121488571167e-02
7.292125374078750610e-02
7.968763262033462524e-02
8.708134293556213379e-02
8.044964075088500977e-02
7.287174463272094727e-02
8.352892845869064331e-02
9.141246974468231201e-02
8.434107899665832520e-02
8.981809765100479126e-02
1.029387786984443665e-01
1.084455549716949463e-01
1.013275161385536194e-01
8.682135492563247681e-02
7.708960771560668945e-02
6.753511726856231689e-02
5.798878520727157593e-02
5.264800414443016052e-02
5.458434298634529114e-02
6.599093228578567505e-02
7.886550575494766235e-02
9.710170328617095947e-02
1.208073273301124573e-01
1.000911444425582886e-01
8.705944567918777466e-02
9.633091092109680176e-02
8.333127200603485107e-02
6.771301478147506714e-02
7.865328341722488403e-02
8.310344815254211426e-02
7.344385236501693726e-02
7.489474862813949585e-02
9.594772011041641235e-02
9.767866134643554688e-02
7.949872314929962158e-02
7.919593155384063721e-02
8.602651208639144897e-02
7.131873071193695068e-02
6.708995997905731201e-02
5.964146554470062256e-02
6.668138504028320312e-02
6.856831163167953491e-02
7.145778089761734009e-02
9.572182595729827881e-02
1.422443538904190063e-01
1.253555864095687866e-01
1.070089489221572876e-01
1.034535095095634460e-01
8.093030005693435669e-02
7.943683117628097534e-02
8.876791596412658691e-02
8.753935992717742920e-02
7.464350014925003052e-02
7.607702165842056274e-02
9.052500128746032715e-02
8.785038441419601440e-02
8.155264705419540405e-02
9.509045630693435669e-02
1.094822511076927185e-01
1.021021157503128052e-01
1.062270998954772949e-01
1.316964775323867798e-01
