8.168596029281616211e-02
7.539357244968414307e-02
5.646254494786262512e-02
6.493683159351348877e-02
8.923711627721786499e-02
6.686331331729888916e-02
7.341087609529495239e-02
7.105228304862976074e-02
5.353926494717597961e-02
4.778529703617095947e-02
4.947099089622497559e-02
6.989382952451705933e-02
6.269924342632293701e-02
5.452037975192070007e-02
4.866178706288337708e-02
6.613538414239883423e-02
6.133712083101272583e-02
6.458410620689392090e-02
7.133562862873077393e-02
7.955528795719146729e-02
7.778467983007431030e-02
6.199953332543373108e-02
8.547307550907135010e-02
6.982803344726562500e-02
7.148852944374084473e-02
1.785054355859756470e-01
8.120402693748474121e-02
5.404947698116302490e-02
8.533477783203125000e-02
9.838997572660446167e-02
1.088244691491127014e-01
7.576102763414382935e-02
5.332983285188674927e-02
8.045923709869384766e-02
1.093736290931701660e-01
