1.142464280128479004e-01
9.617973119020462036e-02
1.057282686233520508e-01
9.026548266410827637e-02
9.152268618345260620e-02
7.453558593988418579e-02
7.976562529802322388e-02
7.297532260417938232e-02
7.886968553066253662e-02
7.414445281028747559e-02
1.101553440093994141e-01
1.444938480854034424e-01
1.115732565522193909e-01
1.012032851576805115e-01
1.231996119022369385e-01
1.282882690429687500e-01
1.563658863306045532e-01
1.470693349838256836e-01
1.319510191679000854e-01
1.570915728807449341e-01
1.482288390398025513e-01
1.597445905208587646e-01
1.466740369796752930e-01
2.059490084648132324e-01
2.464800477027893066e-01
2.352490127086639404e-01
2.551418244838714600e-01
1.964914500713348389e-01
1.476982235908508301e-01
1.056138798594474792e-01
9.820874780416488647e-02
9.327299892902374268e-02
9.194590151309967041e-02
9.323530644178390503e-02
7.601030915975570679e-02
8.497884124517440796e-02
9.209658950567245483e-02
8.530658483505249023e-02
9.090793132781982422e-02
1.357633173465728760e-01
1.102464273571968079e-01
1.365045309066772461e-01
1.555474400520324707e-01
1.715936064720153809e-01
1.727789938449859619e-01
1.584120541810989380e-01
1.629807204008102417e-01
1.809602975845336914e-01
1.921190023422241211e-01
1.367789804935455322e-01
1.202803552150726318e-01
9.316098690032958984e-02
8.474505692720413208e-02
9.547014534473419189e-02
9.325163811445236206e-02
7.997628301382064819e-02
7.395405322313308716e-02
6.045240908861160278e-02
7.241652905941009521e-02
1.213501244783401489e-01
1.201702430844306946e-01
1.084437966346740723e-01
1.250256299972534180e-01
1.167051792144775391e-01
1.194160282611846924e-01
1.050381362438201904e-01
7.952388375997543335e-02
7.102172821760177612e-02
5.835755169391632080e-02
6.171925738453865051e-02
7.502122968435287476e-02
9.519767016172409058e-02
1.421659141778945923e-01
1.234613806009292603e-01
9.260308742523193359e-02
8.948631584644317627e-02
7.500859349966049194e-02
9.862388670444488525e-02
1.078595072031021118e-01
1.017792522907257080e-01
1.150435283780097961e-01
1.039369925856590271e-01
1.293842345476150513e-01
1.572725474834442139e-01
1.619316190481185913e-01
2.494233101606369019e-01
2.477230131626129150e-01
2.530301809310913086e-01
2.802603840827941895e-01
2.143725901842117310e-01
1.442635953426361084e-01
1.226068288087844849e-01
9.852530062198638916e-02
9.820166230201721191e-02
1.002272889018058777e-01
1.023124977946281433e-01
9.877798706293106079e-02
7.645962387323379517e-02
7.579006999731063843e-02
8.063554763793945312e-02
9.371347725391387939e-02
1.473265886306762695e-01
1.897632330656051636e-01
2.197949737310409546e-01
1.789953559637069702e-01
1.321339458227157593e-01
1.532392352819442749e-01
1.144193410873413086e-01
1.093854829668998718e-01
1.237541213631629944e-01
1.006718873977661133e-01
8.036724478006362915e-02
6.567028164863586426e-02
6.297659128904342651e-02
6.106350570917129517e-02
7.630445808172225952e-02
8.116771280765533447e-02
9.272892773151397705e-02
8.441558480262756348e-02
8.045899868011474609e-02
8.869465440511703491e-02
1.272009760141372681e-01
2.421229481697082520e-01
3.177702426910400391e-01
4.001921713352203369e-01
5.268773436546325684e-01
5.523421764373779297e-01
5.293179750442504883e-01
4.214422404766082764e-01
2.919624149799346924e-01
1.709501147270202637e-01
1.204163432121276855e-01
1.274994909763336182e-01
1.064408645033836365e-01
1.240489408373832703e-01
1.551797389984130859e-01
1.629953235387802124e-01
1.106167808175086975e-01
9.777588397264480591e-02
7.773669809103012085e-02
7.097791880369186401e-02
6.664130836725234985e-02
7.074517756700515747e-02
7.809212058782577515e-02
9.980339556932449341e-02
9.804482758045196533e-02
1.176112219691276550e-01
1.773300319910049438e-01
2.572478055953979492e-01
3.437257707118988037e-01
4.097170233726501465e-01
4.904712140560150146e-01
4.879896342754364014e-01
4.524195790290832520e-01
4.559917151927947998e-01
4.352639615535736084e-01
