3.743106424808502197e-01
4.148469567298889160e-01
3.759116530418395996e-01
4.194003045558929443e-01
3.976320326328277588e-01
4.455382227897644043e-01
4.798522293567657471e-01
4.393932521343231201e-01
4.329825937747955322e-01
5.645399689674377441e-01
6.951375007629394531e-01
7.903975844383239746e-01
6.413137316703796387e-01
6.548041105270385742e-01
5.045973062515258789e-01
4.474851787090301514e-01
5.436137914657592773e-01
6.222340464591979980e-01
6.946328878402709961e-01
6.339303255081176758e-01
5.925400853157043457e-01
5.965889692306518555e-01
5.780397057533264160e-01
5.957754254341125488e-01
5.117780566215515137e-01
3.633849024772644043e-01
3.056169748306274414e-01
3.329521417617797852e-01
3.759761154651641846e-01
4.208782613277435303e-01
4.617784321308135986e-01
5.228458642959594727e-01
5.247439742088317871e-01
3.963408470153808594e-01
4.866896271705627441e-01
4.994524419307708740e-01
6.045789122581481934e-01
6.342364549636840820e-01
6.491315960884094238e-01
7.380627393722534180e-01
7.856063842773437500e-01
8.642783761024475098e-01
9.727372527122497559e-01
