9.170969575643539429e-02
7.544021308422088623e-02
6.652530282735824585e-02
1.011604294180870056e-01
1.053758934140205383e-01
1.469000875949859619e-01
1.624484360218048096e-01
9.328378736972808838e-02
7.982166111469268799e-02
5.803951621055603027e-02
5.601099878549575806e-02
6.494878977537155151e-02
6.149456277489662170e-02
7.055906206369400024e-02
8.121092617511749268e-02
7.121698558330535889e-02
5.469363927841186523e-02
4.730364307761192322e-02
4.224761202931404114e-02
4.239976033568382263e-02
3.968701884150505066e-02
3.672417625784873962e-02
4.008114710450172424e-02
4.017519578337669373e-02
4.506013169884681702e-02
4.987193271517753601e-02
6.263948976993560791e-02
8.054726570844650269e-02
1.160603538155555725e-01
1.183219105005264282e-01
1.244716122746467590e-01
9.249535202980041504e-02
6.781338155269622803e-02
5.615143477916717529e-02
4.577418416738510132e-02
4.453966766595840454e-02
3.862763196229934692e-02
4.219561442732810974e-02
4.336905106902122498e-02
4.594586417078971863e-02
5.102242901921272278e-02
5.227429792284965515e-02
6.763738393783569336e-02
9.095003455877304077e-02
1.442543864250183105e-01
1.604146361351013184e-01
1.232922598719596863e-01
1.061060801148414612e-01
7.037226110696792603e-02
6.286748498678207397e-02
4.851318895816802979e-02
5.573729798197746277e-02
4.963960126042366028e-02
4.889428243041038513e-02
5.758538842201232910e-02
6.278648972511291504e-02
8.460140973329544067e-02
6.666172295808792114e-02
1.256475299596786499e-01
1.451107114553451538e-01
2.320056408643722534e-01
2.688061892986297607e-01
2.603391110897064209e-01
1.421413421630859375e-01
7.984511554241180420e-02
8.239477127790451050e-02
7.088515162467956543e-02
6.485214829444885254e-02
7.491253316402435303e-02
7.267360389232635498e-02
8.531846106052398682e-02
7.752656936645507812e-02
8.712520450353622437e-02
7.756642997264862061e-02
8.719022572040557861e-02
8.586198091506958008e-02
1.001915484666824341e-01
1.260615289211273193e-01
1.696017235517501831e-01
2.154135704040527344e-01
2.013273984193801880e-01
1.460730433464050293e-01
1.077024638652801514e-01
8.720281720161437988e-02
7.558969408273696899e-02
7.019243389368057251e-02
6.780971586704254150e-02
6.707989424467086792e-02
7.301812618970870972e-02
6.728132069110870361e-02
5.405636131763458252e-02
5.089732632040977478e-02
4.425057396292686462e-02
4.743988811969757080e-02
4.652917757630348206e-02
4.161770269274711609e-02
4.351718723773956299e-02
4.410251602530479431e-02
4.828679189085960388e-02
6.196951493620872498e-02
6.932150572538375854e-02
6.283771991729736328e-02
5.703496187925338745e-02
4.960386455059051514e-02
4.882445931434631348e-02
4.966341704130172729e-02
4.309661313891410828e-02
4.599948599934577942e-02
5.425269529223442078e-02
5.937968939542770386e-02
5.449601635336875916e-02
6.525643914937973022e-02
7.046896219253540039e-02
8.006034791469573975e-02
1.006478443741798401e-01
1.282612085342407227e-01
1.895687729120254517e-01
2.950080335140228271e-01
3.374242186546325684e-01
3.064295947551727295e-01
2.644040286540985107e-01
1.833916753530502319e-01
1.367614269256591797e-01
9.512834995985031128e-02
8.923938125371932983e-02
7.303811609745025635e-02
6.626664847135543823e-02
5.611509829759597778e-02
5.134509876370429993e-02
5.565333738923072815e-02
5.262772366404533386e-02
5.372383072972297668e-02
6.106566637754440308e-02
7.640533149242401123e-02
1.047165840864181519e-01
1.739880144596099854e-01
2.612503170967102051e-01
1.361956149339675903e-01
9.808879345655441284e-02
7.214175164699554443e-02
6.706298887729644775e-02
7.286228239536285400e-02
7.741099596023559570e-02
6.481360644102096558e-02
8.084747195243835449e-02
9.090938419103622437e-02
1.402433216571807861e-01
2.131809145212173462e-01
4.150982201099395752e-01
5.620023608207702637e-01
7.256785631179809570e-01
7.942233085632324219e-01
8.955144882202148438e-01
9.039048552513122559e-01
8.049289584159851074e-01
7.463178038597106934e-01
7.508659362792968750e-01
6.767053604125976562e-01
5.334438681602478027e-01
4.403271079063415527e-01
2.787218689918518066e-01
1.896517425775527954e-01
1.428417563438415527e-01
1.485625505447387695e-01
1.659700274467468262e-01
1.463459879159927368e-01
9.752968698740005493e-02
9.172583371400833130e-02
6.400016695261001587e-02
5.986076220870018005e-02
5.253833904862403870e-02
5.036979913711547852e-02
5.170971155166625977e-02
5.473722517490386963e-02
6.114423274993896484e-02
7.310361415147781372e-02
1.056353524327278137e-01
9.779020398855209351e-02
7.742577791213989258e-02
6.699461489915847778e-02
5.785489827394485474e-02
5.567299202084541321e-02
5.907459184527397156e-02
5.819138884544372559e-02
7.041177153587341309e-02
7.138970494270324707e-02
8.688758313655853271e-02
8.583419770002365112e-02
1.278178095817565918e-01
1.559294760227203369e-01
1.287105530500411987e-01
1.166617423295974731e-01
6.988237053155899048e-02
6.658864021301269531e-02
6.322918832302093506e-02
6.402758508920669556e-02
6.648414582014083862e-02
7.003115117549896240e-02
7.251473516225814819e-02
6.950395554304122925e-02
7.979936897754669189e-02
8.357175439596176147e-02
7.516007870435714722e-02
7.709474116563796997e-02
9.615494310855865479e-02
1.051969826221466064e-01
9.615177661180496216e-02
1.155941635370254517e-01
1.302295476198196411e-01
1.513440608978271484e-01
1.356700062751770020e-01
1.347253024578094482e-01
1.653665751218795776e-01
1.600157767534255981e-01
1.577252298593521118e-01
1.137078925967216492e-01
1.525777727365493774e-01
1.034879162907600403e-01
8.181235939264297485e-02
7.842355221509933472e-02
7.774366438388824463e-02
8.556530624628067017e-02
1.902015209197998047e-01
2.168418914079666138e-01
2.952474355697631836e-01
3.322174251079559326e-01
3.070775270462036133e-01
3.265759944915771484e-01
2.471108585596084595e-01
1.721953451633453369e-01
1.097842231392860413e-01
7.771692425012588501e-02
8.437715470790863037e-02
6.952126324176788330e-02
6.140926852822303772e-02
6.120176240801811218e-02
5.279777571558952332e-02
4.868276789784431458e-02
5.608908459544181824e-02
5.874903127551078796e-02
6.185314431786537170e-02
1.070899963378906250e-01
1.068315431475639343e-01
1.331980973482131958e-01
2.172535806894302368e-01
2.238829135894775391e-01
2.107499241828918457e-01
2.133616209030151367e-01
2.393875718116760254e-01
1.868445873260498047e-01
1.261341869831085205e-01
7.061306387186050415e-02
6.358345597982406616e-02
5.317739769816398621e-02
5.122462660074234009e-02
5.104039236903190613e-02
5.481140688061714172e-02
5.424169823527336121e-02
6.752257794141769409e-02
7.068599760532379150e-02
8.425045758485794067e-02
8.283098042011260986e-02
7.099792361259460449e-02
6.599376350641250610e-02
5.828234925866127014e-02
5.630822852253913879e-02
5.014161020517349243e-02
5.512414872646331787e-02
5.799723789095878601e-02
6.391727179288864136e-02
9.072357416152954102e-02
1.234757155179977417e-01
1.108805984258651733e-01
8.682776242494583130e-02
8.504483848810195923e-02
7.383744418621063232e-02
7.722678035497665405e-02
7.754445821046829224e-02
7.505598664283752441e-02
6.428460776805877686e-02
6.853628158569335938e-02
6.371255964040756226e-02
7.008591294288635254e-02
7.449271529912948608e-02
7.225643098354339600e-02
6.686078011989593506e-02
5.427230522036552429e-02
4.945121333003044128e-02
4.761535674333572388e-02
5.118522420525550842e-02
4.425841942429542542e-02
4.325295239686965942e-02
4.792077466845512390e-02
5.032619088888168335e-02
5.920312181115150452e-02
6.471642851829528809e-02
7.974179834127426147e-02
1.098409220576286316e-01
1.771932542324066162e-01
1.820584535598754883e-01
1.542961001396179199e-01
1.425133198499679565e-01
1.006429195404052734e-01
8.115775138139724731e-02
6.510914117097854614e-02
5.093468725681304932e-02
4.448621720075607300e-02
4.032513499259948730e-02
4.266526177525520325e-02
4.380299896001815796e-02
4.430425167083740234e-02
5.069083720445632935e-02
4.996449127793312073e-02
6.150662153959274292e-02
1.067449152469635010e-01
1.695511639118194580e-01
1.815557777881622314e-01
1.908580809831619263e-01
1.431345492601394653e-01
1.347145885229110718e-01
1.254102587699890137e-01
9.417773783206939697e-02
7.786982506513595581e-02
6.053149327635765076e-02
5.899688228964805603e-02
4.786562547087669373e-02
4.467758536338806152e-02
4.167841747403144836e-02
4.799995943903923035e-02
5.135795474052429199e-02
5.834272503852844238e-02
1.068262830376625061e-01
1.687849462032318115e-01
2.736515402793884277e-01
4.501537978649139404e-01
5.605950951576232910e-01
5.240679979324340820e-01
3.774554133415222168e-01
3.114649653434753418e-01
3.150803148746490479e-01
1.742380410432815552e-01
1.026021242141723633e-01
7.295987755060195923e-02
7.729271054267883301e-02
5.911171063780784607e-02
5.825349688529968262e-02
5.169808864593505859e-02
5.646828562021255493e-02
5.596015974879264832e-02
7.528027892112731934e-02
8.629053086042404175e-02
6.779687106609344482e-02
6.555274873971939087e-02
5.545697733759880066e-02
4.504601657390594482e-02
4.133024066686630249e-02
4.363608732819557190e-02
4.234598204493522644e-02
4.458834230899810791e-02
4.421272873878479004e-02
4.596564173698425293e-02
4.906742647290229797e-02
4.653373733162879944e-02
5.998393520712852478e-02
6.453064829111099243e-02
6.679902970790863037e-02
9.455481171607971191e-02
1.015664786100387573e-01
1.144551634788513184e-01
1.029688566923141479e-01
8.559723198413848877e-02
6.690600514411926270e-02
5.423714593052864075e-02
4.782607033848762512e-02
4.349922388792037964e-02
3.722460940480232239e-02
4.081031680107116699e-02
4.340330883860588074e-02
4.789762198925018311e-02
5.562711879611015320e-02
5.919468030333518982e-02
8.061897754669189453e-02
1.305785626173019409e-01
1.301984041929244995e-01
9.060749411582946777e-02
8.206082880496978760e-02
5.132415518164634705e-02
4.750896617770195007e-02
4.023692011833190918e-02
4.051594808697700500e-02
4.357836022973060608e-02
4.900911822915077209e-02
7.308572530746459961e-02
7.604739814996719360e-02
9.299381077289581299e-02
1.198645979166030884e-01
1.352532207965850830e-01
1.100278496742248535e-01
7.488260418176651001e-02
6.955394893884658813e-02
6.450836360454559326e-02
6.740394979715347290e-02
6.121958047151565552e-02
6.934522837400436401e-02
6.369838863611221313e-02
5.462031811475753784e-02
5.104035139083862305e-02
6.628967821598052979e-02
5.561652779579162598e-02
6.722696125507354736e-02
7.357839494943618774e-02
1.087390482425689697e-01
1.221612840890884399e-01
1.201992705464363098e-01
7.065290212631225586e-02
5.746005102992057800e-02
4.445728287100791931e-02
4.634167999029159546e-02
4.371123015880584717e-02
3.902201354503631592e-02
5.165741220116615295e-02
4.124056175351142883e-02
4.713820666074752808e-02
5.385768041014671326e-02
5.955646187067031860e-02
8.055710792541503906e-02
9.899011999368667603e-02
1.243707016110420227e-01
2.179176807403564453e-01
2.704280018806457520e-01
1.546555459499359131e-01
8.722618222236633301e-02
5.855948477983474731e-02
4.992941021919250488e-02
4.300436004996299744e-02
3.887309879064559937e-02
3.573518246412277222e-02
4.156804829835891724e-02
4.376144334673881531e-02
4.848534613847732544e-02
5.688612535595893860e-02
5.713673308491706848e-02
4.763216152787208557e-02
4.818734526634216309e-02
4.181692749261856079e-02
4.609750211238861084e-02
4.674199223518371582e-02
4.911401122808456421e-02
6.317882984876632690e-02
6.707452982664108276e-02
8.930135518312454224e-02
1.040328294038772583e-01
