2.284019738435745239e-01
2.100655287504196167e-01
1.893889456987380981e-01
1.222922205924987793e-01
1.140232682228088379e-01
1.125422269105911255e-01
8.514648675918579102e-02
6.396071612834930420e-02
6.111674010753631592e-02
1.064332798123359680e-01
1.035727784037590027e-01
8.004500716924667358e-02
7.190916687250137329e-02
7.323157787322998047e-02
6.038544699549674988e-02
5.576930940151214600e-02
6.654285639524459839e-02
9.014690667390823364e-02
9.241787344217300415e-02
1.606951802968978882e-01
2.190091311931610107e-01
2.131744921207427979e-01
2.501665651798248291e-01
3.037150800228118896e-01
2.201596051454544067e-01
1.930729746818542480e-01
1.103253811597824097e-01
9.102757275104522705e-02
1.402667760848999023e-01
1.214963272213935852e-01
1.461865901947021484e-01
1.182062476873397827e-01
8.381810784339904785e-02
1.100439727306365967e-01
1.283771693706512451e-01
1.270007193088531494e-01
7.142022997140884399e-02
7.817338407039642334e-02
8.150595426559448242e-02
1.096015349030494690e-01
1.033481657505035400e-01
1.121732741594314575e-01
1.209409609436988831e-01
1.422864049673080444e-01
