1.352414637804031372e-01
1.218820586800575256e-01
8.811040222644805908e-02
8.466582745313644409e-02
6.634425371885299683e-02
6.727077066898345947e-02
5.708965286612510681e-02
6.356067210435867310e-02
6.468294560909271240e-02
6.896807253360748291e-02
6.731709092855453491e-02
7.343118637800216675e-02
8.005915582180023193e-02
8.175622671842575073e-02
7.649365067481994629e-02
8.399212360382080078e-02
8.693314343690872192e-02
8.863137662410736084e-02
1.182106658816337585e-01
1.961113363504409790e-01
2.916092276573181152e-01
4.228119254112243652e-01
4.847238361835479736e-01
4.921020865440368652e-01
5.393127799034118652e-01
6.268216967582702637e-01
6.137452125549316406e-01
6.642409563064575195e-01
5.437198281288146973e-01
3.859576880931854248e-01
1.612664908170700073e-01
1.130120605230331421e-01
9.690567851066589355e-02
9.133581817150115967e-02
9.111026674509048462e-02
8.195196837186813354e-02
7.291186600923538208e-02
6.983917206525802612e-02
6.459600478410720825e-02
6.408241391181945801e-02
6.201746314764022827e-02
6.672924011945724487e-02
5.957168340682983398e-02
6.862832605838775635e-02
7.637055218219757080e-02
1.037651821970939636e-01
1.196263134479522705e-01
1.152314469218254089e-01
1.335621923208236694e-01
9.758897125720977783e-02
8.578298985958099365e-02
9.963688254356384277e-02
1.041643321514129639e-01
7.084567099809646606e-02
7.668529450893402100e-02
6.431301683187484741e-02
6.541638076305389404e-02
6.176689639687538147e-02
6.638580560684204102e-02
7.042937725782394409e-02
7.303167879581451416e-02
8.314125984907150269e-02
9.112466871738433838e-02
9.848501533269882202e-02
1.027648150920867920e-01
1.176089197397232056e-01
1.263592988252639771e-01
8.755121380090713501e-02
8.063191175460815430e-02
7.467272877693176270e-02
7.292296737432479858e-02
7.170579582452774048e-02
7.932963222265243530e-02
8.621401339769363403e-02
9.746988862752914429e-02
1.638802736997604370e-01
2.371595501899719238e-01
2.049047499895095825e-01
2.286634445190429688e-01
2.211527973413467407e-01
2.001510262489318848e-01
1.608767360448837280e-01
9.840475022792816162e-02
9.368668496608734131e-02
8.487112820148468018e-02
9.024915099143981934e-02
9.416902065277099609e-02
9.690447151660919189e-02
8.742395043373107910e-02
9.196768701076507568e-02
1.046156585216522217e-01
1.121480762958526611e-01
1.587599813938140869e-01
1.758062243461608887e-01
2.416792064905166626e-01
2.755265235900878906e-01
2.747403979301452637e-01
2.115874737501144409e-01
1.341912448406219482e-01
1.223064139485359192e-01
1.024339646100997925e-01
1.313933581113815308e-01
1.397496759891510010e-01
1.567837893962860107e-01
2.392136007547378540e-01
3.029716312885284424e-01
3.523564338684082031e-01
4.960599243640899658e-01
5.459710955619812012e-01
5.361607670783996582e-01
5.086587667465209961e-01
4.225128591060638428e-01
4.359252452850341797e-01
5.070165991783142090e-01
5.068069696426391602e-01
5.721371173858642578e-01
6.663461327552795410e-01
6.119042038917541504e-01
5.354761481285095215e-01
4.040977954864501953e-01
3.448633551597595215e-01
2.603607475757598877e-01
2.462407350540161133e-01
2.269510626792907715e-01
2.298915833234786987e-01
2.196751981973648071e-01
2.109111547470092773e-01
2.075251191854476929e-01
1.648671180009841919e-01
1.730209141969680786e-01
1.267761588096618652e-01
8.696424216032028198e-02
7.922013849020004272e-02
7.914604246616363525e-02
7.866478711366653442e-02
9.215646237134933472e-02
1.005436405539512634e-01
1.339214742183685303e-01
1.990872621536254883e-01
1.427044421434402466e-01
1.070040762424468994e-01
8.408377319574356079e-02
7.750617712736129761e-02
7.640476524829864502e-02
7.634735107421875000e-02
8.058504760265350342e-02
7.616023719310760498e-02
8.211519569158554077e-02
1.021395549178123474e-01
1.745605170726776123e-01
1.084430068731307983e-01
1.021637395024299622e-01
1.107061505317687988e-01
1.124359667301177979e-01
1.081024184823036194e-01
9.141714125871658325e-02
7.549650967121124268e-02
7.311473786830902100e-02
7.625606656074523926e-02
6.996691972017288208e-02
6.792217493057250977e-02
7.052019983530044556e-02
7.210268080234527588e-02
7.408471405506134033e-02
7.514052093029022217e-02
7.390967756509780884e-02
7.944553345441818237e-02
8.228435367345809937e-02
9.085167944431304932e-02
8.466588705778121948e-02
7.847449183464050293e-02
8.015661686658859253e-02
8.930441737174987793e-02
9.262835234403610229e-02
9.752301871776580811e-02
9.347780793905258179e-02
8.155658096075057983e-02
7.240999490022659302e-02
6.858039647340774536e-02
6.792756170034408569e-02
6.907624006271362305e-02
7.173623889684677124e-02
6.690811365842819214e-02
7.074965536594390869e-02
6.204416230320930481e-02
6.163196265697479248e-02
5.884172394871711731e-02
7.169431447982788086e-02
7.199822366237640381e-02
1.119367405772209167e-01
1.230308637022972107e-01
1.107175797224044800e-01
1.310758441686630249e-01
1.336351633071899414e-01
1.624511033296585083e-01
1.636349856853485107e-01
1.823852360248565674e-01
1.998350173234939575e-01
2.046280652284622192e-01
1.571650058031082153e-01
1.080373674631118774e-01
8.893490582704544067e-02
8.379382640123367310e-02
8.269183337688446045e-02
7.585702836513519287e-02
7.148986309766769409e-02
7.355750352144241333e-02
7.106187939643859863e-02
9.007927030324935913e-02
7.354466617107391357e-02
6.922853738069534302e-02
6.933295726776123047e-02
7.360484451055526733e-02
7.618992775678634644e-02
9.350658953189849854e-02
1.198308989405632019e-01
1.197611540555953979e-01
8.807676285505294800e-02
9.132861346006393433e-02
1.418942064046859741e-01
1.493090540170669556e-01
