1.471247673034667969e-01
7.169237732887268066e-02
6.904452294111251831e-02
6.617426872253417969e-02
7.325408607721328735e-02
6.158783659338951111e-02
7.364214211702346802e-02
7.841047644615173340e-02
7.899732887744903564e-02
9.052027761936187744e-02
8.809930086135864258e-02
6.705142557621002197e-02
6.707165390253067017e-02
9.004054963588714600e-02
1.120707467198371887e-01
1.376673132181167603e-01
1.422805488109588623e-01
2.465391457080841064e-01
3.015516996383666992e-01
3.697786033153533936e-01
2.898494601249694824e-01
1.358611732721328735e-01
7.620877772569656372e-02
7.686851173639297485e-02
6.224587559700012207e-02
5.005566775798797607e-02
5.530393496155738831e-02
5.041310936212539673e-02
6.042355671525001526e-02
5.801459401845932007e-02
5.118010938167572021e-02
5.495049431920051575e-02
4.759839922189712524e-02
5.593931674957275391e-02
5.173201486468315125e-02
6.712114810943603516e-02
7.136416435241699219e-02
7.075775414705276489e-02
5.762615427374839783e-02
5.950061231851577759e-02
5.078472942113876343e-02
5.386791005730628967e-02
5.461319163441658020e-02
5.525212734937667847e-02
5.047445371747016907e-02
5.000918358564376831e-02
4.685382544994354248e-02
5.330199375748634338e-02
6.922105699777603149e-02
6.600616872310638428e-02
8.197879046201705933e-02
1.017960980534553528e-01
6.843756884336471558e-02
6.683181226253509521e-02
5.651978403329849243e-02
5.621429905295372009e-02
5.397562682628631592e-02
5.817570537328720093e-02
4.821756109595298767e-02
5.870314314961433411e-02
6.797411292791366577e-02
5.370961502194404602e-02
6.154066696763038635e-02
7.424691319465637207e-02
6.529659777879714966e-02
4.840947315096855164e-02
5.610106885433197021e-02
5.043336749076843262e-02
5.592684447765350342e-02
5.544769763946533203e-02
5.282075330615043640e-02
7.272777706384658813e-02
1.296428292989730835e-01
1.664590388536453247e-01
2.465336620807647705e-01
2.577586770057678223e-01
2.192737758159637451e-01
1.643748581409454346e-01
1.121261790394783020e-01
8.654201775789260864e-02
8.056687563657760620e-02
7.736951857805252075e-02
6.495835632085800171e-02
6.464030593633651733e-02
6.387321650981903076e-02
6.351813673973083496e-02
7.004846632480621338e-02
7.534030824899673462e-02
7.077889889478683472e-02
8.822627365589141846e-02
8.510465174913406372e-02
8.471111953258514404e-02
8.327072858810424805e-02
6.451987475156784058e-02
6.047599390149116516e-02
5.643080547451972961e-02
5.140506103634834290e-02
5.016656219959259033e-02
4.798438772559165955e-02
4.896301776170730591e-02
4.716821014881134033e-02
5.377431213855743408e-02
5.320957303047180176e-02
7.643399387598037720e-02
9.963391721248626709e-02
1.004382073879241943e-01
8.566629886627197266e-02
1.089428439736366272e-01
9.323805570602416992e-02
9.421942383050918579e-02
7.100532203912734985e-02
6.142162531614303589e-02
6.514704972505569458e-02
5.518607050180435181e-02
5.345930904150009155e-02
5.141715705394744873e-02
5.846614390611648560e-02
4.786945134401321411e-02
5.767285823822021484e-02
8.109171688556671143e-02
7.924383878707885742e-02
8.537477254867553711e-02
6.148631870746612549e-02
6.169125437736511230e-02
5.743015930056571960e-02
5.812382325530052185e-02
4.718103259801864624e-02
4.905086755752563477e-02
4.581696167588233948e-02
5.278963595628738403e-02
6.496702134609222412e-02
9.640937298536300659e-02
