4.320777058601379395e-01
3.072636425495147705e-01
2.167967110872268677e-01
2.007710486650466919e-01
2.028136104345321655e-01
2.632858455181121826e-01
2.722531855106353760e-01
2.736886441707611084e-01
2.885906100273132324e-01
2.500471770763397217e-01
2.012829333543777466e-01
1.620337963104248047e-01
1.279251277446746826e-01
1.377138793468475342e-01
1.369523555040359497e-01
8.896970748901367188e-02
1.181389912962913513e-01
1.568684577941894531e-01
1.289584934711456299e-01
1.251435577869415283e-01
2.058910727500915527e-01
2.098790705204010010e-01
1.505003720521926880e-01
1.191731616854667664e-01
1.237434372305870056e-01
1.299311816692352295e-01
1.941392719745635986e-01
1.993398964405059814e-01
2.736232280731201172e-01
3.944100737571716309e-01
4.254006445407867432e-01
5.121246576309204102e-01
3.769397139549255371e-01
3.143260180950164795e-01
2.669037580490112305e-01
1.736862212419509888e-01
1.730614900588989258e-01
1.484073251485824585e-01
1.578636467456817627e-01
1.669628322124481201e-01
1.296982169151306152e-01
1.736996918916702271e-01
1.734912544488906860e-01
1.228657662868499756e-01
1.621623039245605469e-01
2.113881558179855347e-01
2.057015299797058105e-01
2.145006358623504639e-01
1.517708748579025269e-01
1.847776323556900024e-01
1.930874884128570557e-01
2.179669439792633057e-01
1.731769591569900513e-01
1.127997711300849915e-01
1.357888281345367432e-01
1.387676000595092773e-01
2.417333722114562988e-01
