# mean_bent mean_int1 stderr_bent stderr_int1 p
buried_sasa_int_beta_propeller_betaI 17.751444 14.960692000000003 0.20675440755523786 0.35925851970236466 9.050226810192186e-07
buried_sasa_int_calf_1_calf_2 4.277004 4.422104 0.005262730862209393 0.13372208894131268 0.05795338976765363
buried_sasa_int_Thigh_calf_1 2.147832 2.784592 0.16583574631313788 0.14280005646710697 0.00683721771826562
buried_sasa_int_calf_2_beta_propeller 4.277004 4.422104 0.005262730862209393 0.13372208894131268 0.05795338976765363
buried_sasa_int_E2_E3 3.5907759999999995 5.058356 0.027707162522989676 0.06825266302567502 0.0
buried_sasa_int_beta_propeller_Thigh 5.80458 5.5854 0.10677430092784822 0.3306309645721246 0.4210038469644055
buried_sasa_int_hybrid_psi 3.3805520000000002 4.229748 0.21715755176579873 0.027356967876234286 2.1177664066840407e-09
buried_sasa_int_psi_E1 10.666952 8.024308 0.2401117880658285 0.16902296685568594 1.6986412276764895e-13
buried_sasa_int_E3_E4 2.009292 0.8733720000000001 0.04665995423199183 0.013829056185648959 0.0
buried_sasa_int_betaI_hybrid 9.160012 8.910188 0.03368864570391255 0.03080205863175087 6.483532155598937e-08
buried_sasa_int_E1_E2 4.403808000000001 2.0222 0.11899036100521049 0.4294210416041452 3.4501579371237767e-10
buried_sasa_int_E4_beta_TD 3.9566240000000006 4.860508 0.18472702101456942 0.09171448201475323 3.373320965383009e-05
