# mean_dom mean_bent mean_int1 stderr_dom stderr_bent stderr_int1 p_d_b p_b_i p_d_i
Beta_Propeller 2.1634482951720355 2.163303978922817 2.1494877287038086 0.0004049624154513339 0.002150399880981781 0.00332330118735675 0.9284429434784904 0.0007312564709169855 4.827138688767718e-11
Thigh 1.8740338548432258 1.8527048570965616 1.8441888982156647 0.0020913182522981507 0.0023053648770216843 0.003703887600154368 1.8823780312260396e-08 0.06457028447508861 2.1470539697254765e-06
Calf_1 1.514163616173914 1.5370471289422858 1.5332522735162992 0.0021445107339354416 0.0008171342920484483 0.00048079907206767736 0.0 2.665675227575548e-05 0.0
Calf_2 2.0151491837884694 2.038721975136219 2.0925182847062436 0.00453882583527282 0.0035241145077331026 0.006379169368310021 0.0005369181398733325 5.530442770407262e-11 4.440892098500626e-16
Psi 1.0887648912329975 1.1299457157222674 1.0517743735651413 0.005941178783932857 0.014025273463536141 0.002066957283478766 0.22778532290565456 2.353672812205332e-14 1.7823021150498164e-05
Hybrid 1.5290829369801864 1.5386421453295531 1.5378140729002063 0.0021130988757249 0.0008291212642827059 0.000793741924116446 1.6165435196890954e-05 0.4742999554004492 0.00014658329721073393
Beta_I 1.7596356073289727 1.8119954221521446 1.7926220965969222 0.002358740076796864 0.013533878981412692 0.0010299224399333048 4.168579037511222e-09 0.0002839072037081891 0.0
E1 1.13790583312273 1.505486472454264 1.2308951965323176 0.016613557004426786 0.016615001995352853 0.01597087409945461 0.0 2.220446049250313e-16 0.008627683650834106
E2 1.3952802725156586 1.2029822572618845 1.4908237790695473 0.02933289975604907 0.008274975515205575 0.01913695259803177 0.00033550127271997354 0.0 0.13420198407091832
E3 1.0021974948496764 0.9064253486156452 0.9119341085366951 0.006531638696889904 0.0001521926829948191 0.006278013970982061 0.0 0.016253193498691143 0.0005305016146284203
E4 1.1212338776755881 0.9899999764184075 1.0684349290123003 0.015294543560800861 0.003247855483009222 0.01589502617493817 0.00020096705963990047 1.0926681781597836e-09 0.4679990299406205
Beta_T 1.3338126074997811 1.3453793570395163 1.3042629072769074 0.0034396068932950534 0.02566207747770029 0.0012200613500424882 0.43710736095144265 3.153728200810946e-07 2.220446049250313e-16