# mean_dom mean_bent mean_int1 stderr_dom stderr_bent stderr_int1 p_d_b p_b_i p_d_i
E3 0.9834940409585834 0.1357273169568181 0.5851179647898674 0.07100830798832959 0.0029086619901324572 0.0303550904931146 0.0 0.0 2.9896307085941487e-05
E4 0.9276726528927682 0.1871322768884897 0.3922424715307355 0.07410882394608799 0.015048443061960388 0.07557188658523468 3.3306690738754696e-15 0.00016589317508075574 0.0012600416438866002
Psi 0.6450931148119271 0.3842227837613226 0.21096324979186057 0.016857196011029942 0.021541184361653764 0.003597923250846601 2.0550849910705438e-10 0.0 0.0
thigh 0.4031342861056328 0.2736065347960591 0.3447749692341685 0.009949558560672204 0.008058262483942246 0.015458533717556186 1.9106938253798944e-12 7.293719199852333e-05 0.002692226600144343
Hybrid 0.31485552771016956 0.12969189357846975 0.13071603173688054 0.013178145700482882 0.0020231235945144645 0.0012330651286072663 0.0 0.6530727545629753 0.0
E2 1.221864047601819 0.3519722560983896 0.6692837204572558 0.012522991039701592 0.05292965852046705 0.04031199895574421 0.0 0.00011984919548679862 0.0
beta_propeller 0.2037021095287055 0.21939622420936822 0.2651582556334138 0.004568843228666514 0.007068198962287455 0.0139714873763131 0.24421492950740165 0.0027811034159677117 0.0028719480926919783
Beta_T 0.44008714720606806 0.6788550673234462 0.17823718749642373 0.0040438365085118675 0.06420524139239256 0.004621607108711866 7.582823258189819e-13 0.0 0.0
E1 1.0518727260753513 0.778846385396719 0.7016192440748215 0.012522364230225876 0.03994839322264932 0.05986485724879301 1.2669865157022286e-11 0.28403660018759425 3.806066573019962e-12
Calf_2 0.715990514203906 0.28704082031786443 0.411147641312778 0.010560904129873849 0.02855529024286406 0.03559452453226284 1.4210854715202004e-13 0.03257597419076452 2.0477042284028357e-10
Calf_1 0.2873831294365227 0.18384553395748138 0.12371869107052685 0.002585711634768148 0.006283939689515977 0.005818332609858229 0.0 3.726492447952978e-08 0.0
Beta_I 0.3891986663118005 0.4731967407363653 0.24554689957112075 0.003021459887495445 0.05149583459716921 0.01656692389384147 0.0005089347091971064 0.0015437420282409242 0.0
