# mean_dom mean_bent mean_int1 stderr_dom stderr_bent stderr_int1 p_d_b p_b_i p_d_i
Beta_Propeller 0.20499685010361485 0.31498478969991206 0.39789581547975544 0.0019232871951970786 0.016008258732118585 0.010072628645902632 0.0 0.0002517506525476776 0.0
Thigh 0.412408548363757 0.27941732060730456 0.5615697795081138 0.003659002166291223 0.007201322120906084 0.0059977217324337145 0.0 0.0 0.0
Calf_1 0.24726049407335776 0.2053229366981983 0.1865299308913946 0.0010932034690266006 0.00985173801423594 0.0012795821257472243 1.9189711375489082e-08 0.0003463382161694728 0.0
Calf_2 0.696893224047494 0.7589129821157455 0.6727402916193008 0.015886412143977877 0.005539755536171296 0.03668475318646056 0.003237540820159479 0.00020089200477535485 0.5893503666616606
Psi 0.682806646000329 0.5210346385765076 0.3883663520371914 0.013522749748234836 0.024153742429576894 0.003559103294241316 0.001660639579804224 4.440892098500626e-16 0.0
Hybrid 0.3517718616421497 0.15034883357346057 0.22186351005494595 0.020378043973725116 0.003321916972605435 0.0005615764042320527 0.0 0.0 0.0
Beta_I 0.3904047257885636 0.7653269123744965 0.4799406877017021 0.013538610997331052 0.019371480389684306 0.007994054971687984 0.0 2.524647157997606e-13 3.157789579422143e-05
E1 1.0253964339759858 1.0911075444746017 0.7615871263408661 0.016065793504561388 0.022593021261039795 0.026057971066078794 0.022633216789859967 4.242828310907498e-12 3.214917221328051e-10
E2 1.2301259806575888 0.4791725957816839 0.9987988984918594 0.02337482242876562 0.048526558143722996 0.027629428647948796 2.220446049250313e-15 1.729830501062679e-08 0.0008347012187093217
E3 0.8120758325241216 0.33868842230558394 0.7519481288599968 0.009167760046005998 0.000666042526029913 0.013920713377461274 0.0 0.0 0.09978670577103377
E4 0.9704764729329965 0.27598101483464244 0.5594209284055233 0.013470644971435493 0.013901892410012743 0.06482916002106874 0.0 3.6478652831739566e-07 3.0178849574902245e-06
Beta_T 0.4545555276441127 0.5835638943684102 0.35729097532391546 0.007492211091905281 0.05447824840961815 0.0028093767792107763 8.214362402481079e-05 1.176836406102666e-14 4.440892098500626e-16