9.68
9.93
9.27
8.57
8.29
9.58
9.08
8.48
8.84
8.21
8.45
8.49
8.17
8.90
7.85
9.23
9.58
8.81
9.11
8.54
8.10
8.13
8.39
8.95
8.45
8.72
8.53
9.61
9.98
9.35
8.82
8.84
8.97
8.79
8.21
8.97
8.82
8.98
9.16
9.20
9.21
9.04
9.24
9.11
8.53
8.75
9.15
10.00
8.56
9.06
9.76
9.21
9.27
9.17
9.04
9.57
9.27
9.18
9.78
9.11
9.79
9.30
9.42
9.39
8.52
9.61
9.50
9.65
10.13
9.20
8.99
9.15
9.20
9.56
9.22
9.52
9.74
10.13
9.28
10.68
9.16
9.74
9.69
9.78
9.29
9.77
9.89
10.49
10.50
10.20
10.02
9.79
10.04
9.33
8.83
10.13
9.42
8.71
9.24
9.33
9.58
8.57
9.38
8.88
9.30
9.32
9.40
9.46
9.26
8.83
8.87
8.65
9.56
9.48
10.07
9.80
9.54
9.70
9.36
9.87
9.76
9.86
9.27
8.95
8.52
9.42
9.26
9.41
9.24
9.52
9.49
9.44
9.73
9.04
8.93
8.77
8.67
8.50
8.65
8.70
8.54
8.34
8.74
8.28
8.81
8.93
8.64
8.83
9.24
8.82
8.97
8.87
8.58
9.02
9.18
9.09
8.98
8.44
9.08
8.86
7.97
8.82
8.97
9.15
9.11
8.66
9.27
8.55
8.88
8.81
8.87
8.78
8.66
9.04
8.78
8.45
9.17
9.23
9.56
8.95
9.18
9.01
9.15
9.42
10.14
8.39
9.31
9.00
9.20
8.94
9.50
8.31
8.82
9.28
9.26
9.52
9.20
8.85
9.48
9.96
8.18
9.03
9.42
9.33
8.78
9.32
8.47
8.84
8.99
8.56
9.24
8.70
8.86
9.30
9.82
9.47
9.90
9.89
9.41
9.34
9.51
9.20
9.05
8.97
9.21
8.89
9.02
9.03
8.88
8.76
9.14
9.11
8.94
8.74
8.95
8.85
9.11
8.77
8.74
8.85
8.53
8.61
9.14
8.89
9.07
8.73
8.66
8.63
9.27
8.66
8.99
9.01
9.11
9.24
9.09
9.21
9.87
9.45
8.76
9.00
8.65
9.46
8.57
9.12
9.27
8.91
9.04
9.10
9.56
9.19
8.46
8.94
8.96
9.13
9.06
9.52
8.97
9.04
8.66
9.30
8.93
8.85
8.72
8.77
8.85
9.06
9.05
10.08
9.00
9.24
9.07
8.70
8.17
8.92
9.20
9.13
9.44
9.45
9.55
9.78
10.44
9.91
10.02
9.30
9.47
9.22
9.68
8.85
10.41
9.04
9.52
9.84
9.83
10.61
9.43
9.73
10.23
9.92
8.64
9.76
9.36
9.40
9.65
10.00
9.37
9.14
9.99
9.21
9.53
10.18
9.64
9.47
9.18
10.07
10.00
9.80
10.46
9.35
9.81
9.79
10.02
9.86
9.71
9.59
9.19
8.96
9.24
9.54
10.62
9.61
9.46
9.97
9.55
9.81
9.42
10.20
9.77
9.93
9.61
10.75
11.07
10.11
10.01
10.41
10.54
10.37
10.40
10.73
10.77
10.15
10.33
9.69
10.35
11.24
10.77
10.41
9.59
10.70
10.49
8.89
9.91
9.98
9.93
10.71
11.04
9.72
10.26
9.75
9.96
9.67
9.66
9.72
9.37
9.22
9.49
9.58
9.59
9.41
9.13
9.78
9.32
9.86
10.59
9.72
9.99
9.67
9.64
9.41
10.05
9.42
9.38
9.64
9.91
9.17
9.61
9.84
10.03
9.11
9.36
10.01
9.65
10.45
9.43
9.81
10.11
9.37
9.66
9.55
9.89
9.58
9.45
9.41
10.12
9.33
9.94
9.87
10.19
9.78
9.73
9.76
9.29
9.16
9.99
9.47
9.61
9.68
9.43
9.58
9.48
9.74
9.67
9.24
9.47
10.06
10.28
9.49
9.89
9.65
9.90
9.39
9.68
9.32
10.63
10.18
10.81
10.05
9.19
9.58
9.21
9.43
9.25
10.77
10.66
9.52
10.39
9.66
10.79
10.70
9.92
9.05
9.48
10.11
10.11
9.99
9.98
9.89
10.17
10.80
10.57
9.94
10.06
10.61
9.87
9.96
9.88
10.25
10.54
10.05
9.80
9.51
10.08
9.75
10.21
10.70
9.84
9.72
9.78
9.99
9.91
9.16
8.92
9.08
9.71
9.60
9.51
9.28
9.59
9.63
9.67
9.42
9.60
10.12
10.03
9.62
10.46
9.59
9.82
9.33
9.45
9.65
9.46
9.59
9.21
10.07
10.21
9.75
10.27
9.69
9.17
10.10
9.74
10.92
9.88
9.42
9.70
9.76
9.76
9.57
9.53
9.44
9.88
9.36
8.96
9.30
8.91
9.90
9.38
9.78
9.01
9.33
9.50
9.72
9.53
10.00
9.78
10.05
9.50
9.55
9.20
9.51
9.85
9.74
9.81
9.92
9.67
9.48
9.87
9.73
10.13
9.34
9.27
9.40
9.32
9.92
10.13
9.58
10.15
10.45
10.52
11.04
10.49
10.22
9.97
10.46
10.02
10.77
10.78
11.54
10.38
10.70
10.84
11.26
11.53
11.36
11.34
10.75
10.34
10.83
11.07
11.68
11.13
11.20
10.59
10.78
11.25
10.87
10.49
10.47
11.49
10.71
10.81
11.16
11.75
11.01
11.34
11.25
10.51
10.72
11.17
11.29
11.01
11.31
11.14
11.20
11.53
10.83
10.41
10.03
11.00
11.30
11.46
10.91
11.26
10.84
9.93
10.76
11.12
11.65
11.00
10.73
10.60
10.51
10.20
10.03
10.67
9.73
9.78
10.39
9.75
9.89
8.93
9.53
10.01
10.96
10.60
10.44
10.78
10.26
10.76
10.13
10.82
10.43
9.33
9.87
10.36
9.79
10.63
10.12
9.53
9.60
9.49
10.71
9.73
9.87
9.15
9.23
9.90
10.17
9.88
10.03
10.19
9.76
9.96
9.45
10.39
10.16
9.28
9.70
10.43
10.41
9.78
9.52
10.23
10.02
9.52
9.83
9.83
10.33
9.98
10.23
10.51
9.47
9.97
10.04
9.99
9.86
10.64
9.87
10.00
9.67
10.03
9.68
9.88
10.10
10.74
10.22
9.73
9.58
9.47
9.52
9.57
9.62
9.36
9.32
9.78
9.10
9.02
9.53
8.34
8.07
9.03
8.66
9.53
8.90
8.96
9.55
9.15
8.99
8.76
9.15
9.44
9.75
9.96
9.98
9.54
10.11
9.76
9.75
9.29
9.86
9.00
9.32
9.28
9.76
9.78
9.36
9.42
9.84
9.56
9.99
9.97
9.32
10.49
10.36
9.58
9.89
9.18
9.74
9.76
8.39
9.25
8.92
9.53
8.85
9.59
9.96
9.34
9.23
9.76
9.31
9.18
9.54
9.42
9.97
10.32
9.73
10.03
9.54
10.01
10.25
9.69
9.56
10.17
10.20
9.84
9.27
10.01
10.23
10.22
10.31
10.18
10.13
9.77
9.79
10.09
9.17
9.42
9.23
9.88
9.44
10.35
10.52
10.19
10.05
10.06
9.81
10.02
9.72
9.78
10.20
9.75
9.67
9.89
10.50
10.31
9.97
10.51
10.13
9.53
9.86
9.39
9.64
9.33
10.25
9.98
9.54
8.99
9.19
9.35
9.47
9.54
9.60
9.97
10.06
9.45
10.74
10.57
10.22
10.39
10.03
10.03
10.94
10.06
10.31
10.41
9.73
10.05
8.97
9.29
9.42
9.59
9.25
10.01
9.90
9.53
9.32
10.19
9.93
9.57
9.30
9.90
9.81
9.36
10.02
9.94
9.82
9.81
10.17
9.03
8.93
9.15
9.87
8.83
9.46
9.16
9.00
9.76
9.01
9.63
8.81
8.23
8.88
8.31
8.86
9.05
9.66
8.27
9.38
9.54
9.60
8.87
8.81
9.26
9.14
8.21
8.87
9.17
9.31
8.77
9.54
9.92
9.58
9.76
9.81
9.83
8.60
8.85
9.48
8.67
8.70
8.74
8.53
9.47
8.75
8.59
8.39
8.39
9.25
8.86
9.05
9.02
9.09
8.45
8.34
8.77
8.76
8.86
8.35
9.21
9.33
8.51
9.13
8.36
9.11
8.81
9.18
8.83
8.97
8.38
8.61
8.42
9.02
9.29
9.03
8.55
8.85
8.97
9.38
8.86
8.63
9.14
8.67
8.52
9.09
9.20
8.38
8.67
8.88
8.67
8.66
9.13
8.60
8.92
9.20
9.01
10.02
9.60
9.19
10.10
10.38
9.68
10.09
10.25
10.46
10.43
10.93
10.88
10.35
10.55
9.90
10.01
10.37
10.15
9.93
10.93
10.25
10.33
9.45
10.52
10.33
10.21
10.76
11.01
10.71
11.33
11.21
11.16
9.36
9.83
9.85
9.54
10.32
10.64
10.84
11.21
10.88
11.11
11.14
11.12
11.07
10.12
11.32
10.88
10.27
10.23
11.26
10.61
10.49
9.94
9.44
10.01
10.06
10.00
10.73
10.94
11.13
9.40
9.97
9.98
9.54
9.18
9.02
8.97
8.44
8.60
9.09
8.90
8.35
9.11
8.39
8.62
8.21
7.63
9.08
8.50
9.59
9.88
10.37
9.58
9.31
9.74
9.46
9.31
9.52
9.85
9.91
9.67
8.98
9.51
9.91
9.27
9.19
10.06
10.13
9.65
8.93
9.36
9.12
9.36
9.41
9.09
8.58
9.26
8.64
9.49
9.47
9.97
9.70
9.13
9.17
9.69
9.52
9.44
9.98
9.64
9.85
9.67
9.68
8.93
9.52
9.43
9.57
8.74
8.76
8.93
8.49
8.99
9.32
9.56
8.53
9.17
9.96
9.60
9.68
9.33
8.65
10.54
10.21
10.46
9.80
10.15
9.80
9.71
10.39
9.19
8.84
9.06
8.62
9.64
9.38
9.46
9.60
9.95
10.24
10.28
8.43
8.69
8.15
9.02
9.17
8.70
8.33
9.31
9.81
9.75
9.89
9.20
9.35
8.44
9.00
8.81
8.47
7.73
7.83
8.77
8.90
8.16
8.14
8.98
8.41
8.60
8.91
8.53
8.56
8.69
8.60
9.47
9.71
8.60
8.60
8.68
8.39
9.46
9.74
8.90
8.74
8.75
9.13
9.66
9.05
8.50
8.66
8.86
8.53
8.91
9.11
9.65
8.89
9.23
9.16
9.32
8.49
9.10
8.44
8.19
9.11
7.88
8.58
9.36
8.79
9.25
9.46
9.29
8.99
9.60
9.51
9.55
9.63
8.79
9.35
8.73
9.32
8.79
8.75
9.20
9.04
9.90
8.93
9.44
9.27
9.53
9.21
9.19
9.06
8.89
9.00
9.21
9.29
9.84
9.18
9.36
9.33
9.46
9.47
10.00
9.80
9.55
9.49
9.76
9.82
9.96
10.49
10.00
9.90
9.65
9.96
9.80
9.86
10.90
9.70
9.53
10.14
10.03
10.81
9.84
8.91
9.85
10.50
9.59
9.44
9.72
9.71
9.98
9.89
9.95
9.65
9.48
10.34
9.09
8.86
9.48
9.57
9.45
9.98
9.36
9.96
8.91
8.85
9.77
9.63
9.04
9.46
9.88
9.86
10.03
9.07
9.12
9.29
9.61
9.47
9.43
9.38
9.14
9.20
9.24
9.06
8.97
9.23
9.09
8.76
8.97
9.44
8.94
9.10
9.00
8.67
8.81
9.62
9.47
9.33
9.34
9.72
9.48
9.37
10.31
9.95
10.22
9.85
9.63
9.41
9.85
9.64
9.37
10.06
9.23
9.72
9.59
9.81
9.18
9.29
9.44
9.64
9.37
9.82
9.80
10.15
9.65
9.12
9.24
9.40
9.01
8.98
10.02
9.47
8.76
9.08
9.02
9.60
9.75
9.63
10.02
10.20
9.52
8.69
9.44
9.46
9.48
9.70
9.87
10.68
9.36
9.66
9.88
10.14
9.67
9.18
9.73
10.19
9.01
8.79
9.48
9.22
8.63
9.35
9.27
9.81
9.19
9.24
9.56
9.31
9.37
9.59
9.71
9.90
9.13
9.24
9.35
9.41
10.27
9.54
9.30
9.97
9.82
10.14
9.41
9.67
9.52
9.66
8.76
9.05
9.04
9.59
9.50
9.57
9.91
10.00
9.48
9.06
8.66
8.80
9.32
9.74
9.44
9.53
9.37
9.43
9.52
9.50
9.44
9.72
9.67
9.32
9.21
9.24
8.83
8.96
8.69
9.33
8.57
8.85
9.68
9.55
9.22
8.91
8.62
8.66
9.31
8.54
9.18
9.36
9.21
9.22
8.66
8.99
9.49
9.32
8.83
8.36
8.86
9.28
8.90
10.22
9.70
9.35
9.72
9.51
9.28
9.63
9.39
9.61
9.05
9.17
9.68
9.49
9.39
9.28
9.70
9.47
9.60
9.47
9.77
8.83
9.69
10.42
10.44
9.91
9.82
9.42
9.65
9.52
9.49
10.00
9.66
9.80
9.91
8.33
8.74
9.63
9.30
9.34
9.62
9.74
9.70
9.59
10.25
9.33
10.25
9.32
10.32
9.91
9.14
8.54
8.69
9.73
9.09
10.02
9.73
9.71
8.94
9.54
9.70
10.08
9.76
10.38
9.95
9.94
9.96
10.20
9.28
10.14
9.74
9.88
9.54
10.01
9.67
9.55
10.36
9.74
9.24
9.95
9.19
8.48
10.42
9.98
8.90
8.41
8.92
9.29
9.79
9.28
9.05
9.19
8.93
9.53
8.79
9.64
9.16
10.12
9.55
8.89
9.82
9.91
9.29
9.39
8.15
9.34
9.07
8.92
9.20
10.19
9.92
10.08
9.12
9.36
9.48
10.03
9.94
9.70
9.74
9.45
9.88
9.90
9.81
9.90
10.37
10.08
10.53
10.11
10.63
9.70
9.87
9.21
10.17
9.88
9.52
9.37
9.18
9.53
9.42
9.31
9.71
10.26
10.55
9.35
10.42
10.44
10.22
9.31
9.75
10.42
9.35
9.12
10.01
10.36
10.28
10.03
10.58
10.00
10.54
10.40
10.57
9.45
9.30
9.77
10.16
10.04
9.22
9.30
9.25
10.07
9.47
9.15
8.78
8.93
8.83
8.83
8.65
8.70
9.31
9.04
8.80
9.64
10.11
10.01
9.10
10.12
9.58
9.32
9.41
9.28
10.04
9.94
9.98
9.00
9.34
10.22
9.47
9.30
9.49
10.07
9.48
9.79
9.64
8.16
7.93
8.16
8.19
8.50
8.61
9.17
9.64
9.76
9.38
9.09
9.77
9.32
8.91
9.14
9.22
9.21
9.79
9.35
9.14
8.86
8.80
9.30
9.27
8.81
9.33
8.95
10.18
9.90
9.97
10.04
9.56
8.97
9.45
8.66
9.38
9.73
9.63
9.10
8.88
9.66
10.05
9.07
9.11
9.05
9.13
9.60
9.61
9.73
9.56
8.64
9.10
9.26
8.99
8.84
9.07
8.87
8.84
9.44
8.71
9.05
9.36
9.48
9.49
9.21
9.49
9.46
9.34
9.41
9.49
9.62
9.81
9.31
8.65
8.88
9.03
8.76
8.28
8.98
9.09
7.08
8.23
8.53
8.09
7.63
7.74
7.61
8.65
8.56
7.74
9.05
8.82
9.43
7.81
8.41
8.73
8.44
9.92
9.28
9.23
9.67
8.58
8.76
9.20
8.57
8.76
8.73
8.25
8.38
8.40
8.80
8.33
8.54
8.68
9.24
9.10
8.93
9.01
8.47
9.13
8.66
7.87
8.46
9.03
9.12
9.05
9.67
8.56
9.14
8.64
7.89
8.34
9.00
8.83
8.93
9.11
8.99
8.91
9.30
9.54
9.44
9.27
9.16
9.10
9.44
9.05
8.99
9.30
9.34
9.40
8.86
9.28
8.67
9.18
8.82
8.74
9.92
9.25
9.13
9.10
8.82
9.88
9.46
9.12
9.41
9.31
9.12
8.56
8.47
8.67
9.10
8.88
8.29
8.24
8.61
8.71
7.96
8.53
7.85
9.31
8.46
8.10
7.79
8.93
9.31
8.25
8.88
8.89
9.09
8.50
9.04
9.16
8.75
8.53
8.52
7.93
8.83
8.14
8.82
9.49
9.11
8.86
9.07
8.45
8.57
8.53
8.86
9.02
9.39
8.43
8.50
8.38
9.19
9.60
8.74
8.89
9.10
8.73
8.89
9.39
8.57
8.89
9.12
8.94
8.06
8.42
8.22
8.83
8.89
8.71
9.39
8.88
8.58
9.48
8.50
8.60
8.53
9.01
8.95
9.31
9.51
9.88
8.92
8.57
8.79
9.64
9.03
9.20
8.80
9.28
9.64
9.36
8.93
8.40
8.87
9.11
8.93
9.38
9.31
8.88
8.95
8.67
9.35
8.97
9.15
9.10
9.50
8.63
8.73
9.38
8.82
9.91
8.95
9.28
9.21
9.43
10.25
9.58
9.01
8.67
9.25
8.71
8.92
8.87
8.87
9.12
8.61
8.59
8.94
9.44
8.62
8.88
8.23
9.01
8.39
8.79
8.57
9.30
9.38
8.60
9.18
8.95
9.23
8.73
8.03
8.57
8.34
8.91
9.02
9.20
9.13
8.66
9.42
8.84
8.30
9.13
8.81
8.16
8.55
8.98
8.35
8.71
9.01
8.59
8.52
9.16
9.13
8.66
8.81
8.87
8.86
8.84
8.15
9.03
9.01
9.47
9.69
9.24
8.88
8.72
8.36
8.76
8.77
9.00
8.83
9.25
8.68
9.08
8.86
8.65
8.79
8.88
8.98
8.71
9.10
8.42
8.62
8.69
8.60
8.60
8.62
8.30
8.83
8.51
8.70
8.63
8.61
9.21
8.78
8.59
8.75
8.38
8.07
8.41
8.61
8.58
8.92
8.63
8.54
8.17
8.89
9.19
8.74
8.49
8.94
8.04
8.60
9.13
8.08
8.40
9.03
9.51
9.32
8.86
8.45
8.91
8.90
8.92
8.31
8.59
8.63
9.09
9.10
9.38
8.72
9.20
8.35
8.71
9.30
9.26
8.58
7.75
8.43
8.08
8.38
8.12
8.04
9.60
8.23
9.02
9.17
9.74
8.65
8.51
8.76
8.37
8.73
8.63
7.94
8.44
8.46
8.48
7.72
8.80
8.72
8.09
8.00
7.88
8.35
8.37
8.62
8.57
8.60
9.15
8.53
8.65
7.91
8.19
7.87
8.47
8.07
7.96
7.87
8.35
8.56
8.00
8.81
8.30
8.43
8.27
8.53
8.24
7.76
8.86
7.92
8.14
8.10
8.73
8.13
7.98
7.73
8.93
8.81
8.88
8.89
8.76
8.93
8.64
9.06
9.26
9.07
8.87
9.11
9.46
8.41
8.70
9.20
9.06
9.46
9.24
9.94
9.18
9.72
9.22
9.42
9.56
8.74
8.77
9.16
9.55
8.94
8.68
8.57
7.90
8.65
8.57
8.71
8.98
8.38
8.09
8.24
8.70
9.02
8.79
8.62
8.07
8.90
8.57
8.62
8.68
9.14
9.20
9.47
9.33
9.16
8.89
9.03
9.40
8.67
8.61
8.36
8.47
8.94
8.97
8.91
8.79
8.60
8.51
8.75
8.57
9.10
9.15
9.19
8.97
9.50
9.39
8.76
9.19
9.48
8.73
10.34
9.15
8.93
10.15
9.55
9.91
9.52
9.85
9.93
9.57
9.66
9.18
8.36
9.02
8.51
9.39
9.12
8.93
8.88
8.75
8.64
8.26
8.46
8.86
9.21
9.33
8.66
9.29
8.85
8.57
9.06
8.66
8.44
8.08
8.27
8.57
8.60
9.12
9.19
9.50
9.19
8.78
9.52
9.23
10.09
8.89
9.05
9.62
9.66
10.00
8.64
9.28
9.03
8.57
9.12
9.24
9.55
9.18
8.67
8.58
9.24
9.22
9.19
9.15
9.28
9.06
8.98
8.29
9.17
9.04
9.06
8.88
8.98
9.67
9.46
8.76
8.29
9.56
9.50
9.37
9.36
8.75
9.87
9.24
9.34
10.13
8.97
9.19
8.85
9.55
10.54
10.05
10.33
9.55
9.46
9.01
9.53
9.30
9.24
9.45
9.51
9.50
8.65
9.37
8.79
9.16
8.76
9.06
8.67
9.60
9.20
9.22
9.56
9.09
9.65
9.39
8.82
9.54
9.28
9.18
8.93
9.18
8.99
9.21
9.05
9.36
9.17
8.88
9.11
9.38
9.73
8.72
9.60
9.66
9.72
10.04
9.87
9.78
8.52
9.17
9.78
9.27
9.73
9.55
9.61
9.60
9.43
9.20
8.63
9.41
9.98
9.73
9.22
9.41
9.24
9.53
9.66
8.86
8.96
9.45
9.23
9.55
9.55
9.69
9.18
9.09
9.16
9.00
8.71
9.14
9.24
9.28
8.61
9.49
9.02
9.42
9.34
9.70
9.53
8.86
8.94
9.18
9.01
9.22
8.95
8.81
9.46
8.75
8.50
8.70
8.97
9.41
8.90
9.30
8.61
9.34
9.18
8.94
9.11
8.99
8.64
8.90
8.67
9.23
8.53
8.88
9.29
9.04
9.37
8.63
9.17
9.19
9.27
10.04
9.00
9.01
9.10
9.69
9.16
9.70
9.22
9.11
9.60
9.26
9.01
9.48
9.36
8.88
9.64
9.24
9.52
9.39
9.61
9.23
9.17
9.73
9.15
9.74
8.80
9.04
9.11
10.05
8.81
8.60
9.20
9.64
9.05
8.81
9.07
9.17
9.18
8.58
9.19
9.06
8.72
9.59
9.07
9.20
9.24
9.37
8.50
9.29
9.11
8.60
9.09
9.23
8.97
8.73
9.46
9.15
9.67
10.17
9.26
10.00
9.85
9.46
10.18
9.99
9.84
9.78
9.46
9.51
9.14
9.12
9.56
10.11
10.04
9.46
10.47
10.32
8.97
9.70
9.71
9.94
10.70
9.31
10.25
9.59
9.46
9.29
10.25
10.13
9.77
9.87
10.14
8.94
9.36
9.58
9.71
9.53
9.45
10.26
9.83
10.50
10.41
10.54
9.73
9.55
9.47
9.97
10.21
9.85
9.83
9.58
9.82
10.97
9.86
10.22
10.38
9.43
9.30
9.47
9.57
8.55
9.18
9.28
9.34
10.14
9.16
9.22
10.06
10.09
10.37
10.26
9.50
9.68
9.76
9.84
9.93
10.02
9.94
9.83
9.58
10.24
9.68
9.58
9.39
9.59
9.14
9.11
9.27
9.15
8.86
9.95
9.58
10.08
10.25
9.80
9.26
8.91
9.64
9.14
9.25
9.55
9.59
9.46
9.50
9.72
9.81
9.82
9.36
9.30
9.06
9.46
9.40
10.24
9.66
10.18
9.60
9.16
9.22
9.62
9.66
9.16
9.47
9.73
9.25
9.54
8.97
9.38
8.88
8.86
9.47
9.39
9.69
9.38
9.55
8.55
8.36
9.48
9.83
9.64
9.25
9.87
10.06
8.82
9.36
9.46
9.48
10.25
9.55
9.22
9.61
9.19
9.57
9.31
10.08
9.36
9.93
10.24
10.10
9.70
9.11
9.36
9.86
9.52
10.15
9.17
10.38
9.53
9.65
10.28
10.25
9.82
10.12
9.44
9.13
9.80
8.74
9.07
9.53
8.96
9.80
9.64
9.54
9.04
9.68
10.09
9.01
10.04
9.71
9.17
8.10
8.78
8.97
9.22
8.87
8.74
8.60
8.53
8.72
8.90
8.95
9.08
9.03
9.36
9.79
9.59
8.99
8.12
8.56
9.54
8.46
8.64
8.83
9.50
9.35
9.28
10.02
8.92
9.28
8.82
9.76
9.66
9.28
9.84
9.73
9.78
8.98
9.33
8.91
9.19
10.01
9.21
9.16
9.41
9.93
8.38
9.15
8.91
9.18
8.90
9.28
9.03
8.70
9.07
8.86
9.19
9.27
8.93
8.50
8.03
8.82
8.37
8.71
7.82
8.24
7.56
8.53
8.92
8.21
9.12
9.53
9.82
9.42
9.04
9.52
9.35
10.02
8.71
8.66
8.94
9.01
8.47
8.67
8.54
9.79
9.16
9.56
9.43
9.46
9.02
8.47
8.63
8.69
8.53
8.74
8.39
8.76
8.76
9.12
8.74
9.98
8.88
9.82
9.59
9.14
10.12
10.37
8.88
10.23
9.77
10.03
9.43
9.79
9.76
9.52
9.44
9.66
9.76
9.27
9.22
8.25
8.92
8.66
8.68
9.18
9.07
9.46
9.87
9.01
8.96
8.92
9.23
9.42
9.07
8.90
8.14
8.64
9.81
9.63
9.04
9.81
8.83
9.14
9.05
8.62
9.07
9.17
9.69
8.90
8.70
9.89
8.74
9.36
8.74
9.46
9.20
9.15
9.57
8.77
9.24
9.68
8.48
9.38
9.44
8.76
9.29
9.52
8.75
9.12
8.85
8.93
8.76
9.91
9.55
9.67
8.64
8.84
8.80
8.77
8.77
9.02
8.87
8.81
9.43
9.35
9.11
9.87
9.71
9.50
9.24
9.34
9.37
9.36
9.63
9.09
8.97
9.30
9.96
9.71
9.38
9.64
9.17
9.81
9.33
9.48
9.01
8.89
8.57
9.46
8.99
9.20
8.81
8.86
8.81
9.04
9.21
8.74
9.06
9.21
8.83
8.85
9.11
8.96
8.48
8.70
9.70
8.94
8.78
9.20
9.53
9.65
9.83
9.19
9.68
10.04
8.66
9.61
9.66
9.41
9.53
8.95
9.18
9.18
9.59
9.47
9.88
8.95
10.71
9.31
9.29
10.47
10.11
9.73
10.02
9.86
9.59
9.60
8.99
10.10
9.77
9.23
9.28
9.53
9.18
9.47
9.05
9.90
9.24
9.18
9.55
9.29
9.60
9.70
9.53
9.06
8.85
9.05
9.56
9.37
8.67
8.53
9.24
9.20
9.36
8.91
9.08
9.06
8.95
9.43
9.62
9.45
9.47
8.83
8.79
8.56
9.09
9.85
9.99
8.79
9.14
9.03
9.46
9.32
8.90
9.16
9.24
8.79
8.75
9.11
9.30
9.42
9.61
9.69
9.52
9.93
9.36
9.82
9.56
9.26
9.53
8.89
9.59
10.18
9.79
10.76
9.47
9.50
9.81
9.10
9.37
9.78
9.99
9.53
9.01
9.96
9.31
10.17
9.88
9.96
9.94
9.65
9.57
9.42
9.50
9.42
10.07
9.62
9.20
9.91
9.42
9.64
9.67
9.91
9.56
10.25
10.20
10.28
9.26
8.93
9.10
9.40
9.31
9.76
9.34
8.98
9.80
9.61
10.59
9.67
9.88
9.68
9.45
9.67
9.22
9.70
10.17
9.25
9.53
9.55
8.82
8.70
8.42
9.30
8.75
9.12
9.00
8.89
8.10
9.25
9.29
9.74
9.25
8.74
9.03
8.72
8.70
8.67
8.57
9.34
8.95
9.59
9.14
9.50
9.46
8.31
8.67
9.01
8.72
9.20
9.18
8.98
9.53
8.80
8.65
9.07
9.66
8.98
7.87
8.78
9.16
8.84
9.16
9.44
8.85
8.96
8.76
8.82
8.94
9.73
8.84
9.04
9.19
8.42
9.24
9.37
8.73
9.26
8.47
9.12
9.78
9.55
9.23
9.29
9.24
9.31
9.60
8.83
9.36
8.91
8.92
9.29
9.44
9.61
9.26
9.18
9.51
9.09
9.33
8.85
8.91
8.86
9.06
8.52
9.27
8.89
9.02
9.63
9.33
9.43
8.99
9.68
8.99
9.60
9.48
9.64
8.83
8.63
9.65
9.80
9.77
10.08
9.22
9.10
9.18
10.03
8.71
8.83
8.92
9.60
9.11
10.05
9.85
9.41
10.00
9.15
9.14
8.97
9.42
9.17
10.29
10.42
9.72
8.84
9.64
9.11
10.32
8.90
9.01
9.09
9.24
9.15
9.41
9.44
8.95
9.49
9.71
9.26
9.32
10.41
9.70
9.04
8.77
9.38
9.13
9.26
9.80
9.59
9.75
8.87
9.64
10.09
9.33
9.81
9.92
9.48
10.01
9.51
9.14
9.03
9.14
9.63
9.07
9.93
9.63
9.03
9.25
9.54
9.15
9.42
8.93
9.25
9.56
9.25
9.31
8.94
9.20
9.27
9.27
9.06
9.24
9.17
9.08
9.53
9.30
9.11
8.61
8.59
9.40
9.69
9.42
9.62
9.57
9.24
8.57
8.91
9.51
9.24
9.45
9.76
9.78
8.86
9.59
9.25
8.57
8.45
8.56
8.54
8.65
9.15
9.38
9.77
10.02
9.34
9.73
9.67
9.75
10.08
9.92
9.39
9.50
8.61
9.09
9.38
8.62
9.35
8.36
9.00
9.09
8.63
8.67
9.43
9.21
8.99
9.40
9.10
9.26
9.01
8.95
9.17
9.12
9.00
9.22
9.07
8.90
8.34
8.59
8.77
8.80
9.17
9.04
9.40
8.18
8.66
8.53
8.59
8.85
8.01
8.36
8.74
8.64
8.61
8.59
8.47
8.90
8.67
9.07
8.75
8.82
8.91
8.65
8.30
8.43
8.56
8.53
8.44
8.74
8.47
8.28
8.83
8.26
8.07
8.53
8.76
9.25
8.69
9.01
8.61
9.07
9.20
8.47
9.01
8.89
8.69
8.31
8.71
8.39
7.96
8.73
8.55
9.04
8.94
8.40
9.18
8.88
8.48
8.89
8.05
8.54
8.45
8.35
8.95
9.49
8.73
8.83
8.47
8.70
7.95
8.72
9.47
8.96
8.86
9.05
9.18
9.44
8.74
9.12
9.09
8.75
8.88
9.12
9.65
8.70
8.76
8.45
8.64
8.76
8.19
8.70
8.25
8.22
8.31
7.63
9.46
8.28
8.03
8.79
8.62
9.03
8.71
9.09
9.02
9.50
8.76
9.43
8.57
8.71
8.54
8.55
8.54
8.51
8.46
8.07
8.82
8.21
8.48
8.69
8.52
8.21
8.67
8.99
8.75
8.76
8.35
8.91
8.63
8.92
8.87
8.26
8.67
9.04
8.63
8.56
8.62
9.15
8.68
9.10
8.20
8.23
8.61
9.17
8.43
7.93
8.28
8.90
8.23
8.51
8.82
8.73
8.73
8.24
9.23
9.85
8.97
8.53
8.82
8.87
8.51
8.59
8.41
9.05
9.24
9.36
9.64
8.68
9.12
8.90
8.76
9.57
8.41
8.79
9.32
9.25
9.11
8.73
9.00
9.03
9.97
8.56
8.69
8.91
8.26
8.72
8.56
9.07
8.47
9.77
8.69
8.85
9.20
8.85
8.67
8.13
8.61
9.07
8.71
9.16
9.48
9.50
8.36
8.51
8.74
9.18
9.13
9.15
8.73
8.74
8.61
8.78
9.01
8.94
8.98
8.82
8.67
8.56
9.33
9.42
9.11
8.65
9.27
9.06
9.68
9.05
9.25
8.38
8.52
8.96
8.69
8.78
8.38
8.67
8.13
10.03
9.01
8.80
9.11
9.29
8.72
8.53
9.12
8.18
9.02
9.22
8.26
8.46
8.15
8.66
8.73
8.76
8.89
8.45
8.17
9.92
9.28
9.31
8.65
9.56
8.87
9.14
8.99
9.24
8.71
8.67
9.42
8.74
9.81
9.06
9.10
9.00
9.44
8.80
9.10
9.46
10.15
9.35
9.80
9.53
9.93
10.60
10.74
10.69
9.35
10.07
10.04
10.99
10.19
10.03
9.59
9.21
8.97
8.65
8.75
9.73
9.30
9.25
9.80
9.69
9.16
9.39
9.89
9.63
9.42
9.70
9.41
9.48
8.98
9.13
9.01
9.20
10.24
9.47
9.10
8.72
8.68
9.64
10.09
9.66
9.50
9.08
8.66
9.18
9.40
9.79
10.05
10.07
9.39
9.48
10.28
10.01
9.62
10.39
9.93
9.84
10.23
10.31
10.28
10.26
11.20
9.86
9.78
10.23
9.92
10.05
10.49
10.89
10.35
10.27
9.85
9.76
10.37
10.01
10.07
9.58
9.18
9.24
9.80
9.27
9.34
9.28
9.71
9.33
9.10
9.90
9.12
9.58
9.64
10.03
9.84
10.05
9.45
9.55
9.61
9.81
8.83
9.08
8.91
9.11
8.83
9.22
9.22
8.66
9.72
9.86
8.15
8.40
8.48
9.14
9.21
8.22
9.83
9.03
9.55
9.60
9.89
9.37
9.74
9.44
9.11
9.30
9.34
9.08
9.29
8.86
8.77
8.99
9.13
8.52
9.73
9.08
9.24
9.27
9.03
8.42
7.72
8.39
9.03
8.99
9.65
9.54
9.81
9.64
9.11
9.41
9.20
8.93
9.53
9.44
9.87
9.87
9.46
9.37
9.62
9.07
9.38
9.35
9.46
9.22
9.47
9.36
9.72
9.30
8.84
8.62
9.20
9.12
9.37
8.71
9.40
8.87
9.52
9.96
10.08
9.92
9.78
9.63
9.24
9.10
10.16
9.28
9.45
9.07
8.60
8.06
8.92
9.09
8.13
8.60
9.35
8.57
8.52
8.67
8.85
9.00
8.56
8.99
8.69
8.69
8.52
8.10
8.97
8.04
7.84
9.27
8.61
8.56
9.22
8.74
9.45
9.30
9.05
9.88
9.14
9.20
8.66
9.48
8.49
9.65
10.18
10.24
9.62
9.47
9.11
9.32
9.74
9.49
9.87
9.65
9.57
9.80
10.31
9.66
9.50
9.43
9.12
9.14
9.40
9.13
9.29
9.09
9.58
9.29
9.41
9.22
9.06
8.75
9.54
9.07
9.69
9.37
9.63
9.56
9.71
9.65
10.28
9.60
9.35
9.99
8.67
10.19
9.42
9.71
9.17
10.00
9.39
9.84
10.07
8.88
9.03
8.95
9.61
9.81
9.40
9.18
9.96
9.51
9.34
10.13
9.41
9.15
9.45
10.18
9.86
10.54
9.68
10.32
10.23
10.68
10.73
10.45
9.91
9.63
9.68
9.88
9.58
10.15
10.36
9.56
9.60
9.95
10.30
10.19
10.12
9.87
9.76
10.00
9.91
9.54
9.49
10.00
9.50
9.90
9.55
9.06
9.13
9.46
9.29
9.27
9.20
8.81
10.37
10.01
9.58
9.71
8.48
8.97
9.89
9.70
9.48
9.47
9.18
8.65
8.94
10.01
9.00
9.62
9.02
9.65
9.20
9.43
9.08
9.19
8.62
9.21
8.95
9.25
9.18
8.79
7.87
8.47
9.49
8.93
8.93
8.21
8.13
8.41
8.87
8.61
8.53
8.49
8.58
8.95
8.37
8.33
8.59
8.28
8.73
8.89
8.65
8.52
8.90
8.04
8.06
8.60
9.17
8.91
8.50
8.50
8.83
8.60
9.03
9.15
8.86
8.63
9.11
8.96
8.73
8.57
8.88
8.90
8.48
8.12
8.76
8.59
8.98
8.69
8.17
8.06
8.44
8.41
8.90
8.87
9.63
8.78
9.21
8.35
8.79
8.02
8.39
8.77
8.37
8.46
8.26
8.27
8.71
8.31
8.65
8.61
8.47
7.95
8.23
8.49
7.96
8.16
8.37
8.53
8.87
7.71
8.59
8.73
8.66
8.89
8.34
8.74
8.53
8.90
8.29
8.44
7.98
8.49
8.85
8.56
8.60
9.27
9.56
9.10
9.75
9.48
8.66
9.55
9.18
8.86
9.11
8.82
8.26
9.13
8.78
9.05
9.39
8.95
9.97
9.23
9.35
9.17
9.32
9.13
9.68
9.45
9.46
9.40
8.94
9.40
9.09
9.01
9.16
9.13
9.29
9.17
9.26
8.51
8.75
8.77
8.41
8.67
8.45
8.92
8.46
8.62
8.89
9.52
9.64
8.74
9.20
9.38
9.42
9.30
9.59
8.84
9.09
9.31
8.30
8.88
8.96
9.43
8.59
9.66
9.69
9.50
8.83
9.53
9.17
8.59
9.37
8.77
9.17
8.76
9.26
8.44
8.82
9.01
8.71
8.67
8.81
8.47
8.77
9.05
9.41
8.49
8.92
9.06
9.36
9.18
9.26
9.01
8.74
9.25
8.73
8.63
9.16
8.63
8.96
9.01
8.87
8.96
9.25
8.75
9.00
8.70
8.97
8.57
9.09
8.39
8.45
8.94
9.23
9.13
9.30
9.34
8.65
8.64
8.67
8.76
8.90
9.18
8.32
8.42
8.82
9.26
9.40
9.38
9.20
8.44
8.69
9.41
8.53
8.76
8.88
9.31
8.60
8.81
8.51
9.53
8.41
7.94
8.15
8.28
8.93
8.79
8.91
8.57
8.75
8.27
9.23
8.70
9.03
9.28
8.26
8.93
9.43
9.28
8.21
8.82
8.46
8.55
8.30
8.63
8.32
8.09
8.51
8.42
8.85
9.01
8.33
8.08
8.99
8.64
9.20
8.70
8.44
9.03
8.52
9.10
9.08
8.87
8.77
9.12
8.66
8.64
9.26
9.21
9.17
9.33
8.42
9.15
8.98
9.17
8.58
9.09
8.98
9.71
8.90
9.13
9.41
9.55
8.93
9.81
9.02
9.39
9.57
9.07
8.86
9.09
9.41
9.14
8.73
8.54
8.54
9.26
8.40
9.28
9.22
9.02
9.05
8.60
9.37
8.99
9.28
9.12
8.94
8.42
9.06
9.19
9.37
8.65
8.70
9.13
9.01
8.42
9.36
8.65
9.21
8.45
8.59
8.81
9.13
8.72
8.69
8.68
8.37
8.23
8.65
8.40
8.65
9.16
8.76
8.92
8.94
9.22
8.68
9.25
9.11
8.97
8.94
8.96
9.14
8.75
8.96
8.98
8.82
8.50
8.48
8.52
9.19
9.05
8.97
9.07
9.35
9.00
9.16
9.11
8.64
9.76
9.53
10.09
9.27
8.94
9.92
9.90
9.74
10.05
10.16
9.80
9.86
9.44
9.37
10.41
10.03
10.08
10.09
9.96
9.83
10.12
9.73
9.73
9.83
9.59
9.09
10.17
9.96
9.87
9.21
9.45
9.38
9.26
8.97
9.20
9.02
9.15
9.19
9.41
9.32
9.54
9.17
9.65
8.39
9.30
9.64
9.80
9.21
9.11
9.48
9.66
9.42
10.24
9.31
9.16
9.58
9.41
9.03
9.21
9.02
9.10
9.54
9.17
9.40
9.13
8.70
8.68
9.49
9.39
9.32
9.41
8.99
9.47
8.99
9.84
9.52
9.56
9.39
9.41
9.61
9.74
9.74
9.17
9.44
9.42
9.57
9.96
9.85
9.24
10.04
9.14
9.36
9.13
9.78
9.46
9.62
9.36
9.10
9.47
9.50
9.63
9.31
10.03
9.33
9.17
9.22
9.21
10.09
8.99
9.63
9.91
8.59
9.43
10.23
9.77
9.69
9.53
10.12
9.67
9.12
9.54
10.23
9.13
9.68
9.71
10.01
9.70
9.84
8.90
9.75
9.29
9.11
9.89
9.55
8.73
9.17
9.47
9.76
10.01
9.46
9.77
9.36
9.55
9.48
9.92
9.37
8.73
9.24
8.75
9.35
8.65
10.08
9.39
9.28
8.95
9.87
9.64
9.71
9.58
9.01
9.34
9.99
9.02
8.93
9.45
9.76
9.65
9.72
9.85
9.18
10.14
9.65
8.75
9.70
9.64
9.80
9.97
9.10
9.69
9.31
8.99
8.86
8.69
9.09
9.23
8.83
8.93
8.77
8.80
9.45
8.84
8.71
8.66
8.90
9.17
8.15
