4.77
4.95
5.11
4.93
4.91
4.88
4.61
4.86
3.94
3.06
3.90
3.11
3.27
3.43
3.71
3.66
5.07
3.37
3.84
1.55
2.13
1.91
1.56
1.84
1.91
1.97
1.97
1.91
1.66
1.66
1.73
1.64
1.50
1.59
1.64
1.52
1.43
1.55
1.30
1.48
1.73
1.73
1.76
2.19
1.92
1.82
1.77
1.68
1.72
1.62
1.99
1.94
1.77
1.97
1.62
2.15
2.33
2.27
2.38
2.42
1.55
2.30
3.11
2.53
2.64
1.89
1.72
2.33
1.49
2.21
2.09
2.84
2.47
2.18
2.15
2.57
3.96
3.99
3.20
3.70
4.22
3.80
4.00
3.82
3.84
3.73
3.52
3.94
3.82
3.99
3.96
3.70
3.98
3.47
1.66
1.66
3.37
2.81
2.88
2.18
2.32
1.60
1.53
2.59
2.56
2.71
2.26
2.73
2.61
2.85
2.73
3.57
3.33
3.98
3.18
3.79
3.30
4.05
3.08
2.79
3.88
3.51
4.19
4.55
3.69
3.65
3.97
3.75
3.83
4.38
3.98
4.24
3.96
4.12
4.41
4.05
4.24
2.77
3.83
4.41
4.24
3.99
4.22
3.84
4.12
3.94
3.80
3.86
3.63
3.96
3.40
3.69
3.72
3.68
3.59
3.60
3.65
4.01
3.74
3.26
3.25
2.87
5.08
3.91
3.29
3.83
4.08
3.59
3.77
3.69
3.50
4.93
3.64
4.09
4.02
3.17
3.52
3.80
4.10
4.51
5.10
4.78
4.82
4.51
3.88
4.41
4.62
4.52
4.08
4.39
4.00
4.11
3.40
4.13
4.25
2.91
3.10
3.81
3.67
3.95
3.58
4.43
5.08
5.31
4.99
4.77
4.40
4.51
4.79
4.48
5.31
5.14
4.74
4.77
5.00
4.75
4.45
4.90
5.25
5.04
5.06
5.06
4.87
5.04
4.39
5.17
5.20
4.70
4.62
3.94
3.92
3.24
4.10
4.28
3.90
2.68
2.76
3.09
2.35
3.31
3.89
4.42
4.05
4.26
3.91
4.13
4.26
4.14
3.71
4.04
4.09
2.53
2.48
2.26
2.15
2.83
2.05
2.84
2.29
2.49
2.47
3.59
2.23
2.21
2.52
2.33
2.45
2.68
2.44
2.89
1.50
2.81
2.36
3.26
1.92
2.94
2.35
3.20
2.52
3.06
1.62
2.83
2.37
2.80
2.50
2.26
2.56
2.68
2.49
2.04
2.48
2.62
1.88
3.02
2.72
2.67
2.28
2.13
2.01
2.41
1.89
2.10
2.47
2.45
2.83
2.13
2.60
2.41
3.05
2.00
2.23
1.54
1.82
1.88
2.26
3.07
2.33
1.70
1.84
2.55
3.29
2.39
1.83
2.45
2.36
2.66
3.65
3.60
3.00
3.28
3.20
2.98
3.42
2.43
2.70
2.77
3.44
3.33
3.40
3.28
3.49
3.49
3.49
2.91
3.11
2.96
3.41
3.32
3.53
3.02
2.97
3.64
3.08
3.22
3.12
2.78
3.40
2.63
3.09
3.24
3.13
3.02
3.11
3.00
3.11
3.26
2.93
3.14
3.06
2.97
2.87
2.56
3.56
3.04
2.91
3.10
3.62
3.54
3.76
3.90
2.91
3.52
3.19
3.08
3.55
3.08
3.45
3.00
3.41
3.25
3.41
3.40
3.41
2.81
3.61
2.82
2.77
2.87
2.84
2.98
3.18
3.25
3.34
3.51
2.88
3.17
3.01
3.05
2.97
3.49
2.90
2.67
2.91
3.38
2.49
2.71
2.85
2.76
3.06
3.17
2.94
3.25
3.24
3.56
3.74
3.41
3.07
3.07
3.49
3.09
3.26
3.43
3.44
3.20
3.27
3.47
3.38
3.37
3.64
3.92
3.85
3.48
3.86
3.46
3.53
3.42
3.39
3.36
3.14
3.06
3.65
3.11
2.78
3.29
4.06
3.68
3.03
3.55
3.65
3.77
4.22
3.61
4.26
3.74
4.25
3.99
3.56
3.96
3.66
4.17
3.82
4.73
4.74
4.21
4.45
5.38
4.67
4.93
3.88
4.77
4.41
4.75
4.11
4.39
4.13
4.21
3.79
4.70
4.72
4.89
4.10
4.75
5.41
4.62
4.49
4.74
3.95
4.46
3.54
4.67
4.97
5.25
4.58
5.02
4.63
3.90
3.97
4.38
4.41
4.97
4.79
3.94
4.22
4.13
3.95
4.19
3.95
3.73
3.82
4.54
4.23
5.05
4.27
3.83
3.78
3.45
3.37
3.95
3.70
3.84
2.91
3.02
2.84
3.10
3.26
3.32
3.06
2.57
2.75
2.23
2.47
2.66
2.52
3.46
3.00
3.90
3.54
3.41
3.94
3.59
3.41
3.75
3.58
3.51
3.67
4.21
5.10
4.60
4.53
4.49
3.95
4.01
4.33
4.50
4.15
3.94
4.20
3.91
4.11
3.99
3.88
4.09
4.15
3.33
3.50
3.95
4.14
3.75
3.62
3.43
4.44
4.59
4.83
4.80
4.30
4.05
5.02
3.81
4.42
3.62
4.15
4.49
4.37
4.01
4.39
4.27
4.25
4.05
4.20
4.35
4.28
3.53
3.82
3.74
3.91
3.24
4.11
3.98
4.21
3.85
4.21
4.26
4.00
3.98
3.70
4.10
3.90
4.77
4.56
4.41
4.46
4.24
4.07
4.11
3.85
3.92
4.24
4.10
4.16
4.04
4.30
3.85
3.57
4.27
4.15
4.11
4.25
4.12
3.88
4.45
4.03
3.78
4.15
3.99
4.51
4.46
3.93
4.03
4.04
4.06
4.13
3.87
4.04
4.34
4.17
4.49
4.38
4.39
5.24
4.71
3.80
4.17
4.06
4.37
4.20
3.66
3.96
3.96
4.15
3.63
3.95
4.17
3.91
4.59
4.11
4.01
3.74
4.28
4.22
3.56
3.99
3.79
3.90
4.00
4.22
3.86
4.26
3.98
4.20
4.06
3.77
4.00
4.30
4.26
3.83
4.02
4.13
4.17
3.74
4.07
4.36
4.25
4.13
4.00
3.78
3.92
3.53
4.26
3.77
4.13
3.90
4.36
4.31
3.97
4.30
4.02
4.21
4.11
4.06
4.16
4.59
3.90
4.21
4.34
3.65
4.19
4.22
4.08
3.66
4.09
3.97
4.27
3.74
3.99
4.17
4.21
4.31
3.89
4.48
4.09
4.52
4.56
4.19
4.08
4.07
4.31
4.27
3.91
3.66
4.09
4.24
3.98
4.09
4.06
4.04
4.23
4.08
4.11
4.48
4.83
4.09
4.17
4.26
4.09
3.84
4.01
4.13
4.36
3.83
3.84
4.06
3.90
3.99
4.32
4.04
3.71
4.13
4.59
4.31
3.48
4.00
3.55
4.12
3.92
4.06
4.13
4.06
3.70
3.90
4.47
4.70
4.18
4.62
4.12
4.12
4.07
3.97
3.91
4.28
4.40
4.40
4.83
4.27
4.33
4.07
5.14
4.53
4.47
4.46
3.99
3.71
3.73
3.76
3.79
4.02
3.90
4.35
3.72
3.86
4.28
3.85
4.26
4.62
4.36
5.10
3.93
4.68
4.87
4.85
4.86
4.89
4.84
4.88
4.95
4.40
3.54
3.75
4.28
3.64
3.92
4.06
3.66
3.69
4.23
4.16
3.98
3.92
3.59
3.83
5.09
4.44
4.34
4.38
4.39
3.99
3.98
3.91
4.69
3.68
3.93
4.04
4.11
3.79
4.23
4.75
3.83
3.95
4.13
4.15
4.61
4.58
3.82
4.22
3.60
3.91
4.82
4.87
4.47
5.30
4.70
4.08
4.08
4.61
4.69
4.90
4.52
4.24
4.37
4.49
4.63
4.56
4.35
4.99
4.32
4.71
4.16
4.35
4.68
4.87
5.19
4.76
4.61
4.80
5.26
5.01
4.74
4.76
4.84
5.42
4.70
5.20
4.68
5.07
5.25
5.55
5.74
5.04
5.12
5.82
4.18
5.22
5.04
4.69
5.84
5.50
5.42
5.05
5.71
5.85
4.78
4.75
4.72
4.98
5.25
5.35
5.34
5.13
5.15
4.82
5.74
5.25
5.54
4.69
4.85
5.22
4.92
5.07
4.96
5.47
4.93
5.71
5.30
5.10
4.88
5.15
4.03
3.89
4.79
4.73
4.73
4.35
4.68
4.45
4.72
3.99
4.20
5.09
4.69
4.20
4.33
5.34
4.79
5.35
4.97
5.45
4.35
4.34
4.43
3.61
4.06
4.23
4.42
3.67
3.94
3.87
4.10
3.87
3.79
3.97
3.95
3.86
4.38
3.90
3.97
3.86
4.28
3.77
3.75
3.87
3.67
4.30
4.05
4.31
3.92
3.96
4.06
4.67
4.77
4.23
4.36
4.16
4.38
5.08
4.39
4.04
3.93
4.72
4.35
4.74
4.00
4.61
4.34
4.59
3.84
4.02
4.16
4.01
3.99
4.36
3.96
4.41
3.86
4.31
3.71
4.69
4.39
4.29
4.37
4.41
4.68
5.11
5.64
4.97
5.28
4.92
5.63
5.16
5.86
4.83
4.80
4.15
5.34
3.95
4.45
3.80
3.28
4.16
3.91
3.77
4.83
4.18
3.62
4.51
3.57
4.05
4.07
3.98
4.43
4.64
4.53
3.91
4.52
3.98
3.05
3.44
4.31
3.88
4.08
3.94
4.62
3.85
3.68
3.57
3.59
4.16
2.95
3.62
3.82
4.43
3.61
3.88
3.71
3.65
3.79
3.36
3.50
3.81
3.97
4.17
4.03
3.92
3.60
4.09
3.75
3.85
3.87
3.90
4.28
3.80
4.54
3.83
4.02
4.09
4.06
4.14
4.06
4.59
3.68
4.27
3.42
3.65
3.41
3.48
4.94
5.33
4.27
4.99
4.78
4.94
4.40
4.92
4.19
4.29
4.45
4.58
3.95
4.65
4.94
4.60
4.47
5.30
5.62
5.28
5.44
4.42
4.45
3.23
4.09
3.47
3.66
3.45
3.65
4.03
3.23
3.56
3.95
4.27
4.08
4.45
4.41
4.70
4.47
4.85
4.61
5.05
4.62
4.85
4.45
4.91
4.79
4.22
4.58
5.25
4.99
4.72
4.73
4.64
4.98
5.52
5.44
4.95
4.78
4.36
4.61
5.09
5.25
4.76
5.04
5.10
5.23
4.97
4.42
4.97
4.67
5.38
5.37
4.85
5.32
4.97
4.69
4.47
5.05
4.35
4.73
4.70
5.19
5.44
4.59
4.43
4.55
5.19
4.70
4.75
4.72
4.74
4.26
4.66
4.73
4.35
3.76
4.45
3.76
3.79
3.82
4.63
3.92
3.72
3.83
4.02
4.12
4.17
3.09
4.56
3.91
4.32
4.47
4.66
4.34
4.83
4.99
4.77
4.50
4.50
4.15
4.65
5.08
4.80
4.63
4.93
4.15
4.05
4.52
4.69
3.80
4.04
4.18
4.04
4.07
4.24
4.00
4.65
3.88
3.42
4.84
6.50
5.63
5.13
4.70
5.29
4.72
3.66
5.03
5.80
5.28
4.83
5.38
5.10
4.17
4.01
3.95
4.18
3.96
3.12
4.11
4.27
4.05
5.00
5.25
4.42
5.83
5.59
4.55
4.86
4.97
5.68
5.87
5.53
5.41
6.13
5.42
5.06
4.62
3.89
4.00
5.25
4.87
5.40
3.91
3.69
4.76
5.48
5.40
5.20
4.80
3.27
4.32
5.11
4.50
4.78
4.55
4.81
4.36
4.55
4.09
3.81
4.67
2.76
3.74
4.16
4.45
4.71
4.70
3.94
3.91
4.20
3.82
3.25
4.05
4.40
3.96
3.66
3.06
3.96
3.60
3.11
3.88
3.68
1.75
3.34
3.42
2.57
4.30
3.28
4.50
4.40
3.35
3.91
3.27
4.20
3.64
3.35
3.07
2.00
2.32
2.72
2.68
1.99
2.33
1.70
2.24
1.93
2.19
2.72
2.11
3.29
2.15
2.58
2.35
1.62
2.52
3.43
2.87
2.41
2.99
2.93
1.49
1.57
2.57
2.72
2.47
3.38
2.34
2.80
1.98
2.01
3.11
4.17
3.18
3.66
3.09
3.90
3.20
2.88
3.31
2.80
2.21
1.50
1.94
2.62
2.07
2.27
2.34
2.43
1.95
1.68
2.19
1.64
1.48
2.23
0.67
1.07
0.97
2.06
1.11
1.41
1.11
1.59
1.56
1.46
0.95
1.28
1.03
1.26
0.95
1.20
1.37
1.80
1.31
1.42
1.40
1.79
1.91
1.52
1.81
2.27
2.07
1.95
1.78
1.64
2.03
1.63
2.68
1.97
1.91
1.78
1.82
1.46
2.06
2.02
1.87
1.52
1.72
2.08
2.28
2.00
1.81
1.78
2.42
1.98
1.56
1.75
1.57
1.40
1.71
1.42
1.43
1.62
1.23
2.03
1.63
1.81
1.82
1.91
1.41
1.57
1.74
1.68
1.78
1.84
1.75
2.15
1.80
1.71
1.68
1.87
1.92
1.71
1.77
1.60
1.33
1.85
1.58
1.61
1.56
1.45
1.69
1.98
1.69
2.79
2.65
2.79
2.51
1.22
2.02
2.30
2.01
1.97
2.19
1.68
2.21
2.05
1.64
2.07
2.05
2.26
2.01
1.89
2.30
2.27
1.68
2.47
2.60
1.79
2.15
2.07
1.86
1.84
2.16
1.75
1.66
1.63
1.79
1.40
1.81
1.47
1.85
1.53
2.35
2.34
2.08
2.14
1.90
1.80
2.10
1.95
2.05
2.15
2.33
2.08
2.40
2.65
2.30
1.90
2.19
2.41
2.56
2.69
2.28
2.09
1.78
2.18
1.77
1.81
1.94
1.85
1.64
2.12
1.91
1.76
1.80
2.07
2.11
2.05
2.32
2.55
1.95
1.79
1.79
1.68
2.02
1.84
1.39
1.49
1.61
1.84
1.49
1.56
1.40
1.42
1.67
2.05
2.18
1.62
2.44
2.97
1.84
2.89
2.30
2.58
2.07
1.85
2.43
1.76
2.47
3.02
1.96
3.30
2.69
3.24
2.51
3.19
2.55
2.97
2.53
2.31
2.00
2.59
2.48
2.29
2.29
2.12
2.04
2.32
2.05
1.70
2.02
1.86
2.31
1.96
2.09
1.73
1.79
2.30
1.72
1.51
1.98
1.97
2.40
2.13
2.23
1.77
1.70
1.79
1.72
1.64
1.74
1.78
1.83
1.52
1.57
1.76
1.88
1.84
1.65
2.09
3.02
2.05
2.34
2.22
1.74
1.67
1.88
1.69
2.39
1.83
2.23
1.87
1.12
2.08
2.08
2.21
1.42
1.72
1.51
1.45
1.41
1.46
1.94
2.28
1.74
1.76
1.97
1.89
2.01
1.29
1.74
1.85
1.60
1.39
1.69
1.73
1.78
1.32
1.42
1.57
1.64
1.66
1.73
1.01
1.48
1.61
1.79
1.39
1.67
1.87
2.39
1.66
1.72
2.03
1.71
2.19
1.82
1.44
1.91
1.64
1.64
1.92
1.63
1.02
1.38
1.13
1.60
1.15
1.55
1.75
1.23
1.14
1.64
1.67
1.58
1.27
1.51
2.13
1.55
1.50
1.38
1.91
1.77
1.34
1.61
1.61
1.90
1.22
1.37
1.60
1.42
1.24
1.29
2.02
2.23
1.96
1.53
2.28
1.93
1.74
1.42
1.81
2.16
2.20
2.16
1.88
1.42
1.57
1.13
2.03
1.24
1.54
1.79
1.57
1.81
1.82
1.80
1.89
1.89
1.87
2.19
1.83
2.09
2.06
1.81
1.97
1.82
1.79
1.79
2.08
2.61
2.12
2.09
2.03
2.05
2.84
3.53
3.22
3.48
2.56
2.06
3.53
3.33
2.63
2.19
1.53
1.84
2.16
2.93
1.81
1.30
1.53
1.32
1.30
1.07
1.46
1.07
0.71
1.88
1.73
2.47
2.05
1.85
3.03
1.33
1.90
1.15
1.60
1.11
1.41
1.42
1.59
1.80
1.20
1.01
1.30
1.66
1.05
1.09
1.21
1.39
1.91
1.42
1.24
1.36
1.18
1.06
1.35
1.05
1.80
1.31
1.55
1.49
1.21
1.64
2.16
1.68
1.34
1.25
1.25
1.27
1.31
1.16
1.33
0.96
1.06
1.17
0.88
0.91
1.28
1.29
1.03
1.60
1.36
1.20
1.43
1.34
1.83
1.15
1.41
1.39
1.50
1.54
1.02
1.24
1.75
1.77
1.18
1.58
1.68
1.68
1.81
1.66
1.65
1.92
1.61
1.57
2.11
1.95
1.36
1.63
1.63
1.74
1.67
1.94
1.92
2.16
2.01
1.75
1.71
1.60
2.06
1.94
2.11
1.74
1.85
2.20
2.07
1.88
1.25
1.28
1.91
1.62
1.81
2.04
1.55
1.90
2.22
2.25
2.07
1.77
1.74
1.60
1.77
1.81
1.95
2.30
1.89
2.19
1.33
1.31
1.25
2.12
1.66
1.28
1.45
1.35
1.52
2.38
2.26
2.03
1.60
2.39
1.73
1.99
1.98
1.66
1.80
1.83
1.59
1.54
1.41
1.72
1.22
1.81
1.69
1.33
1.48
1.57
1.85
2.27
1.73
1.71
1.70
2.01
1.94
1.71
1.99
1.73
1.59
1.86
1.63
1.52
1.94
2.29
1.35
1.97
1.56
1.96
2.15
1.85
1.52
1.69
1.83
1.19
1.77
1.68
1.39
1.61
1.78
1.60
2.05
1.78
1.78
1.44
2.03
1.91
1.85
2.33
1.19
1.83
1.76
2.04
2.44
2.97
2.34
2.66
1.85
1.56
1.46
1.38
1.95
1.60
1.94
1.99
2.64
2.64
2.31
2.59
2.65
3.36
2.57
2.27
2.74
2.22
2.72
2.33
2.12
2.56
2.01
2.51
2.60
2.22
2.82
2.47
3.00
2.74
2.82
2.76
2.68
2.63
2.09
2.11
2.65
2.67
2.76
3.01
2.89
3.28
2.70
2.15
3.29
2.95
2.93
2.60
2.16
2.93
3.04
2.72
2.44
1.89
3.37
2.67
2.99
2.52
2.83
2.95
2.93
3.12
2.93
3.67
3.83
4.19
3.95
3.59
4.04
3.27
3.08
3.74
3.40
3.82
3.29
2.92
2.40
3.60
3.48
3.26
3.43
3.22
3.99
2.97
2.86
2.33
2.84
2.50
2.25
2.60
2.35
2.35
2.14
2.76
3.26
3.16
2.38
2.36
2.52
1.58
1.72
1.37
1.24
1.37
1.64
1.65
1.33
1.70
1.83
2.38
1.94
1.79
1.12
1.11
2.44
1.78
1.62
1.51
1.35
1.58
2.02
2.04
1.30
1.82
1.10
1.23
2.37
1.69
2.03
2.04
1.62
1.84
2.02
1.89
2.21
1.36
1.96
2.54
2.72
2.16
1.94
1.93
1.54
1.85
1.71
1.69
1.93
1.67
1.94
2.44
2.09
2.09
2.16
2.43
1.97
1.93
2.20
2.94
2.13
1.78
2.10
2.20
1.96
2.06
2.02
1.96
1.29
1.48
1.78
1.98
1.84
1.93
1.89
1.98
1.91
1.43
2.14
1.38
1.98
1.93
2.14
2.05
1.96
1.99
2.16
1.74
2.34
2.00
2.02
2.05
2.09
2.25
2.00
1.93
2.00
1.86
1.95
1.86
2.20
1.90
2.15
2.08
2.42
2.08
2.31
1.94
2.23
2.10
2.19
2.25
1.87
1.96
1.46
2.18
2.06
1.96
2.72
2.13
2.33
2.26
2.26
1.88
2.22
1.97
1.54
1.97
1.94
2.28
1.89
1.74
1.76
1.94
1.58
1.92
2.52
1.39
1.67
2.48
1.96
2.48
2.04
2.66
1.95
2.55
1.90
2.32
1.70
1.89
1.07
1.07
2.14
2.50
1.98
2.16
1.60
1.73
2.22
1.95
1.96
2.19
1.73
1.95
2.15
1.52
1.93
1.57
1.72
2.07
1.84
1.53
1.76
2.27
1.92
1.88
1.53
1.30
1.21
1.36
1.64
1.24
1.10
1.13
1.20
1.41
1.05
2.65
1.60
1.47
1.19
1.41
1.19
1.27
1.50
1.97
1.21
1.06
1.22
1.14
1.90
1.99
1.45
1.63
1.84
1.98
1.80
1.80
1.70
2.29
2.71
2.68
2.59
2.15
2.88
2.02
1.48
1.86
2.18
2.17
2.08
2.11
2.18
2.15
2.24
1.91
1.79
2.28
2.27
1.21
1.69
2.10
1.97
1.59
1.59
1.41
1.75
1.50
1.64
1.92
1.64
1.72
1.71
1.71
1.84
2.10
2.09
1.58
1.93
1.65
1.52
1.66
1.79
1.88
1.67
1.73
1.79
1.37
1.74
1.81
1.86
1.46
2.03
2.06
1.48
1.55
1.75
1.82
1.73
1.97
1.45
1.56
2.07
1.62
1.76
1.52
1.40
1.97
1.71
1.89
1.53
1.83
1.84
1.88
2.65
1.71
1.74
1.60
1.56
1.23
1.81
1.08
1.34
1.03
1.35
1.76
1.55
1.34
2.05
2.02
1.53
2.19
1.19
1.53
1.22
1.62
1.86
1.40
1.61
1.85
2.18
2.04
1.86
1.69
2.06
2.23
2.63
2.01
2.03
1.90
2.82
2.20
2.13
2.32
2.17
1.93
1.61
2.83
2.92
2.67
2.90
2.90
3.86
3.14
2.51
3.00
3.05
2.84
3.18
3.99
3.51
4.01
3.23
2.90
3.54
3.58
3.79
3.38
3.12
2.72
2.80
3.36
3.24
3.81
2.91
2.58
3.09
2.46
2.59
2.70
3.41
2.96
2.38
2.68
3.37
3.79
2.43
4.22
3.90
3.58
3.09
2.91
2.71
2.74
2.93
2.83
3.66
3.32
3.86
4.56
3.53
4.49
5.33
5.32
5.04
5.06
5.12
4.53
4.61
4.28
4.51
3.51
4.02
4.10
4.90
3.80
3.61
3.80
3.73
3.62
3.96
3.20
2.55
3.06
2.45
2.76
3.15
4.12
3.39
4.06
3.73
3.77
3.63
4.04
3.26
2.35
4.31
3.21
3.41
2.66
3.02
3.70
2.73
2.81
3.47
3.06
3.49
3.33
3.06
2.85
2.89
2.44
2.91
2.40
2.20
2.61
2.66
3.03
3.07
3.02
3.70
2.93
3.02
3.04
3.04
3.26
3.50
3.12
3.55
3.33
3.24
3.40
3.07
3.63
3.09
3.58
3.20
2.94
3.56
2.80
3.22
4.01
3.72
3.98
2.96
2.91
2.65
3.80
3.52
3.58
3.60
3.64
3.49
3.06
3.94
3.38
2.93
2.96
3.55
3.03
3.16
2.93
2.35
2.48
2.62
2.94
2.57
2.83
3.60
3.30
3.02
3.29
3.65
3.22
2.66
3.50
3.50
3.38
3.93
4.34
3.04
3.47
3.63
3.61
4.39
3.88
3.76
3.67
3.38
3.47
3.22
3.80
3.55
3.54
3.32
3.40
3.28
3.76
3.22
4.11
3.06
3.97
3.30
3.05
2.59
3.93
2.79
2.73
1.83
2.10
2.74
3.25
2.98
3.81
4.44
3.80
4.28
3.58
3.89
4.74
4.55
3.21
3.36
3.07
3.04
3.47
2.23
1.76
3.58
3.56
2.15
3.67
4.18
3.16
3.72
3.27
2.32
3.55
3.73
3.81
3.42
2.74
2.60
3.33
3.61
4.08
3.59
3.88
3.55
3.35
3.62
3.79
3.34
3.33
2.28
3.19
3.67
3.72
3.12
2.97
4.16
4.45
4.36
3.13
3.21
3.53
3.34
3.23
3.12
3.27
3.66
2.88
3.49
3.69
4.20
3.21
3.60
3.55
3.66
3.82
3.81
4.11
3.49
3.07
3.30
3.50
2.90
2.84
3.56
2.72
2.88
3.03
2.83
3.22
3.20
3.42
2.65
3.45
3.12
3.47
3.16
4.21
3.09
3.02
2.97
3.03
2.73
2.44
3.16
2.75
2.49
3.20
2.52
2.90
2.36
2.61
2.46
2.83
2.85
3.07
3.70
3.41
2.86
3.14
3.70
3.17
3.18
3.02
3.68
2.93
2.43
3.25
2.51
2.73
3.07
2.42
2.35
2.42
2.14
2.39
2.47
2.11
2.59
1.90
2.30
1.67
2.41
2.13
2.11
2.15
2.20
2.70
1.69
1.33
1.44
1.63
2.60
2.91
3.21
2.55
3.19
4.06
4.02
3.53
3.27
3.91
4.17
3.32
3.72
3.24
3.58
3.64
3.72
3.29
3.06
3.55
2.57
3.03
3.44
3.39
3.54
3.12
3.06
2.99
2.89
3.13
3.11
3.84
3.31
3.63
3.34
3.60
3.67
3.17
3.44
3.78
4.05
2.98
3.15
3.95
4.60
3.75
3.21
3.23
3.15
3.68
3.30
2.79
2.73
3.16
2.97
3.16
3.41
2.76
2.85
2.99
3.01
2.89
3.12
3.08
3.37
2.99
2.97
2.99
3.13
3.17
3.38
3.85
2.78
2.97
1.68
1.65
1.72
1.71
1.14
1.09
1.78
2.10
1.58
1.51
2.26
1.63
1.18
1.98
2.34
2.57
1.45
1.94
1.54
1.87
2.42
2.27
2.13
1.95
1.76
1.38
1.72
1.79
1.48
2.05
2.12
2.01
1.86
1.59
1.97
1.89
2.04
2.29
2.59
1.77
2.27
2.39
2.40
1.91
2.08
2.22
2.02
2.58
1.81
2.01
2.27
2.29
1.61
1.77
1.48
2.04
2.45
2.06
1.84
1.78
2.17
1.70
1.64
1.55
2.01
2.11
1.99
1.80
1.66
1.80
2.57
1.99
1.99
2.00
1.76
1.95
1.75
1.40
1.80
1.89
1.82
1.86
2.35
2.39
1.90
2.50
2.05
2.30
2.06
3.06
2.34
2.15
2.28
2.61
2.66
2.18
2.15
2.02
2.51
2.37
2.07
2.11
2.46
1.59
1.44
1.87
1.58
1.86
1.52
1.46
2.05
2.55
1.75
2.29
2.56
1.87
1.98
1.87
1.51
1.59
1.64
1.90
2.66
1.87
2.05
1.55
1.26
2.17
1.63
1.51
1.83
2.33
1.97
1.66
1.35
1.75
2.03
2.09
2.96
2.31
2.06
2.86
2.65
3.06
3.54
3.29
3.17
2.43
2.82
2.70
2.17
2.62
2.76
2.41
2.49
2.11
2.41
2.86
2.57
2.86
2.52
3.25
3.15
3.57
3.01
2.99
2.56
3.24
2.93
2.82
2.75
2.88
3.02
2.42
2.87
1.87
2.40
1.57
1.83
1.71
2.30
2.69
2.14
2.59
2.25
2.66
2.19
3.36
3.10
2.37
2.35
2.45
1.91
2.44
2.21
2.46
2.52
2.16
3.27
2.95
2.66
3.05
3.20
3.07
2.45
2.61
2.21
2.98
2.66
2.64
2.46
2.98
3.20
2.75
2.54
2.20
2.95
2.79
3.98
3.98
3.94
3.01
2.33
2.60
2.58
2.54
2.56
2.83
2.79
2.90
2.95
2.57
2.82
2.64
2.19
2.26
1.64
1.71
2.12
2.06
2.24
1.95
1.86
2.01
3.27
3.23
2.61
2.11
2.56
2.12
2.04
2.42
2.19
2.29
2.07
2.33
1.92
2.22
1.95
1.99
1.85
1.89
2.13
1.99
2.08
2.03
1.99
2.40
1.94
1.92
1.92
1.60
1.86
1.96
1.97
2.51
2.19
2.41
1.86
2.01
2.38
2.51
2.36
3.03
2.15
2.26
2.16
2.28
2.02
1.77
2.18
1.81
1.79
1.76
2.12
2.30
1.91
1.93
1.73
2.33
2.47
2.03
2.84
2.95
2.32
2.45
3.05
2.04
3.18
2.56
2.06
1.95
1.97
2.36
2.06
2.23
2.82
2.64
1.89
1.50
2.24
1.99
2.30
2.09
2.25
1.39
2.53
1.81
2.04
1.77
2.10
2.25
2.45
1.92
1.82
1.95
2.20
2.17
2.03
1.90
1.69
1.92
1.49
1.67
1.47
1.44
1.81
1.37
1.65
1.51
1.70
1.47
1.32
1.17
1.40
1.46
1.96
1.40
1.75
1.55
2.05
1.45
1.65
1.46
1.43
1.34
1.64
1.62
1.53
1.43
1.44
1.58
1.48
1.32
1.83
1.70
1.42
1.37
1.55
1.58
1.60
1.42
1.39
1.64
2.07
1.89
2.38
1.48
2.16
2.29
2.45
2.88
2.62
2.24
3.63
3.10
2.53
2.78
3.15
2.68
2.11
2.73
2.47
2.88
2.70
2.66
2.10
2.61
2.28
1.95
2.25
1.55
2.03
2.16
1.95
2.42
2.06
2.68
2.93
2.52
1.71
2.80
2.20
2.33
2.53
1.96
1.77
2.12
2.06
2.48
2.64
2.02
2.06
2.33
2.40
2.61
2.35
2.96
2.17
2.40
3.22
3.86
3.78
3.49
3.40
3.34
3.49
3.47
3.50
3.48
3.70
3.58
3.72
3.75
3.52
3.46
3.53
3.72
3.87
3.91
3.78
3.50
3.69
3.75
3.62
3.52
3.73
3.75
3.33
3.29
3.84
3.60
3.75
3.57
3.52
3.39
3.54
3.42
3.32
3.51
3.69
3.61
3.67
3.45
3.99
3.85
3.64
3.69
3.95
3.93
3.34
4.04
3.40
3.57
3.83
3.76
3.78
3.81
3.64
3.51
3.52
3.74
3.74
3.61
3.67
4.09
3.45
3.47
3.83
3.89
3.89
3.79
3.89
3.39
3.47
3.82
3.53
3.42
3.80
3.52
3.54
3.88
3.63
3.62
3.85
3.44
3.75
3.66
3.38
3.69
3.79
3.52
3.50
3.54
3.22
2.88
2.28
2.96
3.14
2.65
2.37
2.88
2.62
2.52
3.01
2.63
2.71
2.99
2.32
2.42
3.19
2.48
2.33
2.57
2.29
2.34
1.97
2.23
1.68
1.99
1.88
2.28
1.99
1.78
2.08
1.95
1.97
1.29
1.63
2.21
2.35
2.07
2.38
2.25
2.54
2.25
2.21
2.68
2.39
2.18
2.24
2.49
2.01
2.11
2.34
2.37
3.14
2.48
2.32
2.01
1.85
1.66
2.23
1.91
1.85
1.96
1.74
1.64
1.85
2.44
1.76
1.88
1.80
2.15
2.00
2.20
2.28
2.34
1.91
2.15
1.40
1.86
1.96
1.87
2.09
1.68
2.06
1.77
1.69
1.89
1.73
1.83
1.69
2.18
2.17
1.75
1.86
1.75
1.68
1.59
1.77
1.40
1.42
1.74
1.71
2.05
1.75
2.25
1.21
1.49
2.19
1.88
2.03
1.48
1.94
1.73
2.20
2.12
1.90
2.06
2.45
2.28
2.61
2.28
2.61
2.62
1.44
1.67
1.62
1.70
1.71
1.42
1.43
1.61
1.84
1.61
1.40
1.42
1.65
1.32
1.52
1.46
1.78
1.51
1.57
1.72
1.55
1.46
1.57
1.94
2.00
1.86
1.66
1.55
1.62
1.80
1.58
2.18
1.52
1.66
1.92
1.70
1.58
1.56
1.92
2.18
1.52
1.53
1.49
1.14
1.30
1.67
1.41
2.28
1.76
2.39
1.90
2.08
1.67
1.88
1.72
2.47
2.09
1.78
1.93
1.90
1.98
1.69
1.92
1.62
1.45
1.92
1.61
1.37
1.38
1.45
1.37
1.54
1.50
1.20
1.76
1.52
1.35
1.94
1.71
2.02
1.51
1.42
1.71
1.40
1.30
1.17
1.37
1.24
1.75
1.40
1.30
1.20
1.32
1.36
1.28
1.76
1.80
1.85
1.50
1.32
1.37
1.35
1.34
1.93
2.04
2.44
1.70
1.90
1.65
2.14
1.83
1.76
1.82
1.69
1.89
1.66
1.61
1.45
1.68
1.64
1.85
1.73
1.48
1.91
1.55
1.79
2.16
1.80
2.02
1.68
1.56
1.79
1.80
1.68
1.83
2.01
2.08
1.49
1.68
1.70
1.56
1.56
1.54
1.55
1.80
1.31
1.51
1.66
1.71
1.62
2.02
1.85
2.14
1.88
1.77
1.91
1.62
1.90
1.55
1.95
1.62
1.61
1.57
1.71
1.78
1.31
1.32
1.44
1.26
1.45
1.34
1.35
1.30
1.58
1.47
1.26
1.20
1.54
1.69
1.51
1.79
1.76
1.38
1.34
1.66
1.29
1.40
1.12
1.33
1.39
1.73
1.47
1.38
1.68
1.37
1.45
1.48
1.41
1.67
1.48
1.59
1.53
1.56
1.58
1.56
1.53
1.54
1.42
1.74
1.69
1.65
1.53
1.86
2.10
1.59
1.46
1.66
1.70
1.97
1.68
1.63
1.88
1.57
1.75
1.37
1.46
1.35
1.70
1.64
1.68
1.58
1.34
1.61
1.76
1.55
2.44
1.59
1.53
1.78
1.60
1.20
2.50
1.66
1.54
1.96
1.77
1.78
1.67
1.87
1.41
1.49
1.46
1.67
1.45
1.47
1.43
1.36
1.32
1.77
1.70
1.54
1.56
1.38
1.55
1.22
1.43
1.64
1.34
1.22
1.55
1.11
1.07
1.52
1.17
1.30
1.51
1.39
1.70
1.27
1.62
1.34
1.49
1.24
1.25
1.19
1.90
1.18
1.43
1.51
1.39
1.41
1.46
1.46
1.70
1.70
1.80
2.09
1.84
1.53
1.89
1.52
1.68
1.70
1.56
1.69
1.75
1.72
1.69
1.42
2.07
1.59
2.09
1.54
1.16
1.72
1.46
1.79
1.33
1.63
1.33
1.36
1.24
1.78
1.71
1.07
1.80
3.33
2.10
1.44
1.68
1.41
1.54
2.00
1.89
1.65
1.94
1.79
1.74
1.47
1.73
1.29
1.46
2.04
1.29
1.38
1.41
2.06
1.19
1.73
1.70
1.58
1.44
1.47
1.47
1.31
1.45
1.37
2.35
2.15
1.86
1.26
1.85
1.45
1.64
1.34
1.61
1.41
1.45
1.60
1.64
1.48
1.37
1.61
1.40
1.39
1.39
1.35
1.34
1.68
1.84
1.78
1.64
1.49
1.40
1.39
1.83
1.42
1.47
2.15
1.84
1.63
2.11
1.41
1.76
1.58
1.52
1.34
1.50
2.11
1.58
1.65
1.87
1.89
1.60
1.95
1.47
1.71
1.77
1.73
1.57
1.70
1.37
1.57
1.62
2.01
1.49
1.58
1.45
1.50
1.12
1.48
1.04
1.47
1.77
1.63
1.50
1.69
1.62
1.27
1.36
1.19
1.36
1.36
1.38
1.36
1.36
1.55
1.53
1.95
1.58
1.53
1.78
1.61
1.85
2.05
1.61
1.52
1.52
1.53
1.59
1.73
1.51
1.45
1.40
2.01
1.38
1.39
1.59
1.76
1.57
1.53
1.79
1.58
1.47
1.54
1.77
1.51
2.08
1.45
1.38
1.62
1.82
1.54
1.29
1.72
1.28
1.52
1.80
2.32
2.59
3.36
2.89
2.32
2.41
2.32
2.78
2.04
2.24
3.53
3.31
2.37
1.74
2.02
2.05
1.61
1.45
1.91
2.87
2.56
2.52
3.27
1.71
2.29
2.75
0.95
1.37
1.44
1.22
1.22
1.13
1.20
1.11
1.22
1.28
1.89
1.36
1.17
1.54
1.12
1.17
1.28
1.39
1.52
1.20
1.73
1.90
1.32
1.14
1.28
1.33
1.42
1.34
1.57
1.49
1.16
1.27
1.55
1.33
1.41
1.29
1.35
1.28
1.35
1.60
1.49
1.33
1.46
0.93
1.47
1.21
1.62
1.74
1.34
1.36
1.78
0.95
1.88
0.92
1.44
1.83
1.39
1.75
1.95
1.00
1.35
1.60
1.48
1.68
1.55
0.92
1.41
0.99
1.09
0.99
0.99
0.77
1.71
1.35
1.11
1.09
1.15
1.05
1.49
0.93
0.79
1.24
0.95
0.88
1.26
1.70
2.57
1.58
1.24
1.21
1.69
1.23
1.23
1.91
1.65
1.35
1.41
1.26
1.27
1.25
1.16
1.34
1.42
1.48
1.11
1.69
1.35
2.32
1.23
1.18
1.26
1.00
1.31
1.12
1.08
1.10
1.50
1.14
1.52
1.39
1.25
1.24
1.56
1.39
1.19
1.89
2.18
1.17
1.63
2.07
1.43
1.55
1.27
1.77
1.86
2.16
2.09
2.11
2.03
2.04
2.31
2.49
2.15
2.36
2.39
2.18
1.38
1.99
2.20
2.01
2.57
2.19
2.38
2.39
1.88
1.80
2.58
2.37
2.17
2.14
2.17
2.03
1.63
1.92
1.63
1.81
1.49
1.95
1.89
1.29
1.99
1.68
1.61
1.72
1.49
1.59
2.05
2.00
1.46
1.11
1.86
1.15
2.05
1.62
2.49
2.12
2.02
1.94
1.87
1.47
1.23
1.98
1.89
1.24
1.60
1.18
1.23
1.19
1.98
1.97
1.67
1.84
1.94
1.95
1.90
2.17
1.93
2.08
2.40
2.03
2.00
1.62
2.06
1.94
1.92
1.59
1.82
1.69
1.56
1.23
2.02
1.88
1.84
1.82
1.81
2.20
2.00
1.95
1.68
1.95
1.49
2.23
2.04
2.01
1.95
2.28
1.79
1.94
2.40
2.32
1.99
1.84
1.89
1.77
2.28
1.48
1.50
1.76
2.12
1.50
1.89
1.92
2.11
1.58
1.93
1.59
1.91
2.36
1.97
1.94
2.08
1.95
1.58
1.28
1.56
1.31
1.30
1.22
1.13
1.73
1.20
1.33
1.34
1.14
0.95
0.81
1.39
1.67
1.27
1.09
1.05
1.31
0.96
1.52
0.95
1.32
1.24
1.21
1.42
1.21
1.61
1.23
1.13
1.14
1.38
1.05
1.01
1.10
1.18
1.15
0.89
1.13
1.40
1.29
1.42
1.39
1.17
1.35
1.47
1.39
1.62
1.44
1.20
1.43
1.27
1.43
0.98
1.27
1.07
1.23
1.30
1.39
1.11
1.37
1.19
1.48
1.38
0.96
1.17
0.99
1.44
1.17
1.31
1.16
1.12
1.20
1.20
1.42
1.16
1.33
1.09
1.45
1.29
1.39
1.33
1.03
0.93
1.05
0.90
1.32
1.20
1.03
1.42
1.36
1.41
1.34
1.16
1.26
1.41
1.40
1.16
1.44
1.45
1.45
1.00
1.30
1.22
1.02
1.38
1.48
0.98
0.93
1.25
1.64
1.02
1.17
1.15
1.57
1.25
1.23
1.11
1.19
1.08
1.42
1.04
1.16
0.69
1.04
1.17
0.86
1.28
1.31
1.00
0.97
1.19
0.83
0.91
0.75
0.99
1.18
0.89
1.53
1.05
0.92
0.97
1.21
1.07
1.49
1.35
0.67
1.36
1.64
0.79
1.45
1.39
1.69
1.10
1.68
1.44
1.28
1.62
1.65
1.17
1.18
1.08
1.04
1.04
1.53
1.21
1.26
1.17
0.91
1.01
1.26
1.30
0.87
1.33
1.14
0.92
0.99
1.03
1.11
1.09
1.04
1.28
1.56
1.25
1.23
1.03
1.32
1.16
1.24
1.08
0.91
1.22
0.98
1.47
1.13
1.03
1.27
1.30
1.19
1.09
1.31
1.02
1.33
1.11
1.75
1.44
1.20
