4.50
5.13
5.12
5.23
5.02
4.87
5.10
5.10
5.32
4.86
5.05
4.65
4.65
4.15
4.56
4.46
4.47
4.80
4.03
4.96
4.70
4.34
4.61
4.07
4.83
4.14
4.80
4.77
4.98
5.07
4.92
5.07
4.89
4.49
4.62
5.22
5.50
5.45
5.09
4.25
5.05
4.37
4.06
3.70
4.28
4.03
4.35
4.03
4.42
4.07
3.90
4.25
4.44
3.73
4.14
3.84
4.25
4.06
4.50
4.62
4.50
4.34
4.14
3.96
4.64
4.18
4.17
4.03
4.28
4.62
4.08
4.07
4.41
4.57
4.17
4.23
4.11
4.68
4.43
4.38
4.21
4.40
4.31
4.23
4.63
4.62
3.94
4.13
4.37
4.23
4.06
4.60
4.44
4.63
4.65
4.51
4.66
4.38
4.69
5.44
4.38
4.19
4.43
4.18
4.63
4.42
4.82
4.69
4.26
4.58
4.49
4.63
4.50
3.86
4.33
4.26
4.23
4.67
4.27
4.65
5.11
4.44
4.67
5.13
5.06
4.51
4.26
3.99
3.94
4.52
4.21
4.53
4.18
4.22
5.22
4.47
4.38
4.54
4.19
4.20
5.58
4.46
4.90
4.59
4.74
5.11
4.85
4.93
5.06
5.72
5.24
5.62
5.21
6.19
4.88
4.68
5.14
4.42
4.87
4.08
4.14
4.05
3.96
4.18
4.81
4.65
4.48
4.57
4.28
4.88
4.56
4.35
4.03
4.72
4.71
4.53
4.39
4.27
3.92
3.88
4.32
4.40
4.10
5.03
4.60
3.93
4.19
4.02
4.86
4.14
2.94
4.18
4.01
2.59
2.98
3.11
2.57
2.50
3.11
2.94
4.37
3.77
3.38
3.36
3.80
3.76
2.95
3.21
3.29
3.93
3.12
3.07
3.60
3.65
3.30
3.16
3.43
3.40
4.21
3.46
3.81
4.03
3.58
3.11
3.15
3.86
4.16
3.61
4.23
3.20
3.06
3.49
2.83
3.02
3.18
3.20
2.92
3.09
3.16
3.43
3.10
3.45
2.83
3.23
3.45
3.94
3.67
2.98
4.44
3.78
3.22
3.83
3.09
3.33
3.31
3.53
3.38
3.23
3.28
3.35
3.20
3.29
3.33
3.55
3.29
2.59
2.67
2.93
2.82
3.06
2.84
2.93
3.71
3.28
2.47
3.75
3.54
3.65
3.38
3.29
3.53
3.32
3.76
3.34
3.37
3.13
3.09
3.15
3.68
3.44
3.49
3.41
4.07
3.92
2.95
3.14
3.28
3.16
3.08
3.20
2.96
2.84
3.01
3.06
3.20
2.91
4.47
3.11
3.42
3.63
3.35
4.43
4.82
4.66
4.18
4.61
4.13
4.76
3.98
4.70
4.30
3.34
2.51
3.39
3.30
3.18
3.79
3.91
3.89
3.88
5.06
4.91
4.40
4.46
4.10
4.97
3.81
4.81
4.09
4.70
2.92
4.59
4.45
4.57
4.82
4.78
3.61
4.28
5.09
4.98
5.05
5.24
3.96
3.60
4.17
5.39
4.97
5.22
5.03
4.97
5.34
4.63
4.57
4.72
3.60
3.50
3.93
3.83
4.40
5.04
6.87
6.51
6.05
6.68
5.50
6.12
5.79
5.18
4.21
3.33
3.25
3.60
3.85
3.78
3.56
3.51
3.38
3.26
3.03
3.56
3.17
4.61
4.89
5.33
4.90
5.01
4.83
4.93
5.38
5.28
4.52
4.49
5.17
5.38
5.20
4.88
5.46
5.35
4.73
5.37
5.70
4.65
4.67
4.40
5.88
5.02
5.23
5.34
5.27
6.35
4.90
5.54
3.92
5.72
5.15
4.86
5.34
5.07
4.30
4.20
4.64
4.98
4.21
3.70
3.94
3.13
4.00
2.44
2.83
2.61
2.79
4.88
4.82
4.32
4.61
3.73
3.45
2.98
4.22
4.57
4.34
4.67
4.54
4.43
4.27
4.26
5.62
4.92
4.88
5.28
5.57
4.77
4.89
4.69
5.09
4.93
4.90
4.79
4.76
4.73
5.17
5.39
5.09
3.87
4.06
3.90
5.08
4.93
5.15
5.20
5.22
4.62
4.37
3.97
4.14
4.05
5.16
4.11
4.49
4.49
4.72
4.08
4.03
4.87
4.32
3.77
4.66
4.40
5.23
5.44
5.37
4.82
5.77
5.40
5.38
4.39
5.31
5.15
4.21
3.84
3.77
5.38
4.71
4.26
3.96
5.49
5.58
5.31
5.58
3.98
4.96
4.91
5.40
4.88
4.79
4.36
3.60
5.55
4.91
5.46
5.69
4.51
5.01
3.71
3.98
3.35
3.66
4.38
4.11
3.92
4.06
4.95
4.27
5.30
4.30
4.03
4.19
4.87
4.83
5.88
3.81
4.58
4.41
4.70
5.50
6.85
5.26
6.35
6.63
7.76
6.93
6.98
6.85
6.47
7.25
6.00
4.26
5.42
5.06
3.81
3.34
4.26
5.13
4.34
4.37
4.36
4.58
4.57
4.79
6.16
5.27
5.85
5.71
4.95
3.84
3.53
4.86
5.48
3.81
3.63
4.90
5.03
5.61
3.56
5.13
3.25
3.71
4.35
5.07
4.26
5.26
4.63
3.58
5.90
5.42
5.35
4.59
4.86
4.77
5.36
4.54
4.92
3.73
4.44
3.42
4.41
4.50
5.06
6.12
4.77
3.69
5.00
5.29
5.81
4.66
4.94
4.90
4.31
5.13
5.01
4.95
5.37
4.68
3.91
3.48
4.89
3.91
6.48
4.24
4.83
4.47
4.02
4.69
4.44
6.40
5.23
6.08
5.90
6.50
6.54
6.15
5.85
5.53
6.29
5.52
5.11
5.18
5.98
5.78
5.78
5.39
4.38
5.87
4.36
5.74
5.17
5.43
5.03
5.48
4.99
5.47
5.07
5.19
5.50
5.91
5.96
5.08
5.10
4.04
3.03
4.42
5.51
5.19
4.81
3.55
3.76
2.68
4.78
6.61
5.27
5.54
6.96
6.44
6.46
5.23
4.66
4.47
5.23
4.00
5.75
6.55
7.12
6.51
6.48
6.38
6.01
6.60
5.92
6.11
6.02
4.95
3.86
3.86
3.99
6.26
6.17
6.28
6.28
6.23
6.58
5.42
4.81
4.98
4.05
6.40
6.76
5.86
4.75
5.58
6.04
6.18
5.98
5.85
6.82
6.52
6.42
6.18
6.27
5.41
4.73
6.84
5.57
6.30
6.27
6.39
6.90
6.94
6.10
6.89
6.34
6.14
5.77
5.48
6.73
5.34
6.35
5.65
6.79
5.74
6.47
6.57
7.40
7.67
6.93
7.70
6.59
6.92
6.97
6.42
6.50
7.15
7.90
7.17
7.25
7.31
7.24
6.23
5.60
4.87
6.52
7.19
6.12
6.68
7.07
5.91
6.11
6.41
6.09
5.96
5.43
5.52
5.57
5.83
6.33
6.84
6.54
6.54
7.11
5.82
5.89
6.26
6.40
5.24
5.85
6.80
5.66
6.43
6.87
7.24
6.23
5.45
6.85
6.11
6.73
5.58
6.06
6.44
6.98
6.58
7.19
6.25
6.72
7.29
5.88
6.35
5.18
6.32
6.03
6.61
6.05
5.35
7.39
6.39
6.44
6.22
6.84
6.58
7.12
6.93
6.83
6.71
6.43
6.90
6.54
6.02
6.93
7.03
6.08
6.31
5.95
6.92
6.42
6.24
6.46
6.67
6.37
6.12
5.94
6.42
5.20
5.82
6.45
5.85
6.01
5.23
6.68
6.14
5.95
6.10
5.47
6.32
6.55
6.96
5.25
6.86
6.37
6.14
4.64
5.08
5.46
5.45
5.10
6.60
5.44
5.97
6.02
5.40
6.28
5.63
5.14
4.69
5.41
5.58
6.06
4.99
5.35
5.20
5.74
6.18
6.96
6.63
6.55
6.42
6.19
5.90
6.05
7.07
6.65
6.41
6.82
6.34
7.41
6.67
6.49
6.82
5.89
6.73
6.57
6.54
6.40
6.94
6.41
6.53
7.03
7.52
5.77
6.85
7.37
6.90
6.53
6.38
5.94
6.36
6.09
6.12
6.67
6.63
5.59
7.35
5.84
6.71
5.89
6.95
6.22
7.58
6.42
6.06
5.75
6.05
6.44
6.68
6.64
5.80
5.90
5.95
6.55
5.89
6.59
4.92
5.14
5.49
5.95
6.31
5.81
6.54
5.38
6.24
6.57
7.42
7.75
7.14
6.98
7.07
6.46
6.91
6.45
6.14
7.27
6.87
5.50
5.72
6.42
5.75
6.05
5.70
6.62
6.57
6.91
6.20
6.07
5.80
8.16
7.73
6.35
5.63
6.90
6.52
6.92
6.81
6.68
6.40
6.91
6.70
6.04
5.75
6.66
6.64
6.14
6.11
6.36
6.83
6.88
6.53
6.69
6.87
6.40
7.66
7.30
6.32
5.96
5.71
6.78
6.38
6.23
5.31
5.65
5.40
6.67
6.74
6.54
6.43
6.77
5.82
6.22
6.12
5.61
5.96
5.46
5.34
6.43
6.39
6.03
6.54
6.06
6.67
6.59
6.50
6.18
6.13
6.78
6.41
6.32
6.66
5.53
6.67
6.83
6.88
6.43
5.97
5.47
6.65
5.28
4.69
5.27
6.03
6.09
6.06
6.25
5.95
7.03
6.02
6.86
7.58
6.86
7.09
7.07
6.56
6.29
5.91
5.68
6.41
6.33
7.51
6.70
5.20
6.16
6.17
5.91
5.37
5.65
5.40
5.70
5.42
5.40
5.89
5.84
6.54
5.23
6.38
6.12
6.26
6.51
5.58
4.26
6.21
6.55
5.85
5.36
5.24
7.54
7.79
6.80
6.97
6.69
6.83
5.65
5.61
7.72
6.43
7.19
6.08
6.47
5.93
5.50
5.32
5.03
5.62
6.00
5.71
5.60
6.45
6.62
6.43
6.44
5.47
5.86
6.19
6.72
5.61
6.20
5.81
4.80
6.73
7.11
5.93
5.80
6.45
5.36
5.75
7.23
6.92
7.86
6.61
5.54
5.84
6.19
6.33
5.86
6.32
5.74
6.46
5.93
5.77
5.54
6.53
6.25
6.31
5.63
5.90
6.58
7.45
6.01
6.39
7.58
7.46
7.14
5.88
3.93
5.39
4.90
5.36
6.15
7.09
6.50
5.54
4.94
5.57
5.86
7.14
6.56
7.91
7.01
6.05
6.16
7.49
6.85
6.88
6.22
6.83
6.98
7.81
7.22
5.91
7.33
6.71
6.22
6.73
6.60
6.13
6.28
7.96
6.79
6.73
6.71
6.95
5.82
6.87
7.31
6.83
7.29
6.41
7.34
7.23
7.88
7.41
7.06
6.95
7.13
6.40
6.45
6.04
6.89
6.71
7.39
8.23
7.52
7.61
8.09
6.46
5.92
5.81
5.00
7.13
7.15
6.91
4.83
5.31
4.57
3.63
3.69
4.67
4.42
6.05
5.17
4.24
5.72
6.99
7.10
6.77
6.97
6.37
6.32
6.05
6.01
6.84
6.41
5.52
6.64
5.93
7.59
6.59
7.20
6.16
6.65
6.90
6.93
6.58
6.38
5.73
5.79
6.06
6.60
6.63
5.74
5.94
5.64
5.64
6.45
6.08
6.34
5.83
5.79
5.97
6.61
7.33
6.37
6.12
6.76
6.82
6.89
5.42
5.03
6.42
5.40
4.22
5.39
4.97
6.41
5.81
5.94
5.40
5.45
5.45
5.44
5.06
6.73
5.46
5.23
6.61
6.90
6.15
6.24
5.87
6.16
6.56
5.90
5.78
5.68
5.93
5.67
5.39
6.75
6.77
6.64
6.72
5.49
6.58
7.22
6.02
6.06
5.69
7.10
4.82
6.64
6.30
7.42
7.53
7.20
6.61
6.60
5.37
6.91
5.93
5.59
4.97
4.51
6.10
6.28
6.60
8.15
6.17
6.93
7.67
6.10
6.62
5.79
6.07
6.55
5.32
6.62
7.15
6.94
3.78
6.36
6.50
5.68
6.69
6.75
7.31
6.58
7.16
6.53
5.49
5.99
5.38
6.58
6.98
6.14
6.29
6.17
6.66
6.78
6.63
6.07
6.79
6.80
7.09
6.55
6.79
6.99
6.45
7.12
6.59
4.75
5.63
5.86
5.78
6.26
6.85
6.76
6.50
5.99
6.29
7.11
6.85
7.82
7.51
7.39
8.06
8.49
7.35
6.89
6.21
5.92
5.79
6.09
5.95
5.65
5.06
5.27
5.32
5.52
5.70
5.39
5.37
5.62
5.36
5.24
5.15
6.29
5.42
5.86
5.27
5.89
6.21
6.44
6.03
5.76
5.68
5.83
4.88
6.20
5.25
5.95
5.67
5.54
4.90
5.77
4.54
5.03
4.92
4.99
4.83
4.84
4.90
4.30
6.14
6.02
6.43
5.72
5.59
5.00
5.57
5.10
5.55
5.40
5.73
5.55
5.04
5.40
5.33
4.47
5.76
4.89
5.24
5.70
4.61
5.19
5.21
4.71
5.10
5.93
6.44
5.62
5.05
5.25
5.22
5.28
5.03
4.88
5.25
4.86
5.35
5.28
6.52
6.53
7.10
6.93
7.37
6.44
7.52
7.05
6.87
7.37
7.80
7.27
5.42
5.70
5.49
5.34
7.08
6.38
6.64
5.37
5.46
6.24
6.02
7.02
6.40
5.43
6.26
4.87
5.16
5.37
5.47
5.64
5.52
6.75
6.34
5.15
5.74
6.49
6.85
6.32
5.92
6.26
5.42
5.96
5.07
4.70
5.45
6.41
5.97
6.32
6.16
6.92
6.21
6.78
6.21
7.74
6.49
6.89
7.21
7.33
5.89
6.44
6.19
6.87
6.59
6.17
6.53
7.16
6.65
6.29
6.82
6.70
7.75
6.09
6.22
6.53
5.39
6.52
6.75
6.81
6.45
6.26
6.46
7.36
6.14
6.13
4.84
4.58
3.54
4.65
4.66
4.75
5.07
4.65
5.21
4.51
3.86
4.97
4.63
4.58
4.43
5.18
5.39
5.80
6.89
8.23
5.77
7.90
6.44
7.07
6.30
5.24
7.11
5.61
5.93
5.71
5.58
7.18
6.69
5.25
5.59
5.34
5.82
6.21
6.54
6.52
7.92
6.05
5.87
5.72
5.54
4.85
5.74
6.27
7.31
6.00
6.75
7.96
5.68
6.33
5.80
6.31
5.75
5.89
5.83
6.54
7.68
8.04
6.07
5.56
5.51
5.15
4.15
6.01
4.93
5.17
6.14
6.45
6.28
5.94
6.48
7.01
7.27
7.02
6.82
7.13
6.89
5.70
7.08
6.10
5.43
6.73
5.20
5.94
6.38
5.43
4.19
5.16
3.33
5.14
5.46
6.12
5.64
4.73
6.34
5.63
5.77
5.69
5.91
5.31
5.25
5.24
5.11
6.70
5.90
4.97
5.49
4.78
5.09
4.73
4.97
4.91
4.49
5.46
4.84
4.61
4.10
6.32
5.14
5.41
5.64
4.82
5.46
5.75
4.37
4.87
4.35
3.97
4.78
5.15
7.41
7.10
7.54
7.41
8.91
8.55
7.49
7.55
5.94
7.60
7.96
7.67
7.72
6.19
5.89
6.57
6.49
6.66
7.91
8.57
8.58
8.38
9.25
8.47
10.79
10.49
8.75
6.90
6.49
8.22
8.09
8.22
7.65
6.15
8.16
7.49
8.57
7.65
7.02
7.62
6.94
7.73
8.01
7.83
7.64
7.87
7.61
7.24
7.12
7.31
8.44
7.86
8.75
5.64
5.84
7.23
6.49
7.37
7.25
6.78
7.19
8.34
7.77
6.91
8.26
8.26
8.88
8.15
8.23
9.14
8.34
8.42
8.29
8.68
7.74
8.15
7.47
7.51
8.41
7.97
8.56
8.83
8.83
8.75
7.82
7.68
8.76
8.28
7.65
8.36
8.58
8.74
8.57
8.87
7.52
9.12
8.60
8.95
8.89
8.46
8.38
8.37
9.69
9.37
9.62
10.52
9.21
10.31
9.69
9.59
8.92
8.61
8.26
7.87
8.91
9.41
9.34
9.33
8.27
9.71
9.73
9.98
9.94
9.61
8.74
10.63
10.41
10.36
9.89
10.09
9.29
8.83
9.22
8.47
7.45
6.36
7.05
6.79
8.70
8.73
7.72
9.18
8.40
8.41
8.43
8.72
8.22
9.16
9.94
9.35
8.09
9.72
8.09
8.25
7.44
7.42
8.21
10.48
8.68
9.48
9.49
9.75
9.26
8.96
8.00
9.06
9.06
9.24
10.02
8.90
9.18
10.10
8.85
7.52
6.32
5.37
8.75
8.58
8.36
8.97
9.87
9.12
10.11
8.72
10.83
10.48
8.71
9.91
10.19
10.08
9.66
10.25
10.45
10.56
10.55
9.28
8.54
9.33
8.96
7.16
7.40
8.06
7.37
6.92
8.34
7.79
8.73
8.01
8.85
7.33
7.72
8.05
7.52
7.88
7.67
8.19
7.71
7.65
7.99
7.84
8.50
7.59
8.27
8.79
8.69
8.42
8.66
8.66
9.16
9.61
9.23
8.37
7.88
8.07
8.22
8.11
8.54
8.67
8.91
9.21
10.05
8.62
7.51
9.29
8.53
8.37
7.55
8.00
7.84
8.35
8.43
9.86
10.07
9.29
10.21
8.62
9.21
9.15
8.77
9.56
10.03
10.05
8.87
9.98
10.06
9.59
9.00
8.92
9.34
9.75
8.86
8.77
8.21
7.37
8.77
10.05
8.53
9.13
8.78
9.39
8.88
9.41
9.15
8.62
8.60
7.50
8.75
8.94
9.34
8.73
9.05
8.62
10.16
9.63
11.30
11.40
10.10
10.32
10.47
10.94
10.94
10.65
10.69
10.88
10.30
9.40
10.40
10.50
11.10
9.86
11.59
11.43
11.30
11.51
11.00
8.54
9.07
9.44
10.34
10.57
10.88
11.08
10.96
10.74
10.89
10.02
10.41
9.61
9.96
10.02
10.64
10.22
10.04
9.86
10.19
10.85
10.38
10.80
11.18
9.48
10.99
10.95
10.80
10.55
9.75
10.76
11.66
10.16
10.07
10.47
10.07
11.33
10.73
10.88
10.01
11.11
10.13
10.86
9.80
10.72
9.64
11.01
10.93
11.20
10.52
9.57
11.48
9.51
9.79
10.80
9.17
10.60
9.65
10.81
8.74
10.05
10.44
9.71
10.94
9.19
10.55
10.01
9.83
9.94
10.80
10.41
10.47
10.46
11.42
10.42
10.30
10.09
10.30
10.91
10.36
10.41
10.17
11.06
11.45
11.95
11.72
11.51
10.87
11.58
11.85
11.33
11.55
11.48
11.82
11.21
11.54
11.68
11.03
9.78
10.13
10.97
9.93
11.45
11.32
11.10
11.43
11.03
11.31
11.86
11.83
11.19
11.86
11.55
11.48
11.28
11.15
11.47
9.92
8.91
8.18
9.54
10.24
11.22
11.29
10.91
10.73
10.54
11.25
11.57
10.57
10.22
9.92
9.08
9.45
10.94
11.01
10.80
10.68
10.91
10.51
10.76
10.19
9.81
9.48
10.39
11.03
11.23
11.32
10.99
10.47
8.94
7.05
10.93
9.30
10.83
9.70
9.95
11.15
10.64
10.27
10.23
11.51
9.72
9.46
8.31
9.45
9.15
9.39
8.73
9.89
9.44
11.52
11.59
11.27
11.16
9.22
11.25
9.81
8.79
9.34
10.48
9.64
9.28
10.63
10.38
10.52
10.86
10.42
9.96
9.63
10.04
10.23
9.79
8.45
10.73
9.29
8.89
9.51
10.64
10.14
11.01
11.23
11.14
11.00
9.83
9.97
10.29
8.60
11.01
9.79
9.91
10.36
10.19
10.54
10.93
10.03
10.55
10.65
10.77
10.07
10.21
10.39
10.62
11.17
10.18
10.47
10.40
9.99
10.29
10.33
10.14
9.97
10.54
9.75
9.87
9.82
10.12
9.99
10.00
10.99
10.45
9.56
10.48
9.51
8.82
9.94
10.25
9.32
10.85
10.91
11.61
10.30
10.15
10.45
9.55
10.09
10.36
10.15
9.90
10.28
9.72
10.09
9.12
10.21
10.46
9.74
10.14
9.51
10.35
11.02
9.96
10.38
10.66
10.16
10.83
10.99
10.85
11.62
11.04
11.00
11.43
11.75
11.78
11.68
10.39
10.46
11.82
11.01
11.93
11.91
11.97
12.09
11.35
11.17
11.37
10.87
11.13
11.35
11.49
10.27
11.36
11.19
11.39
12.11
11.56
10.64
11.67
12.09
11.02
10.87
11.29
11.21
10.43
11.08
11.58
11.52
11.32
11.37
11.95
11.84
11.80
11.88
11.67
12.02
11.66
11.50
11.73
12.14
11.80
11.52
12.42
11.70
10.94
10.72
10.34
10.44
10.75
11.02
11.96
10.89
9.74
10.01
11.21
10.99
11.00
10.91
10.92
9.64
11.00
9.93
9.77
10.18
11.13
10.26
11.38
11.55
11.66
10.99
11.02
11.11
11.05
10.59
11.90
12.06
12.25
11.30
11.74
11.35
11.06
10.80
10.76
11.76
11.12
11.35
11.50
10.97
10.07
10.39
11.65
11.34
11.56
11.00
11.09
10.36
10.74
10.26
10.74
10.65
10.76
10.88
10.87
11.25
11.01
11.12
10.73
11.06
10.95
10.99
10.25
11.06
11.12
10.81
11.39
10.90
11.11
11.13
10.78
10.65
11.57
11.45
10.87
10.30
10.53
11.22
10.89
11.54
11.18
11.42
10.99
11.51
10.94
10.91
11.89
11.04
11.48
11.15
11.68
11.18
11.12
11.10
11.34
10.79
11.22
11.23
11.22
11.02
10.86
10.53
11.50
10.99
10.42
10.70
11.08
10.40
10.73
10.49
10.94
10.73
10.23
10.04
10.58
10.51
11.76
11.68
11.40
11.06
11.65
11.16
10.93
11.61
10.63
12.28
11.65
11.14
11.82
11.42
12.27
12.39
11.86
11.27
11.73
11.29
11.42
12.04
12.15
11.54
11.66
11.54
11.79
11.73
11.72
12.25
12.02
12.06
11.03
11.98
12.49
11.99
11.85
12.29
11.65
11.98
11.70
11.43
12.03
11.84
11.25
12.00
11.31
11.89
11.37
11.57
10.85
11.20
10.96
10.94
10.54
11.30
10.72
11.47
10.42
11.06
10.90
11.50
11.16
10.99
11.24
10.93
11.12
11.61
10.87
10.95
11.19
10.41
9.91
10.20
9.58
9.61
10.64
10.96
10.28
10.48
9.99
9.23
10.17
10.47
10.03
10.05
9.82
9.47
10.12
10.62
10.99
10.20
9.73
10.26
10.14
10.43
9.83
10.14
10.61
10.14
10.12
10.13
10.19
9.77
10.52
10.35
9.84
10.37
10.32
9.87
10.58
10.04
10.31
10.36
10.03
10.13
10.49
10.63
9.66
10.34
10.42
9.78
9.51
9.60
9.04
8.55
9.26
9.41
9.22
9.68
9.76
10.26
9.06
10.25
9.87
10.23
9.88
9.41
9.31
8.29
8.80
8.92
8.36
9.45
8.95
9.36
9.30
9.52
9.51
9.88
9.79
9.33
9.90
9.69
9.72
8.70
9.52
9.80
9.21
9.13
8.83
8.09
8.33
8.57
8.49
9.11
9.62
9.14
9.42
9.28
8.54
8.49
10.39
9.53
9.54
9.70
9.21
9.84
9.16
8.65
9.33
8.94
9.54
9.32
9.51
9.55
9.58
9.99
10.26
10.16
10.53
10.34
10.81
9.70
10.30
10.37
9.93
10.08
10.54
10.19
10.37
11.24
10.47
10.43
10.90
10.93
11.00
11.42
10.69
10.84
11.27
10.80
10.86
10.81
11.56
10.92
10.26
10.95
10.38
11.55
10.71
10.04
10.70
10.72
9.92
10.33
10.54
10.17
9.57
9.78
8.92
9.21
9.64
9.99
10.13
10.34
10.88
10.68
10.81
10.15
10.05
9.95
11.11
10.48
11.00
10.28
10.13
10.90
11.42
9.77
9.58
10.03
10.19
10.40
10.12
10.05
10.46
10.34
10.04
10.82
9.29
9.72
9.92
9.93
10.07
10.62
9.42
10.06
9.81
10.36
10.02
9.97
9.57
10.64
10.07
9.01
10.06
10.22
9.10
9.21
8.61
8.55
9.49
8.78
9.46
9.36
8.72
9.73
9.71
10.10
8.08
10.28
9.89
9.78
10.04
9.03
9.46
9.96
9.56
9.50
10.37
9.95
9.80
9.49
9.48
9.29
8.87
9.89
9.64
9.80
9.90
10.25
9.02
9.39
10.01
9.20
9.37
9.01
9.49
9.15
9.57
9.46
9.18
9.68
9.15
9.78
8.81
10.40
9.87
10.86
8.91
9.71
9.94
10.30
10.90
10.00
10.30
9.52
9.79
10.27
10.18
10.31
11.04
10.68
10.55
9.82
9.52
9.76
9.79
10.05
9.39
8.84
7.59
7.77
7.43
7.21
8.70
6.63
7.04
7.98
7.10
6.43
7.53
7.68
8.22
8.40
8.54
7.39
8.02
7.91
7.82
7.75
8.43
7.20
7.55
7.83
8.00
7.70
7.76
7.48
7.97
8.63
9.17
9.64
9.23
8.15
8.86
9.50
9.31
9.84
9.28
8.90
8.07
8.59
8.57
8.72
8.33
8.71
8.52
8.85
7.84
9.00
8.12
8.38
9.02
6.75
7.78
6.93
7.86
7.20
7.01
6.92
8.24
9.01
8.58
9.65
9.61
9.92
9.67
9.81
9.24
9.31
9.63
9.11
9.39
9.54
9.99
9.45
9.87
9.44
9.62
9.09
9.83
9.49
8.43
9.33
9.34
9.57
8.96
8.99
8.65
9.65
10.29
9.82
11.18
11.26
11.05
10.84
10.82
10.29
10.22
10.01
10.38
10.79
9.83
10.80
10.55
9.93
9.95
9.99
10.29
10.62
10.36
10.21
10.06
10.61
10.56
10.53
10.03
10.37
11.27
11.06
11.17
10.72
10.74
10.92
9.92
10.12
10.62
11.73
10.53
11.58
11.29
10.86
10.41
10.10
10.91
9.71
10.68
10.88
10.96
11.38
11.36
11.15
11.09
11.50
12.00
11.83
11.82
11.43
12.54
11.60
12.77
13.31
12.87
12.48
12.25
12.24
11.85
12.32
12.33
12.57
12.38
12.68
12.60
12.78
13.54
12.49
12.37
11.74
12.46
12.79
12.29
12.06
12.72
12.60
13.53
12.70
12.57
12.91
11.76
12.74
13.05
12.72
13.04
12.15
11.69
11.57
11.91
12.72
12.48
11.81
11.65
12.10
12.57
12.30
12.44
12.42
11.83
13.25
13.20
13.23
13.02
12.45
12.44
12.71
12.71
11.69
12.26
12.17
11.81
9.04
11.32
10.65
11.14
10.75
12.05
10.82
11.19
11.43
11.71
11.47
11.37
11.41
11.14
10.55
10.98
9.39
8.60
9.90
10.11
10.72
9.83
10.17
11.49
10.37
10.57
11.28
10.89
10.41
10.68
11.47
11.17
10.44
12.73
12.53
10.97
11.16
11.37
11.29
11.23
10.76
10.26
10.07
10.42
11.43
10.30
10.50
11.17
11.90
12.22
12.75
12.08
11.16
11.91
11.35
12.38
12.36
11.12
10.49
10.08
10.53
10.62
10.88
9.72
10.47
10.84
10.32
9.92
11.55
11.31
12.57
10.68
11.42
10.86
10.36
10.73
10.11
11.10
11.52
11.26
10.42
11.20
11.31
10.78
11.08
11.37
11.12
10.50
11.03
10.31
10.49
10.02
10.59
11.68
10.87
10.81
10.66
11.20
11.35
10.89
11.64
9.63
10.77
10.50
10.84
11.94
10.30
10.86
10.70
10.26
10.32
10.97
10.17
11.24
9.10
9.58
9.59
10.19
11.13
9.93
9.10
10.01
11.34
11.07
10.85
10.00
10.83
9.84
10.08
9.60
10.89
11.73
10.65
11.24
9.77
11.16
10.93
10.16
10.28
10.61
10.85
11.22
11.89
11.62
8.79
9.57
10.24
10.36
11.68
10.50
10.21
10.29
11.03
10.70
11.91
11.38
11.74
11.70
11.12
12.09
12.55
11.30
10.96
11.25
12.55
10.74
12.33
12.61
11.87
13.31
11.99
11.96
12.70
13.23
12.59
11.07
12.27
12.38
13.36
11.81
12.27
12.08
11.73
11.37
12.08
12.34
11.44
11.04
10.57
11.57
11.39
11.05
11.56
10.96
9.79
10.56
11.06
12.39
11.70
11.44
11.12
11.80
11.50
10.60
11.14
10.54
10.83
10.30
10.67
11.07
11.31
12.12
10.96
11.38
10.74
11.80
12.16
12.33
11.88
11.33
11.07
11.09
11.22
12.50
11.87
11.57
12.67
11.52
11.55
13.08
12.46
12.02
12.80
12.70
11.06
11.37
12.80
12.02
11.30
10.95
11.87
11.56
11.25
11.71
11.79
12.20
12.22
12.26
11.75
11.15
10.76
11.02
10.69
10.81
11.21
10.70
11.29
11.89
11.07
11.39
11.33
10.50
10.64
10.69
10.69
10.95
11.55
11.28
10.98
10.84
10.91
10.80
11.17
11.49
10.57
10.37
11.71
11.95
11.09
12.53
11.93
12.14
11.86
10.55
9.90
9.62
9.95
10.81
11.46
10.83
10.97
11.21
10.96
10.70
11.53
11.14
10.76
10.32
10.56
10.68
10.51
10.89
9.60
10.23
10.36
10.50
10.36
10.25
10.76
10.77
10.82
10.63
10.26
10.24
10.55
10.42
10.70
10.75
10.67
10.65
10.62
10.81
10.26
10.54
11.01
10.57
10.83
11.13
10.84
10.78
11.16
10.67
10.45
10.48
11.37
11.77
10.51
10.70
11.15
10.64
11.90
11.52
12.50
10.75
10.30
10.16
10.67
11.20
11.04
11.36
10.83
10.98
10.84
10.94
11.02
11.22
11.24
10.85
11.14
11.87
11.36
11.19
12.53
12.14
12.44
11.82
10.88
12.02
12.05
11.62
11.84
11.63
11.97
11.77
11.16
10.75
11.46
11.59
12.05
11.17
12.28
11.29
11.76
11.25
11.37
13.10
11.49
11.60
11.96
11.91
12.41
12.82
12.39
12.85
11.71
12.43
12.05
12.52
12.60
12.55
12.36
12.37
12.49
12.98
13.09
12.09
11.99
12.99
12.54
12.46
12.21
12.88
12.69
12.24
11.92
12.53
11.62
11.33
11.43
11.76
11.28
12.21
11.15
11.01
10.59
10.89
11.25
11.25
11.69
13.07
12.98
13.02
13.20
12.19
12.55
13.15
13.58
12.30
13.09
12.69
12.29
12.35
12.69
13.49
12.09
12.21
12.07
12.38
13.09
12.01
12.28
11.98
13.37
12.30
11.98
12.23
12.20
11.55
12.36
13.06
13.05
12.12
12.60
12.30
12.12
12.66
12.39
12.66
11.82
11.82
11.97
12.78
12.56
12.93
13.96
12.70
12.31
11.85
12.74
12.18
12.51
12.81
12.36
11.81
11.51
12.00
12.61
12.70
12.88
12.33
12.30
12.28
11.94
11.87
12.50
12.13
12.77
11.84
12.36
12.56
11.41
12.44
12.24
11.80
12.29
12.09
11.61
13.20
12.73
13.13
12.21
12.14
11.23
11.85
11.32
11.83
11.74
11.99
11.04
11.42
11.31
12.29
11.34
11.73
11.71
11.69
11.38
11.73
11.44
11.75
11.28
11.62
11.68
11.59
11.13
11.93
12.12
11.59
12.51
12.32
12.45
12.40
12.01
11.71
11.96
11.23
10.71
11.40
12.00
12.08
11.05
11.36
11.80
10.49
10.25
10.89
11.10
10.59
11.32
11.70
11.48
11.94
12.19
12.22
11.75
11.87
12.28
12.76
12.63
12.17
12.62
11.77
12.00
12.01
12.58
12.39
12.19
11.24
12.66
12.40
12.55
13.02
12.69
12.94
12.19
12.66
12.48
12.51
13.07
12.65
12.37
11.83
12.48
12.01
12.36
12.31
11.70
11.94
12.19
11.41
11.10
11.70
11.62
12.37
12.11
12.11
12.24
11.20
11.78
11.83
11.92
11.47
12.16
11.74
11.71
11.34
12.05
11.91
11.37
11.36
11.93
12.80
12.44
12.55
12.35
11.76
12.56
11.82
12.70
12.38
11.58
11.97
10.53
12.08
12.14
11.50
12.29
12.33
11.76
12.10
11.87
12.01
12.10
11.70
12.46
11.80
12.35
12.53
12.16
12.29
12.61
12.04
12.11
11.64
12.77
12.08
12.10
11.58
12.06
12.38
11.59
11.70
11.46
11.66
11.81
11.74
12.27
12.38
12.28
11.86
11.45
11.99
12.20
11.78
11.93
11.20
11.57
11.28
11.47
11.46
11.58
12.07
12.20
11.66
11.34
11.39
11.58
11.26
11.36
11.68
10.77
11.87
11.36
12.50
11.57
11.96
12.00
12.21
11.77
11.23
11.26
10.80
12.22
11.58
12.38
12.02
11.65
11.13
11.31
11.83
11.09
11.49
11.48
11.30
11.01
11.30
12.31
10.97
11.91
10.84
11.25
11.56
11.13
11.22
10.31
10.92
10.57
11.02
11.50
11.39
10.66
11.31
10.86
12.16
12.02
12.21
11.41
11.69
11.42
10.37
11.70
11.38
11.37
12.07
12.43
13.06
12.08
12.18
11.62
11.79
11.58
12.09
12.73
12.74
12.08
12.42
12.42
12.23
12.25
11.70
12.28
11.66
11.95
12.33
12.18
11.68
11.62
12.50
12.02
12.09
11.78
12.27
12.70
11.14
11.37
12.30
10.51
11.40
10.72
10.97
12.12
11.73
11.71
11.37
11.54
10.05
10.75
11.57
11.42
11.93
11.51
11.51
12.33
12.13
12.18
11.09
11.88
11.42
10.19
11.45
11.68
11.78
12.14
12.18
12.00
11.41
12.12
12.29
11.93
12.98
12.39
12.52
12.41
12.21
12.74
12.51
12.61
12.37
12.56
12.62
12.41
12.57
12.03
11.44
12.04
11.09
12.29
12.49
11.52
11.95
12.40
11.46
12.25
11.77
11.08
11.61
12.06
12.96
11.43
11.63
11.76
11.88
11.25
10.46
11.58
11.20
11.59
11.40
10.89
9.45
10.41
10.23
11.31
10.59
10.21
9.57
9.83
11.00
10.57
10.32
9.28
9.75
11.83
10.43
11.38
11.11
11.77
11.73
11.59
10.87
11.56
11.80
11.75
10.41
10.77
11.56
12.16
11.49
11.73
11.24
10.99
10.85
11.09
11.15
11.47
11.24
11.34
12.17
11.74
11.32
11.66
12.25
11.83
12.35
12.01
11.69
11.57
11.45
11.58
12.57
11.67
11.75
11.35
11.88
12.14
11.84
11.65
11.88
12.10
12.27
12.33
12.31
11.76
11.41
10.67
11.96
12.05
10.99
11.90
11.94
11.50
11.68
11.87
11.38
11.21
9.57
8.84
9.56
9.36
11.10
10.46
10.05
10.56
10.62
10.20
10.99
10.65
10.49
9.07
10.44
10.19
9.37
9.84
8.61
8.99
9.40
8.13
7.83
7.73
9.04
10.03
8.69
9.03
9.18
8.28
8.85
8.35
7.99
8.20
7.51
8.47
8.53
10.03
8.69
8.58
8.89
8.63
8.79
8.20
8.06
7.81
8.17
8.07
8.74
9.37
9.64
10.02
10.39
9.09
9.88
9.68
10.00
9.23
9.29
9.27
9.60
9.20
8.73
8.60
9.53
8.23
8.58
8.24
8.17
8.10
7.81
7.52
7.38
7.48
7.25
7.75
7.16
7.61
7.62
8.09
8.35
7.81
8.31
7.64
7.42
8.39
8.48
9.58
8.65
9.57
9.21
8.39
7.01
8.93
7.43
8.25
7.70
6.97
6.90
7.99
8.59
7.43
6.93
7.57
8.51
8.81
9.06
9.00
9.29
8.55
8.92
8.86
9.09
9.02
9.53
9.62
9.67
8.99
8.12
8.76
8.87
9.19
9.58
9.34
7.71
9.28
8.98
9.32
8.93
9.26
9.42
9.39
9.88
9.03
9.90
10.06
9.46
10.11
9.35
9.39
9.57
9.29
8.86
9.09
9.33
8.50
9.98
8.67
8.53
8.74
9.14
8.50
9.00
9.12
8.94
9.02
9.47
8.95
9.16
8.92
9.76
8.35
7.73
7.56
8.23
7.99
8.05
7.48
7.81
8.25
8.28
8.66
8.82
8.33
9.29
8.71
8.90
8.78
8.33
8.77
8.45
10.63
8.75
9.95
8.97
8.38
9.75
9.58
9.42
9.31
9.98
9.19
8.36
9.12
8.28
8.55
8.38
9.71
9.06
9.11
8.05
8.43
8.63
8.60
8.78
9.63
10.15
8.64
8.91
9.15
8.61
8.91
8.27
8.44
8.44
9.08
8.56
8.72
9.58
9.32
9.30
9.10
9.17
8.73
8.97
9.60
9.93
10.05
9.65
10.63
10.46
11.07
10.02
11.06
10.55
9.98
10.65
10.66
9.97
9.86
10.35
10.19
10.66
10.84
10.65
10.24
9.74
10.14
10.24
10.68
10.95
9.54
9.89
9.86
9.97
8.55
8.67
9.04
9.09
8.38
9.35
9.87
9.45
8.78
10.01
9.32
9.21
8.88
8.71
9.35
8.28
9.52
9.25
8.39
9.13
8.69
9.06
9.21
8.63
7.70
8.88
9.02
9.39
9.47
9.49
8.70
9.74
8.87
9.32
9.03
9.65
10.62
9.63
10.27
11.14
10.69
9.87
9.28
10.11
10.53
10.56
9.19
9.41
8.43
10.28
8.77
10.66
9.16
9.36
10.10
10.45
9.05
8.87
9.19
8.94
8.85
9.23
8.32
8.50
8.39
7.88
7.85
8.04
8.19
8.30
8.79
8.39
8.35
8.12
8.58
9.16
8.85
8.92
8.46
8.46
8.60
10.20
10.03
9.99
9.64
9.19
9.18
8.93
8.81
8.73
9.32
8.39
8.59
8.92
8.04
8.31
8.45
7.85
8.37
8.33
8.34
8.17
7.86
7.90
9.26
9.58
9.06
9.96
9.15
9.04
8.60
8.77
9.06
8.46
8.36
8.65
8.59
8.58
8.47
8.69
8.60
8.49
8.62
9.42
9.23
9.65
9.87
8.46
9.27
10.20
10.18
11.09
9.32
10.38
9.69
9.40
10.00
9.93
9.53
8.60
9.11
9.76
9.95
10.24
10.77
10.12
10.46
10.84
10.12
9.48
9.85
10.66
11.16
11.62
11.05
10.27
11.43
10.40
11.75
11.70
10.79
11.86
11.79
11.82
11.71
11.76
11.75
10.95
11.19
11.67
11.90
11.65
11.85
11.90
11.30
11.91
11.72
11.61
11.43
11.91
11.24
11.61
12.00
11.88
11.99
11.08
11.67
11.58
11.25
11.78
11.82
11.53
11.68
11.42
11.74
10.85
11.26
12.04
11.41
10.80
11.90
12.23
10.65
10.57
11.73
12.48
11.39
11.97
10.79
11.73
11.68
11.91
11.31
11.23
11.08
11.36
10.89
11.37
10.16
10.57
12.28
12.35
12.39
12.17
11.71
11.59
12.06
11.52
11.86
11.56
11.34
11.22
10.21
10.80
11.29
10.86
11.19
11.42
11.26
10.87
11.06
11.15
11.79
12.28
11.71
12.06
11.59
12.68
12.09
12.57
11.71
12.20
11.84
11.72
11.77
11.88
11.51
12.27
12.10
11.77
12.04
10.94
10.60
11.06
11.07
11.10
11.45
11.04
