18.55
17.84
18.04
17.37
17.94
16.56
16.75
17.27
16.66
16.97
15.79
16.42
16.69
16.14
17.85
16.40
17.03
16.90
17.19
16.12
16.35
16.00
15.53
16.73
17.75
18.28
16.27
17.43
17.43
16.42
16.40
15.01
15.68
16.14
14.99
14.81
15.55
15.05
14.55
13.78
14.39
15.09
15.53
14.09
12.77
13.62
14.20
15.08
13.40
13.17
13.85
15.48
15.54
14.76
14.81
15.45
14.98
15.35
16.08
14.52
14.29
14.75
14.26
14.01
16.19
15.10
15.33
16.00
15.44
13.56
15.69
14.73
14.98
15.61
14.50
17.40
16.20
15.23
16.47
15.70
15.94
16.16
15.49
16.49
15.20
14.78
15.48
14.76
16.17
16.29
16.12
17.30
14.79
14.32
14.19
14.22
16.37
16.40
15.76
15.88
15.65
15.63
15.02
16.16
15.28
15.48
14.22
15.15
15.83
15.66
15.83
16.23
15.81
16.69
14.71
13.25
15.98
16.05
15.99
16.36
17.21
15.75
14.64
14.46
16.47
16.42
16.84
14.93
15.75
14.58
15.59
14.45
14.43
14.52
14.43
14.68
14.37
15.02
14.44
15.87
14.44
13.71
15.34
15.39
14.77
15.21
15.04
14.36
13.77
13.70
14.83
15.38
14.89
14.57
14.34
14.67
14.59
14.97
14.06
14.57
14.46
15.03
14.83
13.62
15.01
14.78
13.75
14.02
15.16
15.35
14.79
15.10
14.27
14.80
14.85
14.88
15.50
14.40
15.41
15.02
15.30
15.64
15.45
15.87
15.12
15.27
16.24
15.86
16.92
14.10
14.53
15.43
15.39
15.84
16.41
16.01
15.57
15.39
15.00
14.86
15.28
14.85
15.28
14.38
14.57
14.85
16.16
15.47
15.31
14.68
15.35
14.61
15.50
14.79
14.74
14.78
14.05
14.93
15.50
15.13
14.73
14.53
14.04
14.78
15.64
15.21
15.23
15.43
15.42
14.86
14.86
15.40
14.65
16.54
14.56
15.13
14.24
15.09
15.71
14.95
15.31
15.36
13.66
14.51
15.52
14.66
13.99
14.75
14.24
14.97
14.18
14.75
14.13
14.89
15.37
14.98
14.33
14.94
14.19
15.68
15.86
15.73
14.59
14.93
14.92
15.29
15.70
16.28
14.90
16.67
15.85
15.69
14.68
15.95
14.71
15.57
15.35
13.74
14.69
16.08
14.80
15.53
14.72
15.33
15.83
15.84
15.48
16.35
13.70
14.72
15.03
15.20
14.41
14.22
15.51
16.13
15.31
16.00
14.69
14.42
15.49
15.18
15.68
15.56
15.03
15.94
16.74
16.07
14.19
15.27
15.95
14.49
16.57
16.67
16.08
14.95
15.82
15.62
16.02
17.43
16.66
16.64
16.19
14.98
15.95
15.35
15.75
16.03
16.44
17.87
16.36
16.27
15.98
16.55
16.21
16.96
17.84
17.91
17.32
17.16
17.16
16.64
16.92
16.54
18.51
17.17
17.21
16.46
17.08
16.10
15.46
15.07
15.97
18.03
16.78
15.64
16.32
14.68
16.48
15.82
14.44
15.34
15.56
16.13
16.13
15.95
14.75
15.76
15.71
16.65
13.75
14.63
14.30
13.09
15.31
14.76
13.16
14.38
14.01
15.23
15.29
15.82
13.67
13.70
13.80
13.30
12.97
13.65
14.57
14.47
15.04
13.91
13.25
14.76
13.87
13.99
14.30
14.40
15.08
14.00
14.93
14.73
14.27
13.17
13.96
14.05
15.66
13.68
15.29
14.77
14.28
15.31
13.96
14.76
15.61
15.09
14.89
15.51
13.46
13.86
15.39
14.06
15.28
14.56
15.35
13.13
15.15
14.41
14.96
14.69
14.15
14.64
13.82
13.68
13.70
14.37
13.54
13.60
13.86
14.38
13.94
13.96
14.11
15.90
14.25
15.19
14.99
14.41
13.48
14.95
14.84
14.65
14.66
14.57
14.14
13.45
14.82
14.06
14.85
13.71
14.99
14.20
14.27
15.44
13.93
14.23
13.96
13.89
14.42
15.55
13.75
14.33
14.96
14.50
14.48
13.03
13.47
13.66
13.84
14.62
14.33
14.41
14.35
14.70
13.42
13.90
14.29
13.99
14.57
13.89
13.58
14.70
14.36
13.94
13.89
14.11
14.67
13.68
14.68
14.44
14.26
13.67
13.90
14.29
14.37
13.78
14.46
13.79
14.35
13.36
13.57
13.09
13.36
13.25
12.08
13.71
13.85
14.15
13.55
13.45
14.84
13.90
13.20
14.07
13.68
13.09
13.93
13.68
13.78
13.99
12.86
13.83
13.89
13.56
14.12
14.43
13.98
13.37
13.72
13.54
13.69
13.39
13.35
13.30
13.39
14.12
13.24
13.37
13.26
13.17
13.57
13.87
13.33
13.29
14.15
13.55
13.45
13.64
13.46
13.22
14.24
13.56
13.88
13.67
13.47
14.57
13.49
13.30
13.76
13.98
13.90
14.28
13.54
14.07
14.10
13.74
13.91
14.08
13.84
13.38
13.66
13.44
14.14
13.91
14.59
14.34
13.83
14.60
14.23
14.25
14.22
13.47
13.62
13.98
13.41
13.76
13.81
13.89
13.60
14.50
14.47
13.74
13.84
13.92
14.52
14.27
13.40
13.49
14.14
13.02
13.62
14.22
14.63
14.54
13.99
13.61
14.53
13.88
14.22
13.82
13.88
13.41
14.33
14.17
13.88
14.22
13.26
13.57
13.32
13.88
13.50
13.98
13.08
14.02
14.40
13.48
13.83
13.65
13.92
13.67
14.78
13.33
13.82
13.44
14.49
13.79
12.51
13.23
13.01
13.28
13.14
12.24
12.74
12.93
12.05
13.28
12.72
13.40
13.03
13.63
13.09
14.14
13.74
14.21
14.44
14.21
14.45
15.02
14.36
14.61
13.73
14.35
14.15
13.93
14.44
14.01
14.53
14.25
13.53
13.75
13.94
14.13
13.67
14.29
14.12
13.97
14.44
14.72
14.02
14.07
13.92
14.13
14.05
14.11
13.86
14.13
14.00
14.57
14.58
14.70
14.76
13.99
14.40
14.43
14.44
14.06
13.81
14.06
14.12
14.44
14.28
14.70
14.81
13.93
13.88
14.31
13.82
14.05
14.08
14.05
14.04
13.47
13.98
14.59
14.63
13.94
15.09
14.33
13.82
13.51
12.91
13.05
13.50
13.70
13.38
13.00
13.51
13.11
14.03
14.16
13.94
14.34
14.01
14.19
14.01
14.23
13.67
13.83
14.67
14.45
13.81
14.12
13.97
13.65
14.14
13.93
14.35
13.47
14.46
14.27
13.75
14.63
14.81
15.34
13.89
13.81
13.48
14.01
14.63
14.17
15.26
15.03
13.96
14.04
14.22
13.95
13.72
14.41
14.70
14.75
14.52
14.25
14.13
14.47
14.10
13.76
13.84
13.92
15.01
14.95
14.65
15.86
13.86
14.82
15.83
13.74
13.67
13.72
14.91
14.54
14.64
14.50
14.34
13.96
13.90
13.60
13.04
14.77
13.76
14.74
14.62
14.47
14.57
14.02
14.55
15.29
14.09
15.39
13.81
14.06
15.32
14.41
14.46
14.97
14.47
15.46
14.38
15.81
15.91
14.53
15.25
14.88
15.40
15.26
14.88
14.74
14.48
14.58
15.11
15.05
14.89
14.82
14.86
15.00
14.93
14.23
14.52
14.38
14.83
14.83
15.13
14.97
15.06
14.63
14.78
14.37
14.83
14.71
14.77
14.71
15.21
15.94
15.58
15.63
15.00
15.53
15.53
15.55
15.39
15.32
15.29
14.91
14.27
14.70
14.26
15.32
15.51
15.18
14.92
14.93
14.98
14.98
14.90
15.89
15.56
15.14
15.02
14.52
14.62
15.13
14.72
15.84
15.90
15.05
14.71
16.04
14.34
14.42
14.85
15.40
14.58
15.30
14.42
14.86
14.96
14.44
14.80
14.18
15.06
14.33
14.25
15.57
15.01
14.58
13.54
14.17
15.41
15.59
15.30
15.47
15.46
15.33
15.45
14.51
14.04
15.36
14.26
14.35
14.66
15.44
15.16
15.06
15.21
14.68
14.17
14.63
14.28
14.88
13.70
14.61
14.55
15.01
14.32
14.67
15.14
14.63
13.97
13.98
15.23
14.45
15.17
14.96
15.21
14.17
13.77
15.05
14.79
14.30
14.48
14.36
14.77
15.00
14.97
14.68
14.15
15.44
14.24
15.20
14.76
15.67
15.47
15.17
15.22
14.57
14.66
14.34
15.10
14.22
15.85
14.83
15.75
14.56
15.43
14.86
14.52
14.71
14.69
15.60
14.87
15.50
15.97
14.19
15.06
15.25
15.10
14.93
15.21
15.51
15.59
14.95
15.29
14.74
14.84
14.86
14.16
14.78
14.24
14.38
14.09
14.71
14.65
14.92
15.04
14.74
14.86
15.12
15.78
15.47
16.06
15.35
15.41
15.59
15.34
14.38
14.69
14.13
14.56
14.56
14.61
14.51
14.56
13.81
15.75
14.64
14.67
15.44
15.00
14.48
15.22
14.76
14.04
13.93
13.98
14.30
13.86
14.76
14.62
14.03
14.80
13.79
14.45
15.69
14.68
15.13
14.71
14.67
14.34
14.20
14.33
15.09
15.61
14.67
14.77
14.50
15.02
14.83
14.93
16.28
14.79
14.67
14.26
14.45
14.89
14.75
13.08
14.10
14.38
14.37
14.52
15.27
15.13
14.81
15.12
14.64
14.49
14.97
15.62
15.03
15.67
15.10
15.14
15.20
15.62
15.42
15.34
15.24
15.23
15.57
15.58
15.03
15.17
15.32
15.14
15.77
15.44
16.14
15.49
15.30
15.19
15.94
15.57
15.92
15.58
15.41
16.42
15.43
15.43
15.75
15.32
16.03
15.68
15.85
15.31
15.65
16.82
15.65
16.64
15.39
14.96
15.57
14.02
14.57
15.43
15.85
15.97
14.67
14.84
14.18
14.26
14.33
13.65
14.12
14.65
14.20
14.65
15.08
14.47
14.39
14.59
14.28
14.65
15.37
14.62
14.55
14.40
15.70
15.22
15.18
15.09
14.31
14.48
14.80
14.30
14.28
14.98
14.43
14.97
15.20
14.21
14.59
14.93
15.86
15.94
14.75
15.23
14.50
14.04
13.94
14.50
14.43
14.81
14.05
15.07
14.69
14.23
14.41
14.74
14.61
13.80
13.60
14.59
14.60
15.04
14.88
15.75
15.33
15.00
14.99
14.17
14.90
15.30
14.53
14.07
14.91
14.78
14.93
14.97
14.82
15.78
14.20
14.84
15.46
15.18
15.83
15.04
15.75
15.69
15.00
15.74
16.19
15.41
16.38
15.40
15.22
16.42
15.45
15.28
16.43
16.15
15.56
15.59
15.58
16.37
15.30
16.20
15.43
14.68
15.47
15.15
15.23
16.41
15.31
15.48
15.46
14.89
15.07
15.06
14.12
15.35
14.85
14.77
15.20
15.42
14.88
15.20
15.41
15.07
16.71
16.25
16.28
16.71
16.44
15.22
15.47
15.58
15.69
15.79
16.20
14.64
15.09
15.48
14.93
15.70
14.67
15.10
14.84
15.52
15.33
15.08
14.94
15.94
15.41
14.85
15.19
15.15
15.18
14.76
14.61
14.84
15.20
14.45
14.87
14.98
14.78
14.58
15.40
14.91
16.52
15.94
15.63
16.14
15.88
16.12
15.14
15.36
15.17
15.00
16.21
15.38
14.81
16.59
16.00
15.38
15.41
15.79
15.68
15.34
15.54
15.96
15.10
16.13
15.95
14.78
15.69
15.33
15.16
15.28
15.15
16.27
15.84
15.75
15.74
15.63
15.59
16.16
15.87
16.25
15.86
16.01
16.15
15.34
17.36
19.89
18.82
15.73
15.53
15.10
15.38
15.21
15.57
14.86
15.67
15.36
15.16
15.25
14.75
15.34
14.68
15.72
15.49
14.92
15.30
16.13
15.09
16.06
16.18
15.21
15.72
15.83
15.60
16.06
16.20
15.38
14.97
14.91
15.90
15.38
15.56
15.91
14.80
15.02
15.68
15.40
15.78
14.86
15.89
15.29
14.86
14.80
14.98
15.33
16.08
16.07
16.23
15.69
15.97
15.54
16.21
15.44
15.46
15.72
15.47
15.98
15.68
14.46
16.09
15.67
14.92
15.27
16.40
16.64
15.43
16.38
16.65
15.42
16.19
15.78
16.28
16.45
15.69
15.80
15.63
15.61
14.73
15.47
15.74
15.34
15.00
14.64
15.19
15.12
14.33
15.31
13.97
16.17
15.72
15.88
15.52
16.03
16.23
15.42
15.62
15.99
16.82
15.76
16.77
16.57
16.44
17.05
16.00
16.73
16.34
16.18
15.98
15.91
16.76
16.03
16.80
14.70
14.83
16.23
15.84
14.93
15.36
16.00
15.62
15.61
16.24
15.81
16.35
15.63
14.87
15.63
15.71
15.43
15.73
15.62
15.14
14.70
16.01
15.45
16.03
14.85
15.01
15.38
14.67
15.19
15.75
14.79
15.01
15.30
14.97
15.31
14.91
15.10
15.75
16.57
15.21
15.17
15.63
16.14
15.22
15.00
16.18
15.74
15.91
15.41
14.85
16.05
16.11
15.86
15.26
15.80
16.47
15.31
15.60
15.69
16.17
15.94
16.25
15.34
15.50
15.50
15.35
16.36
15.47
15.69
15.40
16.29
15.80
15.90
16.48
15.74
16.53
16.35
16.17
16.63
16.32
15.83
16.26
17.24
16.19
16.12
15.72
16.06
16.59
16.31
16.32
15.59
16.02
16.26
17.24
15.39
16.14
16.24
15.90
15.55
16.18
16.00
16.46
16.90
17.24
17.15
15.72
15.42
16.51
15.63
16.48
15.76
15.19
15.42
15.85
15.33
16.28
15.58
16.19
15.86
16.27
15.57
16.05
16.19
16.13
15.93
16.66
16.38
16.81
16.13
16.37
16.36
16.35
16.41
16.48
16.53
16.14
16.14
15.66
16.46
16.21
16.80
17.07
16.29
16.29
16.40
16.39
16.49
16.01
16.15
16.13
16.43
16.21
17.08
16.29
16.10
15.65
16.01
17.28
16.91
17.46
15.54
17.48
16.41
16.46
16.66
17.24
16.40
16.24
16.87
16.38
16.89
16.18
16.49
17.02
18.00
16.69
17.05
17.71
17.80
16.82
16.33
17.00
15.80
16.07
16.77
16.71
16.56
17.00
15.88
16.84
16.90
17.11
16.63
17.34
17.33
16.68
16.42
17.06
16.21
16.33
17.21
15.81
16.87
15.96
15.99
15.41
16.85
16.67
17.06
15.94
16.35
16.13
15.80
16.32
16.21
16.49
16.59
15.46
16.23
16.28
15.24
16.07
16.00
16.41
16.83
16.16
15.70
15.51
15.78
16.23
15.92
15.91
14.89
15.79
16.55
15.55
16.50
14.99
16.97
16.19
15.89
16.35
16.11
17.09
16.64
15.92
17.39
17.32
17.10
16.64
16.53
16.09
16.75
16.12
16.74
16.06
16.54
16.28
16.94
15.81
15.35
16.02
15.89
16.02
15.53
15.73
16.35
16.29
15.34
15.58
16.94
16.03
15.28
15.59
15.57
16.24
15.86
15.96
16.09
15.56
17.07
15.71
16.01
15.57
15.44
15.90
14.75
15.66
16.33
15.63
15.49
16.71
15.78
15.66
15.54
15.39
15.23
15.40
15.88
16.23
16.37
15.82
15.94
15.55
15.87
16.42
16.57
15.84
15.28
15.34
15.49
15.47
15.86
15.81
16.75
15.90
15.02
15.74
15.42
15.03
15.90
15.92
15.70
15.59
15.28
15.59
15.13
15.79
15.75
16.74
15.47
16.20
15.47
16.63
16.05
16.95
16.45
15.90
15.63
15.02
15.31
15.91
16.00
16.81
16.33
16.70
15.95
16.01
16.43
16.21
15.99
16.30
16.06
16.98
18.14
16.58
17.79
17.51
16.56
16.79
16.88
16.69
16.70
17.40
16.24
17.01
17.61
17.16
17.41
17.39
18.15
17.48
17.62
17.14
17.77
17.58
16.95
16.94
17.17
17.32
18.25
18.54
18.21
18.05
17.04
17.03
17.27
17.82
17.15
17.01
16.90
16.63
17.60
17.18
17.67
17.49
16.99
17.20
16.41
17.58
16.40
16.50
16.11
16.65
17.02
16.72
17.30
16.75
16.97
17.28
16.99
17.24
17.50
17.52
17.26
17.22
16.45
16.57
17.32
16.31
17.60
17.34
16.90
16.82
16.85
18.00
18.59
18.19
16.99
17.90
18.31
16.95
16.88
16.84
18.30
17.33
17.13
16.44
16.96
17.04
18.09
18.24
16.81
18.01
17.01
16.71
17.01
16.79
16.81
16.54
16.75
16.77
16.27
16.38
17.83
16.40
17.13
16.15
18.06
18.11
17.16
17.86
17.14
17.32
16.58
16.77
17.17
16.88
17.52
17.55
17.90
17.45
17.78
16.17
16.92
16.15
16.61
16.65
15.95
16.03
17.08
15.72
17.39
16.46
16.43
16.72
17.88
17.24
17.25
16.95
16.94
16.94
16.90
17.06
16.50
16.83
17.18
16.02
16.75
15.67
16.82
16.56
16.55
16.06
16.78
17.01
15.39
15.72
17.17
17.20
17.14
17.13
16.93
15.72
16.99
14.71
16.71
16.67
16.24
16.46
15.90
15.88
15.82
16.03
17.70
17.87
17.81
19.37
18.03
17.89
18.13
17.83
18.20
19.24
18.71
18.35
18.04
16.43
17.54
17.48
17.77
18.66
18.75
17.28
19.46
18.26
16.89
16.15
16.29
16.90
17.23
15.88
16.07
16.96
18.42
18.49
17.15
17.94
18.62
18.44
17.56
18.16
17.66
16.98
17.79
17.50
18.18
18.17
17.65
17.93
18.15
17.59
17.68
17.28
17.76
18.31
16.97
17.44
17.66
17.33
17.48
18.20
16.98
17.49
17.74
17.51
17.19
16.95
17.32
17.64
16.87
16.48
16.81
17.14
17.95
17.23
17.01
16.45
17.65
17.48
17.38
17.16
15.70
17.12
15.09
15.61
16.99
15.68
15.67
15.33
15.78
15.88
17.06
16.73
15.80
16.52
15.92
15.77
16.44
15.53
16.71
16.47
16.46
15.79
15.43
14.75
15.85
15.87
16.89
18.17
15.83
16.50
16.37
15.85
16.85
16.48
16.32
16.69
16.83
16.43
16.77
17.13
17.27
17.27
16.34
16.26
16.36
16.77
16.51
17.99
16.33
15.92
16.90
16.74
16.57
16.73
18.00
17.74
19.23
18.68
16.94
17.18
17.57
17.63
17.34
16.18
17.67
17.09
16.88
17.15
17.92
17.09
17.87
17.16
16.88
16.82
17.84
17.71
17.11
18.08
16.95
16.85
17.47
17.73
17.62
18.41
17.92
16.90
17.34
17.29
16.91
17.58
18.41
16.71
17.07
18.43
17.88
17.86
17.80
17.66
17.23
18.13
17.14
18.21
17.47
17.76
18.65
18.89
18.81
16.91
17.27
17.30
18.88
18.62
18.63
19.27
19.10
17.72
17.29
16.67
16.96
17.84
18.51
17.02
18.18
16.92
18.56
18.26
19.66
19.47
20.07
18.10
17.14
18.18
18.79
17.99
17.38
18.93
17.50
18.07
17.99
17.42
18.11
18.19
18.36
18.32
18.03
19.05
17.71
18.04
17.23
17.01
16.89
15.92
15.98
16.98
16.72
15.70
16.30
16.84
17.28
16.89
17.07
16.99
17.75
16.87
17.31
16.45
17.26
16.62
16.82
16.91
16.78
16.94
16.55
17.72
17.69
17.70
17.72
18.49
18.11
17.98
18.34
18.13
18.01
18.36
17.97
18.88
18.35
18.11
18.24
18.42
17.51
17.41
18.11
17.74
17.90
16.43
17.50
18.05
17.54
17.13
17.74
18.14
18.23
17.88
17.31
17.20
18.14
18.28
17.77
17.34
17.20
17.92
16.53
17.98
17.79
16.72
16.65
16.85
16.35
17.13
16.91
16.90
17.06
17.64
16.95
17.30
18.28
18.21
17.79
18.67
17.98
17.89
17.34
18.48
17.87
18.15
17.85
17.76
17.65
17.85
17.53
17.83
17.97
18.00
17.54
17.51
16.89
17.32
17.19
16.93
16.48
17.87
17.80
17.05
16.85
17.91
17.20
17.69
17.73
17.61
18.46
17.40
17.88
17.43
15.93
15.97
16.81
17.54
16.90
17.37
16.93
16.05
18.01
16.62
17.11
17.00
17.23
15.81
16.97
16.76
16.50
16.60
16.45
17.10
16.84
17.76
17.54
16.71
17.75
16.60
17.34
17.56
17.18
18.00
18.13
17.75
15.92
16.46
17.11
16.76
17.55
16.41
17.07
17.35
16.89
16.61
16.63
16.46
17.56
17.40
16.38
16.47
16.99
17.83
16.74
16.95
17.81
17.60
17.62
17.35
17.25
16.85
16.61
16.86
16.79
17.44
17.58
16.12
17.19
17.53
17.02
16.95
16.01
17.66
17.26
16.16
16.45
17.34
17.65
17.18
17.70
17.43
17.65
16.66
18.27
16.90
16.89
16.13
17.49
17.83
17.02
17.04
18.06
17.35
17.21
16.85
16.79
17.17
17.20
18.18
17.06
17.42
17.12
17.49
16.77
17.96
16.90
18.25
17.50
18.19
17.60
18.53
17.43
18.02
17.63
17.65
17.02
17.21
16.70
17.14
16.77
17.37
16.60
15.88
17.14
17.07
16.10
16.92
16.81
16.96
16.68
16.87
16.69
18.19
18.57
18.13
18.17
17.37
18.01
17.08
17.52
17.18
19.37
18.59
18.11
18.62
18.57
18.30
18.89
18.70
17.99
17.69
17.03
17.66
17.45
17.89
17.93
16.47
17.81
17.57
18.48
18.26
17.69
16.76
18.27
17.68
17.36
17.61
18.53
18.85
18.12
18.48
18.55
18.68
18.41
18.65
18.19
17.50
16.94
17.55
18.09
18.86
18.17
19.03
18.49
17.72
17.98
18.28
18.67
18.40
17.99
17.89
18.13
18.29
18.08
17.35
17.20
17.80
18.53
17.65
18.24
17.54
17.84
18.07
18.19
18.03
18.00
17.71
17.72
17.82
18.36
17.48
18.33
17.77
17.99
18.14
18.18
17.96
18.23
17.84
17.25
18.30
18.96
18.41
18.01
18.10
18.78
17.87
18.89
18.01
17.38
18.54
17.46
17.74
18.40
18.87
18.35
18.01
17.76
17.69
18.25
17.68
18.39
19.00
18.39
17.88
18.08
18.22
17.92
17.42
17.80
18.34
17.80
17.66
18.00
18.02
16.63
17.60
17.83
17.82
18.66
18.40
17.10
16.30
17.35
17.53
18.02
17.38
17.75
18.19
18.40
17.57
17.25
17.93
17.58
18.26
17.65
17.82
18.24
18.43
18.80
18.25
19.23
18.88
18.42
18.85
19.20
18.45
17.93
17.85
17.35
17.67
17.55
16.61
17.16
17.37
16.60
17.75
16.52
17.49
18.13
17.53
17.41
17.94
16.85
18.26
18.84
18.61
17.17
17.46
18.15
17.24
17.49
17.18
17.01
17.64
17.17
17.71
17.91
17.66
17.87
18.12
17.97
17.74
18.19
17.83
17.99
16.73
17.92
16.49
18.28
18.42
17.79
18.94
18.36
18.04
18.66
19.14
18.13
18.69
18.43
15.86
17.12
17.57
16.82
17.83
17.53
18.03
18.44
18.25
18.09
17.58
18.55
18.06
17.52
17.94
17.64
17.89
17.54
18.28
18.23
17.80
18.49
17.91
18.60
17.43
17.66
17.45
17.71
18.00
17.86
18.19
17.55
17.48
17.22
17.34
17.73
17.01
17.49
17.30
17.48
16.04
16.39
17.48
18.49
18.12
17.58
17.60
18.26
17.91
17.49
17.68
17.40
17.24
17.97
17.02
17.70
17.57
16.63
17.67
17.07
17.05
16.55
17.14
18.81
17.91
19.43
18.61
19.90
17.51
18.22
18.20
18.42
18.21
19.38
18.22
18.49
19.24
18.18
18.35
17.73
18.67
18.28
17.91
17.50
18.64
18.59
19.00
18.74
18.29
18.44
18.56
18.94
18.78
18.96
19.55
19.04
18.63
18.73
18.87
18.94
18.56
17.63
18.76
18.36
18.16
18.05
18.23
16.65
18.03
18.03
18.38
17.21
18.46
17.51
18.82
18.77
18.67
18.48
17.90
18.13
18.93
18.55
18.32
18.56
18.35
19.14
19.03
18.65
18.07
18.74
18.70
18.68
18.39
17.95
18.14
17.89
18.38
18.73
18.35
18.50
18.72
18.43
18.05
18.53
19.03
18.03
17.61
18.01
18.11
17.95
18.96
19.25
18.88
18.50
18.44
18.83
18.69
18.42
18.28
19.22
18.23
18.75
18.37
18.60
18.64
18.39
18.80
18.38
18.61
18.83
18.58
18.61
18.37
18.12
19.22
18.88
19.00
18.34
18.85
18.56
18.19
18.80
18.38
18.59
18.68
19.14
18.09
18.79
19.08
18.00
19.06
19.20
18.31
18.49
18.24
18.61
17.76
16.66
18.00
18.89
18.47
18.42
17.57
17.41
18.29
18.46
17.52
18.90
18.31
18.37
17.93
18.37
18.19
18.78
19.43
19.52
19.36
17.86
18.89
18.97
18.45
18.47
18.44
19.12
18.29
18.73
18.84
18.37
18.46
18.20
18.36
18.28
18.65
18.90
18.44
17.72
18.71
19.54
18.69
18.76
18.51
18.22
18.45
19.31
18.70
18.09
19.06
19.08
18.54
18.80
19.31
18.31
18.10
18.00
17.99
17.76
18.53
19.34
19.69
17.99
18.01
18.59
18.51
17.91
17.47
18.65
18.78
18.56
18.84
18.70
18.68
17.89
18.16
18.99
18.85
18.28
18.15
18.01
17.77
18.66
18.96
18.78
17.91
19.36
17.89
17.61
18.46
19.19
17.50
17.85
18.67
16.99
18.65
18.02
18.96
19.04
18.41
18.17
17.82
18.18
18.45
18.19
18.27
17.58
18.51
18.27
18.23
17.73
17.89
17.74
17.58
17.10
18.02
18.68
18.20
17.90
18.54
16.28
18.14
17.64
18.00
18.18
17.74
17.48
18.87
18.15
18.85
18.23
17.49
19.41
18.75
19.29
18.79
18.79
18.21
18.06
18.04
18.82
18.92
17.92
18.40
18.06
18.52
18.43
18.45
19.38
18.74
19.03
18.67
18.72
19.12
19.98
19.34
19.81
18.74
17.80
20.13
19.62
18.67
19.16
19.05
19.34
20.78
18.91
18.90
20.06
18.98
18.78
19.52
18.91
19.15
19.43
19.93
19.96
17.98
18.51
18.08
18.58
17.92
18.84
17.87
18.24
18.49
18.11
18.12
19.05
19.82
18.64
18.98
18.98
18.79
19.04
18.83
19.21
18.72
18.53
18.76
19.53
18.50
20.36
19.58
19.43
19.76
18.56
19.09
20.35
19.47
20.14
19.53
18.56
19.13
20.03
20.69
18.74
19.00
18.88
18.77
19.21
19.33
19.20
18.21
19.75
19.20
18.26
19.21
18.11
19.03
18.88
19.25
19.42
19.50
19.77
19.91
19.96
19.27
19.39
18.69
19.72
18.70
18.43
18.63
19.04
20.10
20.11
19.34
18.72
19.31
20.36
19.12
19.28
19.39
18.00
18.81
18.90
17.94
18.34
19.43
20.22
19.85
19.90
19.00
17.15
18.18
19.09
18.66
17.65
17.89
18.66
19.21
18.17
18.97
18.54
18.44
17.97
17.93
17.48
18.60
18.31
18.98
18.62
18.59
18.69
19.26
19.22
17.96
17.69
17.49
17.84
18.20
18.51
17.74
17.82
18.56
18.38
18.91
17.88
17.21
18.22
17.34
18.05
17.67
18.13
18.16
18.12
17.83
18.83
18.74
19.82
17.52
18.08
17.66
18.44
18.83
18.30
18.92
17.95
19.32
17.97
17.75
18.51
18.76
18.94
17.99
18.53
18.79
18.00
17.90
18.71
18.44
18.77
18.95
18.70
18.43
18.71
18.93
18.81
18.72
17.97
18.49
17.89
18.57
18.87
18.99
18.31
18.30
18.69
18.73
17.79
17.82
18.41
18.97
18.35
18.59
18.00
18.38
17.74
18.75
18.08
18.76
18.28
17.51
17.70
17.12
17.54
18.46
18.21
19.31
18.32
18.26
17.23
17.80
16.86
16.59
16.92
16.65
16.74
16.38
18.33
17.49
17.38
18.40
18.07
16.53
16.84
17.54
16.85
16.99
17.97
17.90
18.22
17.16
14.91
15.61
15.60
16.26
16.24
16.57
16.69
15.90
15.49
15.76
17.19
17.11
17.02
17.56
17.84
17.05
17.35
18.23
18.06
17.36
18.33
17.97
18.13
17.99
17.23
19.32
18.27
17.86
16.81
18.24
17.87
18.56
17.79
18.01
17.46
17.55
17.67
18.27
18.11
17.65
18.81
17.52
17.60
18.72
18.00
18.24
18.26
18.50
18.07
17.81
19.05
19.23
18.37
18.87
18.21
17.51
17.23
18.12
18.44
18.49
17.55
16.92
17.92
17.06
17.60
17.55
17.72
18.02
17.46
17.17
17.45
17.66
17.98
17.58
17.74
17.80
17.41
17.43
17.38
18.18
17.82
17.75
18.00
17.39
17.86
17.93
17.30
17.97
17.98
18.52
18.09
17.38
17.00
18.19
17.46
18.08
17.62
17.65
17.26
17.31
17.62
17.78
17.97
17.52
17.73
17.08
17.19
17.98
16.19
16.85
16.50
17.37
16.85
16.65
16.74
17.26
16.50
16.04
16.12
15.59
15.62
16.72
17.03
16.69
16.80
16.55
17.33
17.67
17.47
18.85
18.30
17.97
17.75
17.25
18.46
16.85
18.16
17.77
17.91
17.56
17.58
16.58
17.45
17.96
15.62
16.82
16.95
18.46
17.51
16.90
16.07
17.76
17.01
17.57
17.22
17.45
17.58
16.46
17.11
16.78
16.96
17.21
16.10
17.42
17.32
17.08
16.77
17.42
17.29
17.86
16.65
17.37
16.97
17.86
17.78
17.56
17.60
17.64
17.61
17.86
17.27
16.93
17.08
17.71
17.06
17.55
16.08
17.00
16.67
16.47
16.87
16.91
17.14
18.29
18.14
17.84
19.11
18.41
18.29
17.45
17.71
18.16
18.47
18.60
17.55
17.43
18.29
18.24
18.14
17.15
16.96
17.52
17.30
16.91
18.20
16.44
17.71
16.59
17.74
17.23
18.08
17.16
16.37
17.03
16.66
17.04
16.97
17.13
17.08
16.91
16.27
17.50
16.83
17.63
17.24
17.57
16.61
15.18
17.92
18.59
17.38
17.39
16.91
16.31
16.78
17.58
17.48
18.47
17.38
17.04
16.27
16.86
16.68
17.22
17.11
16.89
17.26
17.30
18.28
16.94
17.41
17.95
16.76
17.12
17.46
17.53
17.14
16.77
16.65
16.31
16.48
16.76
16.29
16.81
17.89
16.51
16.58
16.23
16.50
16.44
16.89
15.96
17.28
16.54
16.67
15.99
16.56
15.79
15.47
16.82
15.97
16.28
17.09
16.54
16.38
16.81
16.10
16.36
15.64
16.65
17.00
15.60
16.72
16.99
16.91
16.66
17.01
15.64
16.67
16.79
16.12
16.38
15.66
16.03
16.17
17.11
16.28
16.92
16.87
16.57
16.68
15.36
15.98
16.20
16.14
16.09
15.47
16.75
16.62
16.23
16.19
16.49
16.35
17.23
17.04
17.13
16.63
16.20
16.74
17.25
16.54
16.99
14.92
15.50
15.91
15.26
16.09
16.01
15.65
15.44
15.98
15.75
15.36
16.34
16.62
16.38
16.09
15.54
16.23
16.12
17.08
17.32
16.62
16.70
15.84
15.43
16.07
15.80
15.93
16.57
16.58
16.03
17.64
16.33
14.53
15.84
17.52
16.53
16.52
16.81
15.80
15.28
17.07
17.14
17.39
16.44
17.03
16.70
16.43
17.18
17.27
16.75
16.89
17.21
16.09
15.71
15.80
16.45
16.85
16.44
16.15
15.90
16.78
16.40
16.99
17.04
17.39
15.97
17.46
17.08
16.96
15.53
16.00
16.93
16.26
16.77
16.29
16.73
17.35
17.55
16.79
17.17
16.03
16.28
16.79
17.31
16.28
16.52
16.40
16.61
16.54
16.21
16.27
17.21
17.61
16.82
17.53
16.91
16.62
17.83
17.14
17.93
17.20
16.69
16.08
16.00
14.96
15.79
16.00
15.45
15.69
15.67
16.05
16.90
17.40
17.52
16.68
16.93
16.09
16.90
16.07
16.17
16.09
17.11
16.79
17.48
17.12
17.10
16.65
17.17
17.20
16.37
16.94
17.68
17.41
17.15
17.56
16.93
16.60
17.02
17.41
17.16
16.60
16.42
17.03
16.33
17.19
17.68
16.64
16.69
16.66
16.84
17.47
17.34
16.51
16.40
17.57
17.39
17.82
17.38
17.28
17.42
17.78
17.85
17.29
17.42
17.76
17.43
17.66
17.27
17.46
18.02
17.49
17.36
17.44
17.07
18.82
17.37
18.58
16.92
17.57
18.06
17.64
17.44
16.87
16.41
18.34
18.08
17.61
17.38
17.18
18.09
17.15
17.38
17.26
17.97
18.07
17.71
16.62
17.32
17.62
17.30
17.44
17.02
17.47
16.62
17.77
16.92
17.04
16.68
17.30
17.83
17.98
17.83
16.83
17.06
17.09
17.75
17.40
17.98
17.32
17.28
16.50
16.58
16.54
15.75
16.05
16.93
17.03
16.03
16.78
16.02
16.53
15.65
17.87
17.20
17.47
17.27
17.11
17.61
17.20
18.43
16.95
16.37
17.51
17.22
16.86
16.08
16.37
17.04
17.06
16.28
17.25
16.46
15.94
16.38
16.69
17.19
16.93
16.90
17.54
17.18
16.78
16.74
17.12
16.79
16.85
17.34
17.09
17.96
15.93
16.71
16.59
17.23
17.13
17.32
17.00
17.38
17.28
16.69
16.31
16.87
16.55
16.32
16.25
15.98
15.33
16.37
16.45
16.60
16.78
16.54
15.97
16.98
16.81
16.15
16.21
15.73
15.98
15.23
16.19
16.44
16.33
15.96
15.76
16.11
16.43
15.37
15.77
15.15
16.51
16.89
16.84
16.65
16.55
16.22
16.61
16.46
16.48
16.20
16.76
17.18
16.81
17.43
16.33
16.18
15.10
14.65
14.83
16.19
16.42
16.29
16.16
15.59
15.41
16.40
15.07
16.22
15.50
16.49
17.03
15.90
15.33
15.94
15.71
15.81
16.14
16.07
16.30
15.71
17.23
16.72
15.42
16.48
16.19
15.19
14.92
15.28
15.09
14.92
14.66
15.31
15.72
15.12
15.58
15.76
16.77
17.16
17.73
17.02
16.83
16.60
16.52
15.96
17.28
16.34
16.68
17.25
16.39
17.53
16.30
16.83
15.86
15.27
16.86
15.41
15.32
15.52
16.00
16.43
16.97
16.90
15.64
16.26
16.80
17.53
15.65
17.02
17.05
16.22
15.45
16.31
16.54
16.77
16.33
16.72
16.73
16.67
17.51
16.71
16.58
16.84
16.92
16.10
16.89
16.67
17.17
16.53
16.98
16.66
16.49
17.00
17.21
16.05
17.41
17.81
17.59
17.65
15.74
16.25
15.10
15.56
16.06
15.58
15.80
15.47
16.64
14.64
16.62
17.59
17.16
17.10
16.81
16.72
17.63
17.57
16.85
16.16
16.92
16.38
17.82
16.88
17.16
15.82
16.73
17.38
17.79
16.87
17.26
17.16
17.62
16.56
17.50
17.86
18.82
17.30
17.15
17.63
17.09
17.30
17.21
16.76
17.65
17.43
17.04
17.50
17.76
17.07
16.94
17.06
16.91
16.41
16.89
16.09
17.83
17.28
17.75
17.58
17.09
17.50
16.86
17.48
17.24
17.72
16.92
17.17
17.97
16.14
16.88
16.17
16.98
16.76
17.17
17.31
17.82
17.60
17.69
17.23
17.17
18.03
18.30
16.30
15.95
18.30
18.47
17.81
18.73
17.28
17.34
17.21
17.19
17.75
17.16
18.35
18.22
18.47
19.95
19.34
19.42
19.99
19.25
20.02
19.38
19.13
19.34
19.07
19.18
19.65
20.23
19.11
19.68
19.78
19.66
19.97
20.26
20.35
18.59
20.31
19.54
19.47
18.84
19.91
19.59
18.77
20.66
19.96
19.08
19.12
19.74
19.57
19.64
19.64
19.35
19.38
20.33
18.80
19.62
20.12
19.93
19.82
20.14
19.47
18.74
17.67
19.10
19.06
19.07
18.97
19.36
18.76
19.96
19.01
18.94
19.33
18.23
19.97
19.27
19.56
18.27
19.67
19.86
19.83
19.23
18.51
19.66
19.54
20.56
19.87
19.93
19.67
19.99
19.98
19.10
19.50
18.24
18.79
19.31
18.73
18.16
17.54
18.05
18.10
18.60
18.99
18.08
19.37
19.31
19.06
17.45
17.90
17.16
18.10
18.37
18.46
19.61
16.68
18.36
19.57
19.57
19.58
19.52
20.02
20.38
18.69
17.95
17.43
16.86
17.84
17.08
15.62
17.24
16.46
17.20
16.04
16.61
15.88
16.58
16.59
17.74
17.94
17.58
17.14
17.65
16.97
17.51
16.73
17.65
18.19
18.30
16.44
18.03
19.57
19.28
19.33
16.25
17.55
17.52
16.41
17.04
17.51
16.96
16.21
17.06
17.38
16.75
16.79
17.15
17.01
14.92
15.53
15.97
16.24
16.51
16.27
15.85
15.82
16.64
17.00
16.83
19.30
16.69
18.17
18.12
18.63
17.94
18.84
18.11
18.52
19.12
18.59
17.61
17.50
19.50
16.91
19.18
18.25
17.67
18.02
18.34
18.22
19.11
18.72
18.32
18.73
18.57
19.66
19.32
20.67
20.17
20.17
19.68
20.37
17.64
18.96
17.81
18.22
18.76
18.28
18.22
19.23
19.55
18.15
19.96
19.53
19.20
19.62
20.35
18.45
19.69
19.40
20.11
21.58
20.00
20.08
19.75
20.31
20.32
19.89
21.09
19.62
19.72
19.29
20.69
19.52
20.95
19.26
18.12
20.58
20.41
20.09
19.62
21.72
22.15
22.02
22.34
22.96
21.73
20.06
20.68
21.58
22.43
20.03
18.43
19.07
19.73
19.59
19.05
17.40
18.82
18.63
18.08
19.95
19.27
20.32
18.38
17.44
18.69
19.74
19.73
19.56
19.72
18.88
18.71
18.03
19.18
18.40
19.69
18.74
19.03
19.37
19.39
19.82
19.64
20.49
18.58
20.35
19.29
16.53
20.80
21.03
19.74
20.26
19.66
19.81
20.81
20.67
20.96
20.46
21.37
20.43
20.61
21.28
20.97
19.93
19.40
19.80
20.13
20.04
20.92
19.87
20.47
20.65
20.94
19.70
20.44
18.78
19.51
20.00
19.68
19.55
19.34
18.01
18.64
18.97
19.26
18.49
18.77
18.39
19.05
20.33
19.55
19.82
18.53
18.72
18.10
20.46
20.79
19.66
18.55
18.22
19.12
18.72
18.45
19.05
18.47
18.48
19.78
19.21
18.17
18.56
18.68
17.62
18.19
18.90
17.76
18.59
18.70
17.88
18.94
18.46
20.15
20.10
18.62
20.02
17.67
17.18
17.02
16.61
15.80
18.21
19.61
19.60
19.74
18.74
21.27
20.21
21.39
17.85
18.24
19.27
20.22
19.46
20.67
19.64
20.14
20.67
18.94
19.99
