3.00
2.19
3.08
3.97
3.41
2.83
2.39
2.91
2.45
3.15
4.22
3.49
3.94
4.02
3.50
1.91
1.71
2.07
1.76
1.73
1.97
2.57
1.86
3.30
3.97
4.12
4.98
4.04
4.40
4.51
4.63
3.85
4.50
3.73
4.00
4.40
3.97
4.25
4.13
4.79
4.67
4.79
4.66
4.17
4.22
3.92
3.92
4.11
3.95
2.84
2.20
3.54
4.64
2.75
4.35
3.34
2.86
3.06
2.86
2.66
4.09
3.83
4.45
5.31
5.11
4.87
4.09
4.59
4.56
4.90
3.54
3.06
3.35
3.87
4.97
3.73
3.23
3.97
2.49
1.72
3.80
3.66
3.95
2.10
3.31
3.37
3.16
3.37
3.98
4.14
4.23
4.20
4.43
4.70
4.38
4.39
4.74
5.32
4.93
3.32
5.86
5.44
5.79
5.41
5.69
6.06
5.99
5.30
5.57
5.75
6.15
6.23
6.02
6.41
6.00
5.85
5.77
5.96
6.14
5.82
5.81
6.33
6.13
6.24
5.99
5.47
5.87
6.58
6.22
6.57
6.21
6.42
6.03
5.93
6.37
6.07
6.35
6.56
6.22
5.57
5.78
6.39
5.30
5.41
5.71
6.96
6.55
6.67
6.55
6.02
6.43
5.68
6.06
6.64
6.45
5.68
6.46
6.06
6.37
6.29
5.93
6.17
6.69
6.05
6.53
6.60
6.99
6.40
6.72
6.42
6.71
6.68
6.63
6.23
6.08
6.36
6.40
6.79
5.95
6.44
6.36
5.99
6.91
6.91
6.72
5.99
6.56
6.64
6.94
6.59
6.32
6.39
6.50
6.55
6.25
6.80
5.99
5.82
6.44
7.17
6.60
6.62
6.08
6.49
6.80
5.98
6.54
6.72
6.71
7.92
6.22
6.36
5.85
6.31
6.05
6.39
6.60
5.95
6.49
6.04
5.80
5.58
5.65
6.16
5.71
5.48
6.29
6.30
5.91
6.02
6.83
6.26
6.45
6.19
5.91
6.03
6.68
6.37
5.73
6.50
6.05
7.15
7.46
6.34
6.89
7.07
7.48
6.69
7.15
7.18
6.97
7.37
7.24
6.67
7.22
7.54
7.47
7.20
7.20
7.23
7.63
6.72
7.47
7.05
7.10
7.31
7.01
7.91
6.83
7.24
7.23
6.71
6.84
7.41
6.79
7.08
7.29
7.27
6.98
7.79
7.10
7.28
6.98
6.12
6.90
6.95
6.58
7.00
6.83
6.40
5.71
7.37
5.75
6.68
7.04
7.13
6.50
7.02
7.04
7.24
6.87
6.50
6.69
7.39
7.45
7.52
7.78
7.04
7.13
6.77
6.72
7.13
7.41
5.33
5.73
5.25
5.20
5.69
5.98
5.24
5.71
5.60
5.61
6.59
6.27
6.22
5.47
5.48
5.71
5.63
5.69
4.95
4.34
4.85
6.31
6.18
5.43
4.94
5.91
4.80
5.93
5.50
5.26
4.40
5.01
5.06
4.77
5.73
5.25
5.30
6.18
5.16
5.30
5.66
6.57
5.95
5.80
6.50
5.85
5.76
6.02
5.52
5.75
5.82
6.00
5.19
5.65
5.63
4.84
5.69
5.64
5.14
5.77
5.88
5.26
5.03
5.70
4.94
5.47
4.64
4.98
5.41
5.65
5.20
5.98
6.22
5.67
4.69
5.00
4.37
3.44
2.90
3.18
3.36
4.24
3.94
3.60
3.05
3.34
3.63
4.06
3.35
3.21
3.33
2.54
2.55
3.32
4.97
5.37
4.56
4.69
3.55
4.34
4.95
5.20
5.76
6.11
4.43
4.86
4.05
4.37
4.76
3.92
4.00
3.86
4.48
3.69
4.16
3.38
4.46
3.42
4.16
4.61
4.20
4.39
4.35
4.29
4.36
3.98
2.94
3.75
4.21
3.84
3.77
3.93
5.04
5.77
5.10
4.95
4.83
5.47
4.47
5.02
4.16
3.27
3.03
4.39
4.96
4.60
3.55
4.12
4.50
3.32
4.73
3.60
4.04
3.77
3.70
3.76
4.28
4.56
4.61
4.52
3.97
4.31
3.97
3.58
3.82
3.50
3.25
3.96
4.18
4.15
4.58
3.96
4.37
4.41
4.12
4.92
3.94
5.01
3.63
4.41
4.51
4.94
4.23
3.24
3.29
3.70
4.45
4.48
4.80
4.66
4.71
3.65
4.51
4.65
4.13
4.37
4.49
4.93
4.74
4.84
2.72
3.58
4.35
3.30
3.30
3.77
4.41
3.57
3.13
2.92
2.97
3.63
3.73
3.69
2.98
3.86
3.19
4.25
3.91
4.23
4.00
2.87
3.06
3.10
3.09
3.26
3.18
3.32
3.92
3.93
2.29
3.06
2.90
3.16
2.89
3.61
3.32
3.01
3.81
3.26
3.15
3.10
4.06
3.55
3.25
3.30
3.72
4.11
3.33
3.34
3.15
3.10
3.52
3.01
3.11
2.90
3.42
3.06
4.33
4.09
4.45
3.92
4.47
4.13
3.66
2.89
2.62
2.95
3.90
4.47
2.82
3.49
3.87
3.32
3.04
3.55
3.99
3.14
3.99
3.25
3.04
3.24
3.72
3.89
3.84
3.53
3.77
4.02
4.10
3.65
4.11
3.99
3.82
3.62
4.07
3.77
3.88
3.64
3.77
3.60
3.45
3.84
3.38
3.67
3.83
4.03
3.31
4.22
3.99
4.16
3.63
3.66
3.43
3.54
4.39
4.28
4.47
4.54
4.62
4.04
4.82
2.30
2.93
2.78
2.78
3.11
3.20
3.65
3.49
2.93
3.57
3.47
3.57
4.18
3.30
3.20
3.23
2.78
3.97
4.17
4.52
5.70
5.17
4.48
5.22
5.19
5.39
3.85
4.51
3.77
3.24
3.45
4.35
3.75
4.00
3.57
3.22
3.73
3.70
3.64
3.38
3.29
3.45
3.57
3.44
3.43
3.26
3.77
4.00
3.30
3.67
3.91
3.51
4.04
3.23
3.81
3.33
3.29
3.73
3.45
3.09
3.40
4.07
3.23
3.93
4.23
3.66
4.30
3.07
2.95
3.34
2.98
3.70
3.05
3.88
4.35
5.17
5.48
5.76
5.73
3.41
4.82
4.52
3.96
3.64
3.94
5.06
4.26
3.72
3.92
4.38
4.23
5.27
4.94
4.42
4.33
4.77
5.02
5.64
5.36
4.57
4.36
5.36
5.34
5.97
4.58
5.12
5.33
5.29
4.80
5.51
5.45
5.06
5.03
5.15
5.24
4.49
4.98
4.43
4.88
4.87
5.08
4.84
4.93
4.15
4.23
5.26
5.40
5.29
4.73
5.36
5.17
4.88
3.63
3.86
3.47
3.12
3.22
3.36
3.32
3.16
4.13
3.34
4.01
3.38
4.04
3.34
3.31
3.26
3.81
3.61
3.39
3.74
3.21
4.14
3.55
4.16
4.08
4.08
3.82
4.06
3.35
3.16
3.54
5.19
3.38
3.29
3.71
3.22
3.33
3.24
3.90
3.81
5.54
5.32
5.87
5.05
4.68
5.88
6.04
5.86
5.72
4.75
3.51
3.54
3.39
3.05
3.62
3.41
4.21
3.57
3.10
3.95
3.51
3.41
3.93
3.29
3.36
3.83
3.08
3.68
4.22
3.43
4.38
3.51
5.08
4.46
4.70
3.89
4.07
4.59
3.56
3.63
4.18
3.74
4.63
4.53
3.46
3.92
3.96
3.89
4.77
4.80
4.79
4.51
4.81
4.59
3.93
3.90
3.71
3.51
3.92
3.76
3.73
3.15
3.61
3.36
3.37
3.77
3.09
3.95
4.33
4.04
3.88
3.53
3.79
3.79
3.61
3.34
3.23
4.10
4.08
5.26
4.75
4.94
5.53
4.72
4.77
5.15
5.32
5.38
5.01
5.04
4.04
4.05
4.12
4.48
4.82
4.70
4.34
3.80
3.18
3.62
3.88
4.47
4.37
4.11
4.31
3.32
3.88
4.00
4.34
3.99
4.03
4.30
3.53
3.88
4.02
3.91
3.58
4.26
3.95
3.32
4.14
5.56
5.88
5.22
4.99
4.82
6.17
5.43
5.88
6.20
5.72
5.91
4.31
4.31
4.61
4.39
3.82
4.10
3.44
3.57
3.83
3.94
3.49
3.25
3.29
3.12
4.08
3.31
5.73
4.89
4.98
5.57
5.54
5.59
5.42
4.09
4.58
3.58
5.37
4.23
4.52
3.78
4.62
4.65
3.75
3.81
3.80
4.65
4.80
3.60
4.53
4.45
3.48
3.27
3.21
3.13
3.21
3.17
2.76
2.43
3.25
3.09
3.26
3.01
3.17
2.49
3.07
3.06
3.11
2.39
2.60
3.21
2.91
2.98
2.60
2.61
2.71
2.71
2.39
3.09
2.95
3.15
3.19
2.81
3.46
3.08
3.35
3.05
3.03
2.83
2.81
2.57
2.91
3.18
3.05
3.20
3.01
3.27
2.66
2.64
2.89
3.11
3.55
3.15
2.84
2.52
2.41
2.62
3.50
3.11
2.71
3.09
3.40
3.09
2.80
3.13
3.29
3.07
2.92
2.49
3.34
3.23
3.09
3.24
2.84
2.74
3.02
2.90
3.38
3.63
2.84
3.25
3.19
3.23
3.19
2.96
3.07
3.16
3.14
3.29
3.21
2.93
3.64
2.99
3.76
3.29
3.44
3.24
3.88
2.86
3.41
3.08
3.60
3.70
3.58
3.20
2.94
3.29
3.80
4.05
3.14
3.14
2.63
3.38
3.26
3.67
3.38
3.32
2.77
3.14
3.00
3.29
3.72
3.99
3.69
3.30
3.41
3.46
3.22
3.12
3.22
3.62
3.67
3.38
3.38
3.96
3.78
4.15
3.98
4.28
3.52
4.28
4.53
4.45
4.24
4.03
4.44
4.01
4.33
3.65
3.50
3.76
3.50
4.07
3.76
3.82
3.76
4.59
3.70
3.61
4.06
4.08
4.09
4.04
3.88
3.90
3.61
3.74
4.11
3.85
4.34
4.42
3.55
3.67
3.58
3.55
4.00
4.21
4.08
4.32
4.71
4.38
3.81
3.54
3.87
4.07
4.52
4.09
4.76
3.71
4.63
3.81
3.83
3.67
3.72
3.11
3.26
3.60
4.17
4.65
4.10
4.10
4.41
4.16
3.33
3.60
3.26
3.23
3.52
3.92
4.46
3.78
4.01
4.06
4.38
3.89
3.92
3.49
3.44
3.33
3.53
3.40
3.65
3.99
3.89
3.72
4.55
4.26
3.75
3.71
4.20
3.48
3.66
3.64
4.24
3.91
3.39
4.56
3.61
3.76
4.43
4.05
3.35
3.72
3.98
3.98
3.20
3.45
3.42
3.28
3.42
3.22
2.91
3.79
3.23
2.62
3.61
2.84
3.39
3.72
3.17
3.55
3.38
3.65
3.86
3.87
3.15
4.04
3.70
3.93
3.36
3.66
3.32
3.61
4.09
3.53
3.85
3.78
3.21
3.24
3.46
3.46
3.52
3.74
3.79
3.32
2.93
3.37
3.80
3.50
3.92
4.07
3.80
3.91
3.73
3.64
4.20
3.64
4.11
3.68
2.93
4.23
3.44
4.21
4.37
4.32
4.13
3.91
4.07
4.11
3.77
2.72
2.77
3.34
2.94
3.79
3.57
3.13
3.20
2.99
3.39
2.69
3.36
3.24
3.62
3.53
3.60
3.45
3.82
3.79
4.23
3.32
3.20
3.70
3.08
3.66
3.89
4.58
4.51
3.76
3.17
3.16
3.87
3.65
3.71
2.92
3.72
3.01
4.18
3.49
4.23
3.80
3.54
4.20
4.59
4.46
4.55
5.00
4.83
4.69
4.22
4.82
4.16
3.80
4.16
3.73
4.66
4.27
3.94
3.49
4.45
4.16
4.35
4.53
3.72
3.97
3.29
3.51
4.99
3.98
3.84
4.33
3.97
4.09
4.18
4.24
4.16
4.36
4.32
3.51
3.62
3.51
3.96
3.43
3.40
3.33
3.64
3.54
3.53
3.67
3.97
3.46
3.50
3.94
4.32
4.29
4.26
4.49
4.37
4.07
4.03
4.44
3.81
4.38
4.37
4.41
4.71
4.45
4.51
3.93
4.29
5.03
5.13
4.52
3.67
3.97
4.35
4.40
3.93
3.87
4.67
4.40
4.95
3.25
2.71
3.62
4.07
3.69
5.13
4.79
5.21
2.93
3.88
3.33
2.70
2.72
3.15
2.70
2.52
3.12
3.17
2.90
3.52
3.96
4.15
2.69
3.38
2.47
3.06
3.03
3.54
3.42
3.09
3.64
3.86
3.94
4.22
4.07
3.35
3.67
3.41
3.90
3.47
3.52
3.28
3.65
2.88
3.21
2.92
2.63
2.52
3.41
3.36
3.44
4.14
3.50
3.79
3.94
3.40
3.97
3.52
2.91
3.04
3.90
3.53
3.64
3.10
3.88
3.08
3.76
3.64
3.94
3.82
3.59
4.09
3.98
4.08
3.63
3.72
3.96
3.91
2.48
3.13
3.30
4.14
3.94
3.19
2.94
3.25
3.18
3.57
3.85
4.17
5.10
4.10
3.78
2.79
3.00
3.02
3.32
3.40
3.62
4.13
3.99
3.69
3.16
3.79
2.83
3.39
3.77
3.14
3.49
3.22
3.15
3.62
3.64
3.43
3.38
3.53
3.16
3.44
3.86
3.52
3.38
3.38
3.15
3.45
3.18
3.37
3.47
3.50
3.52
3.26
3.04
3.21
2.81
3.16
2.58
3.10
2.98
2.39
2.68
2.77
2.80
2.40
2.44
2.39
1.82
2.82
2.76
2.74
3.47
3.24
3.23
2.29
3.17
2.61
3.03
3.31
3.17
3.19
3.63
2.88
2.46
2.71
2.84
2.90
3.21
3.88
3.36
3.63
2.60
2.61
2.74
2.22
2.68
3.14
2.71
2.46
2.74
2.77
2.67
2.80
2.55
2.62
2.14
3.17
2.94
2.17
3.04
1.63
2.43
2.59
2.61
2.99
3.07
3.45
3.16
3.50
2.92
3.89
3.44
2.86
2.04
2.49
2.62
3.09
2.83
2.50
3.20
3.33
2.79
2.88
3.16
2.52
2.67
2.89
2.67
2.41
3.32
3.03
3.07
2.88
2.95
2.93
2.94
2.69
3.44
3.83
2.97
3.17
3.36
3.61
2.96
3.64
3.53
3.68
3.94
3.73
3.31
2.61
3.17
3.13
3.21
3.28
2.76
3.89
3.77
3.99
3.59
3.72
3.55
4.11
3.86
4.26
3.53
3.06
3.14
2.31
2.35
2.85
3.43
3.02
3.48
3.23
3.11
2.81
2.34
2.46
3.94
2.68
2.76
3.43
3.37
3.02
3.28
3.86
3.50
3.41
2.96
3.14
3.46
3.41
3.74
3.04
3.35
3.16
3.08
3.21
3.51
3.51
3.23
3.87
3.61
3.55
3.69
4.28
3.17
3.88
4.47
4.06
2.76
2.74
2.59
2.65
2.73
2.86
2.86
2.92
3.37
3.41
3.09
2.36
3.44
2.80
3.24
3.69
3.52
3.74
3.55
3.14
2.59
2.85
2.08
3.26
3.68
3.30
3.92
3.54
3.43
3.30
3.76
3.31
3.64
3.32
3.23
3.91
4.32
3.91
4.21
3.00
3.73
3.80
4.15
3.09
4.21
4.40
4.05
4.58
4.50
4.35
4.17
4.07
3.64
3.43
3.57
3.27
3.32
3.21
3.21
2.98
2.89
3.72
3.48
3.14
3.28
3.29
3.47
3.45
2.86
3.00
2.71
2.96
3.32
2.95
3.34
3.57
3.27
3.58
2.65
3.08
3.14
3.21
3.12
3.55
3.64
3.53
3.01
4.02
3.53
3.22
3.42
3.85
4.27
3.58
4.30
4.16
3.48
3.94
3.91
3.12
3.76
2.98
3.16
3.47
3.23
3.18
3.23
3.33
2.47
3.70
3.04
2.71
3.48
3.92
4.34
4.67
3.94
3.78
4.05
3.97
4.34
4.34
3.97
5.06
4.20
4.08
4.17
3.91
4.29
4.12
4.19
3.93
2.95
3.80
3.90
2.84
4.05
3.89
4.05
3.87
4.04
3.95
3.90
4.07
4.35
3.85
3.65
3.78
3.91
4.07
3.36
3.53
3.18
3.41
3.72
3.40
3.55
4.56
4.11
3.67
3.31
3.86
3.68
4.13
3.39
3.89
3.89
4.47
4.39
4.21
4.02
4.28
4.13
4.12
4.54
4.08
3.96
3.68
3.85
4.24
4.05
4.51
4.33
3.86
4.02
4.19
3.98
4.61
4.24
3.19
4.35
4.58
4.27
4.16
4.10
3.74
4.18
4.74
4.60
3.78
3.57
3.80
3.90
4.01
3.82
3.97
3.78
3.59
4.18
4.15
3.96
4.15
3.90
4.26
4.54
4.58
4.37
4.54
3.96
4.32
3.48
3.78
4.03
3.62
3.75
3.80
4.10
3.98
3.78
3.65
3.66
3.67
4.25
3.68
3.97
4.10
4.26
3.43
4.11
3.97
3.48
4.27
4.11
4.36
4.44
4.64
4.85
4.58
4.26
3.88
3.96
2.98
3.05
3.48
3.20
3.85
3.70
4.47
3.56
4.34
3.27
3.49
3.46
2.97
4.15
3.36
3.04
3.31
3.04
2.97
3.10
4.18
3.63
2.83
3.64
3.14
3.57
4.20
3.48
4.15
3.95
3.52
3.70
3.42
3.56
3.47
3.24
3.55
3.41
3.86
3.74
3.73
3.60
3.44
2.98
3.45
3.38
3.80
3.84
2.97
3.86
3.97
3.44
4.25
4.12
3.88
4.34
3.38
3.81
4.07
3.56
3.48
3.87
3.62
3.55
3.57
3.44
3.66
3.70
3.59
3.60
3.75
3.46
3.78
4.03
4.33
3.92
3.84
3.82
3.99
3.58
3.95
3.61
3.41
2.53
3.09
3.92
3.54
4.12
4.29
3.53
3.85
3.83
3.18
3.52
3.41
3.73
4.25
3.75
4.72
4.21
4.58
4.16
4.01
4.33
5.03
4.46
4.76
4.35
4.55
4.03
4.03
4.32
4.31
4.66
4.31
5.05
3.97
4.82
4.91
4.73
4.35
4.13
4.30
3.53
3.88
4.55
4.27
3.97
4.44
4.24
4.82
3.77
4.36
4.57
3.95
4.08
4.43
4.80
4.74
5.27
4.96
5.81
6.60
5.31
5.89
5.65
6.11
6.21
6.57
6.18
6.56
5.85
4.83
4.57
4.36
4.74
4.73
5.38
4.95
5.36
4.61
5.56
4.84
5.03
5.18
4.49
4.44
5.25
4.64
4.97
5.11
5.06
4.55
5.13
6.14
6.24
5.65
4.86
4.50
3.80
5.43
4.28
4.56
5.53
6.07
4.52
4.78
3.47
4.05
3.59
3.90
4.08
4.11
4.45
4.29
4.24
3.48
3.59
5.26
5.20
5.29
6.05
5.18
4.96
5.38
4.70
4.26
5.24
5.72
6.14
4.74
4.45
4.91
5.19
5.13
5.31
4.24
5.23
4.61
4.66
4.87
4.47
5.23
5.26
5.12
5.74
4.39
5.55
5.11
3.48
4.15
4.80
5.20
5.34
3.95
5.04
5.19
6.25
5.28
5.90
5.63
5.56
5.49
5.91
4.83
5.35
6.38
5.53
5.52
4.42
4.12
6.23
5.08
4.31
5.21
5.60
4.03
5.89
5.53
5.19
5.24
5.18
5.53
4.95
4.86
5.01
5.40
5.22
5.61
5.20
4.78
4.92
4.81
5.93
6.01
6.53
5.97
5.78
6.02
6.17
6.21
6.52
6.49
6.03
6.45
5.85
5.64
5.90
6.06
6.18
5.14
6.02
5.37
6.37
6.18
5.27
5.57
5.34
6.28
5.39
6.07
5.53
5.99
4.41
4.88
5.02
4.72
5.00
4.97
5.11
5.81
4.91
5.43
5.16
5.21
4.05
4.91
4.73
4.63
5.24
5.30
5.17
5.77
5.33
5.67
5.96
6.23
5.15
6.02
5.39
4.74
5.42
4.86
5.05
5.83
5.52
5.06
4.58
5.41
6.09
4.93
4.90
6.06
5.20
5.61
4.39
4.70
5.75
4.40
4.08
4.46
4.29
5.86
6.10
5.43
5.09
4.56
5.83
5.56
6.15
5.91
6.76
6.39
6.09
6.07
6.27
6.29
6.07
5.75
5.93
6.19
5.77
6.00
5.91
6.75
5.88
6.16
5.92
6.54
5.79
5.97
5.90
5.92
5.73
6.14
5.21
5.67
5.59
5.45
6.10
6.01
6.11
5.54
6.57
6.26
5.19
5.52
5.99
5.93
5.66
5.82
5.52
5.45
5.29
5.38
5.67
5.75
5.61
5.63
5.84
5.81
4.55
3.95
5.28
5.02
4.32
4.77
4.40
5.03
4.46
3.89
3.57
4.20
4.73
4.83
5.34
5.64
4.20
5.96
5.12
5.18
5.18
4.01
4.12
4.42
4.05
4.81
4.97
4.95
4.87
4.76
5.29
4.23
4.57
4.54
5.13
4.28
4.29
4.98
4.25
3.99
4.20
4.25
4.29
4.34
4.47
4.85
5.04
4.77
4.03
4.60
5.26
4.93
4.84
4.65
4.60
4.98
4.92
4.79
4.35
4.95
4.56
4.30
4.00
3.92
3.74
2.92
4.02
3.65
3.12
3.87
4.02
4.32
3.86
4.35
4.28
4.41
3.71
4.03
4.41
3.82
4.50
4.57
4.61
4.96
4.75
4.52
4.15
5.00
4.37
4.38
4.23
4.91
4.46
4.25
4.43
4.17
4.57
4.23
3.85
4.00
4.91
5.25
4.60
4.78
4.78
4.69
4.62
4.80
4.96
4.64
4.70
4.96
4.05
4.20
4.39
3.45
4.34
4.46
4.19
4.70
4.40
4.74
4.41
4.71
3.93
4.16
4.54
3.92
4.47
3.95
3.96
3.96
3.97
4.09
3.70
4.19
3.81
3.41
4.22
4.44
4.59
4.18
4.03
4.21
3.97
4.19
3.94
4.12
3.58
4.24
4.08
3.81
3.77
4.58
3.89
4.06
3.29
3.81
4.54
3.83
3.30
3.15
3.52
4.33
3.46
3.18
3.84
3.84
3.55
3.07
3.56
3.51
3.13
3.54
3.62
3.53
4.30
3.85
4.66
3.96
3.99
4.45
3.51
3.65
3.59
3.72
3.76
4.20
4.07
3.74
4.40
3.78
5.44
4.84
4.09
4.47
4.90
5.41
4.47
4.66
4.00
4.59
3.67
3.91
3.80
4.93
3.66
4.15
4.85
4.00
3.35
4.10
4.06
4.22
4.86
4.65
4.12
4.17
3.97
4.16
4.55
3.98
4.65
4.12
4.28
4.04
3.91
2.98
3.40
3.63
3.99
4.07
3.90
3.94
3.50
4.08
4.39
3.87
4.04
3.88
3.72
3.70
4.72
3.88
3.25
4.06
3.44
3.33
3.58
3.09
3.36
3.94
3.73
3.48
3.57
3.74
3.49
4.03
3.99
3.86
4.79
4.25
3.44
3.48
3.85
3.79
3.31
4.58
4.07
3.89
3.80
4.70
4.02
4.11
5.18
4.06
4.14
3.28
3.58
3.43
4.21
3.89
3.73
4.07
3.82
4.22
4.05
4.13
3.77
4.36
4.60
3.61
4.08
3.84
4.38
3.63
4.43
3.57
3.98
3.60
4.48
3.47
3.75
3.10
3.35
3.84
3.50
3.33
3.49
3.55
3.39
3.93
3.87
3.76
4.08
3.90
4.02
4.26
4.32
5.06
4.52
4.80
4.12
3.63
3.04
3.58
3.66
4.14
4.11
4.31
4.12
4.52
3.97
3.97
4.21
4.27
4.50
3.56
3.38
4.03
4.01
3.72
4.09
3.22
3.68
4.27
3.99
3.37
3.97
4.13
3.31
2.99
3.09
3.18
3.22
4.38
3.91
3.39
3.64
3.59
2.95
2.54
3.07
3.07
3.38
3.17
3.40
4.19
3.91
4.83
3.51
4.11
3.67
2.66
2.43
3.66
3.43
3.65
2.72
4.12
4.13
3.86
3.60
3.90
3.15
3.74
3.95
3.88
4.18
3.92
3.15
3.49
3.79
3.40
3.74
4.17
4.34
3.65
4.23
4.62
4.26
4.49
3.93
4.66
3.68
3.89
4.24
4.91
3.86
4.26
3.52
3.77
3.86
3.72
3.84
4.09
3.51
3.60
3.86
3.22
3.71
3.78
4.04
3.32
4.18
4.43
4.47
4.38
3.71
4.35
3.24
3.81
3.82
3.89
4.16
3.91
3.65
3.22
3.72
3.83
3.05
3.52
4.41
3.81
3.88
3.78
3.66
4.19
4.06
4.21
4.10
3.98
3.28
3.47
3.73
4.38
3.80
3.90
3.56
4.54
4.06
3.71
3.19
3.93
3.45
3.80
3.84
3.76
3.67
3.68
4.04
4.24
3.91
3.27
3.80
3.80
3.78
3.60
4.47
3.78
4.08
4.12
3.41
3.53
2.94
3.53
3.81
3.33
3.34
3.19
3.40
3.68
3.34
3.00
3.13
3.10
3.05
3.28
3.46
3.34
3.24
3.59
3.35
4.24
2.97
3.31
3.38
3.95
3.45
4.33
3.60
4.04
3.71
3.48
3.45
3.70
3.48
4.19
3.76
3.19
3.56
3.33
3.50
4.20
4.81
3.84
3.70
4.08
3.84
3.64
4.13
4.01
3.64
3.55
3.93
4.05
3.94
3.57
3.37
3.44
3.58
4.10
2.88
4.20
3.87
3.46
4.21
4.21
3.43
4.18
4.23
3.91
3.25
2.40
3.78
3.04
2.79
4.06
3.53
3.18
3.95
4.95
3.86
3.88
4.14
3.62
4.15
3.54
4.20
4.05
2.55
4.15
4.06
3.78
3.97
4.39
3.30
3.98
3.88
3.85
4.04
4.12
4.15
3.46
3.29
3.21
3.87
3.61
3.93
3.99
3.80
3.73
3.37
3.62
3.57
3.27
3.15
3.30
3.21
3.39
4.07
3.83
3.04
3.39
4.18
3.81
4.33
3.51
4.02
3.85
3.83
3.16
3.83
3.50
3.72
3.54
2.79
3.82
3.08
3.69
3.23
3.99
3.67
3.74
3.14
3.81
3.73
4.31
4.13
3.36
4.31
4.47
4.47
3.41
3.81
3.22
3.65
3.64
2.94
3.50
3.22
3.32
3.24
3.90
3.91
3.91
3.45
3.30
2.97
3.79
4.16
4.65
3.38
4.24
4.31
3.81
4.26
3.51
3.57
3.38
3.86
4.01
4.03
3.89
4.15
4.34
3.76
3.81
4.20
4.60
4.08
3.52
3.92
3.73
3.56
3.45
3.22
3.51
4.12
3.92
4.14
4.02
3.88
3.85
4.30
4.08
3.77
3.91
3.95
4.09
3.89
3.90
3.79
3.83
3.75
2.77
3.58
4.08
3.63
3.36
3.64
3.93
3.61
3.27
2.73
3.43
3.57
3.81
3.61
3.72
3.93
2.67
4.17
3.11
4.04
3.47
3.69
3.74
2.99
3.46
4.25
3.48
3.28
3.64
4.13
3.46
3.42
2.43
2.59
3.27
3.21
3.23
3.18
3.30
3.55
3.23
3.24
3.44
3.06
3.13
3.65
3.22
3.28
3.25
3.81
4.26
3.71
3.61
3.22
3.38
3.42
3.27
3.45
3.28
3.17
3.48
3.63
2.66
3.54
3.15
2.55
3.20
3.93
3.17
3.90
3.90
3.44
3.00
3.51
3.51
3.84
3.92
4.08
4.08
3.35
3.33
3.74
3.28
3.04
3.39
3.75
4.08
3.50
3.65
4.08
3.99
3.72
4.29
3.59
4.14
4.08
4.06
3.58
4.03
2.74
3.28
3.54
3.04
3.24
3.37
3.77
3.49
4.08
3.98
4.10
3.88
2.83
3.71
3.23
3.03
4.21
3.54
3.31
3.52
2.99
4.25
4.24
3.66
4.02
3.62
3.85
3.80
4.25
3.82
4.07
4.19
4.15
3.90
3.74
3.67
3.59
3.80
3.82
3.68
3.91
3.31
3.85
3.72
4.28
3.81
3.71
3.44
3.87
3.92
3.54
4.21
3.88
3.29
3.67
3.21
3.54
3.35
4.00
4.12
4.68
4.43
4.33
4.23
4.21
3.37
3.49
3.38
3.44
3.26
3.67
3.65
3.59
3.11
3.24
3.08
4.27
4.64
3.46
3.67
4.33
3.39
4.94
3.99
3.90
3.54
3.98
4.13
4.23
4.12
4.10
3.78
4.63
4.12
5.15
4.84
4.64
5.57
4.06
4.55
3.75
4.07
4.57
4.05
3.96
3.83
4.64
3.69
4.30
4.24
4.20
3.65
3.59
4.82
4.78
4.30
4.37
4.50
4.55
4.81
4.17
4.70
4.03
4.40
4.16
3.97
4.62
4.34
4.56
3.92
4.03
4.07
4.02
4.20
3.35
3.27
3.78
3.23
3.29
3.79
3.51
3.69
3.47
3.88
3.94
3.97
3.90
3.24
3.34
3.62
3.44
3.52
3.72
4.17
3.48
3.41
3.98
3.95
3.96
3.72
3.19
4.14
3.52
4.16
3.75
4.32
4.01
3.68
3.61
3.79
3.98
3.89
4.08
3.94
3.69
4.15
3.81
3.92
4.24
4.50
4.06
4.42
4.17
4.31
4.09
4.14
3.74
4.18
4.52
3.38
3.27
3.49
3.95
4.41
3.97
4.24
3.10
3.25
4.03
3.71
3.49
3.26
3.04
2.88
2.68
3.66
3.31
3.43
4.05
4.05
3.80
2.98
3.81
3.95
3.81
3.45
3.48
4.03
3.10
3.68
4.00
3.99
3.67
4.15
3.93
3.28
4.16
3.85
3.63
3.81
4.13
3.85
3.87
3.58
3.69
4.08
4.05
3.98
3.34
3.94
4.10
4.07
3.81
4.02
3.91
3.82
3.86
3.81
3.28
3.18
3.30
3.70
3.86
3.78
3.58
3.93
3.57
3.29
4.29
3.69
3.33
3.67
3.63
3.51
3.08
3.48
3.93
4.02
3.62
4.03
4.52
4.23
3.87
4.26
4.33
3.70
4.24
4.35
3.95
3.65
3.88
3.90
3.59
3.84
3.46
3.41
4.04
3.63
3.56
3.59
3.94
3.99
3.82
3.36
4.00
3.96
3.70
4.13
4.35
3.81
3.57
3.77
3.47
3.59
3.72
3.27
4.28
3.99
4.22
3.83
3.64
3.36
4.30
3.84
3.69
3.51
3.60
3.84
4.16
2.92
3.77
3.99
4.04
3.98
3.66
4.35
4.31
3.86
3.29
3.96
4.24
4.40
4.33
3.70
4.03
3.83
4.06
4.10
3.83
4.33
3.53
4.17
3.30
3.65
3.77
3.50
3.61
3.14
3.33
3.67
3.72
3.24
3.89
4.62
4.05
4.17
3.77
3.65
4.12
3.90
3.70
3.17
3.66
3.15
3.77
3.11
3.80
3.36
3.02
3.07
2.90
3.58
4.00
3.71
3.38
3.73
3.51
3.57
4.28
3.62
4.84
4.03
4.45
4.11
4.24
4.71
4.81
4.56
4.62
4.81
3.25
3.96
3.76
3.76
3.64
3.42
4.37
4.48
3.95
3.80
3.80
3.92
4.27
3.81
4.77
3.54
4.70
4.14
4.71
4.13
4.29
4.46
4.46
5.03
5.05
4.53
5.39
4.24
4.73
4.83
3.97
4.27
4.12
4.54
4.56
4.46
3.60
3.55
3.30
3.51
4.47
3.69
4.46
4.10
4.64
4.31
4.54
4.55
4.33
4.56
4.19
3.94
3.95
3.92
4.37
4.53
4.37
4.06
4.41
4.70
4.86
4.57
4.77
4.48
4.81
4.49
4.20
4.55
4.37
4.68
4.34
4.43
4.16
4.64
4.80
5.00
4.98
4.08
4.17
4.56
4.52
4.21
4.31
4.55
4.22
4.24
4.33
4.74
4.29
4.25
4.30
4.14
3.96
4.21
4.16
4.80
4.74
4.52
4.40
4.55
4.25
4.76
4.65
4.82
4.19
3.67
4.53
4.60
4.28
4.25
4.12
4.20
4.35
3.90
4.59
4.74
4.68
4.68
4.47
4.83
4.69
4.79
4.20
3.93
4.63
3.99
4.10
4.12
5.10
3.82
4.22
4.20
3.95
4.07
4.13
3.40
4.13
4.14
4.41
4.36
4.38
3.90
3.52
4.19
3.79
3.37
3.24
3.45
4.05
3.21
3.01
3.77
3.50
3.87
3.52
3.70
3.62
3.73
4.19
4.45
4.06
3.45
3.52
3.37
3.49
3.70
2.88
3.59
4.41
3.94
3.67
3.86
3.65
3.83
3.77
3.25
3.45
3.45
3.65
3.91
3.39
3.79
3.39
3.29
3.61
3.11
3.12
2.65
3.17
3.51
4.01
3.25
3.83
4.03
3.88
3.72
3.83
4.10
3.77
4.30
4.36
4.00
4.97
4.87
4.38
3.95
4.65
4.33
4.36
4.10
3.86
4.48
4.69
4.23
4.44
4.76
4.01
4.36
4.12
3.71
4.13
3.83
4.03
3.95
4.53
3.80
3.92
3.52
3.10
3.91
3.71
3.73
4.13
4.07
4.51
4.36
4.40
4.67
4.46
4.16
4.28
4.41
4.37
3.43
3.40
4.11
4.19
4.61
4.46
3.66
4.22
3.91
3.67
3.55
3.99
3.57
4.01
4.70
3.77
3.79
3.85
3.36
3.55
3.57
3.17
3.28
3.67
3.95
2.89
3.00
3.81
3.12
3.23
3.49
3.85
3.90
4.02
4.02
3.83
3.86
4.26
4.31
3.58
3.44
3.51
3.40
3.73
4.05
3.43
3.80
3.73
3.49
3.09
3.00
2.75
2.88
3.19
3.38
3.70
2.73
3.44
3.57
3.43
3.47
3.19
3.49
3.56
2.78
3.15
3.40
3.87
4.04
3.77
3.50
3.80
3.30
3.55
3.47
3.64
3.74
4.08
3.61
3.66
4.01
3.10
3.36
4.21
3.94
2.99
3.26
3.87
3.58
3.83
3.57
3.57
3.72
3.72
4.34
4.22
3.93
4.15
3.55
4.15
3.71
4.28
4.11
3.58
4.18
3.85
4.19
4.09
4.55
3.98
4.61
3.91
3.68
4.49
4.47
3.37
3.85
4.04
4.65
4.04
4.22
3.96
4.22
3.98
4.14
4.01
4.03
3.45
4.35
4.16
3.02
3.47
3.73
4.24
3.53
3.42
3.95
4.04
4.15
3.97
4.07
3.82
3.98
3.98
4.08
4.31
4.42
4.28
4.17
3.93
4.13
4.49
4.65
4.05
4.35
3.92
4.49
3.92
4.41
3.60
3.97
3.30
3.68
3.53
3.49
3.69
2.99
3.51
3.53
3.61
3.33
3.86
3.65
3.93
2.94
3.24
2.63
3.50
2.81
3.40
3.21
2.80
3.07
2.64
3.81
2.94
3.67
3.28
3.03
2.86
2.63
3.86
3.57
3.27
3.81
3.14
2.87
2.69
3.02
2.73
2.94
2.72
3.01
3.72
3.20
3.76
2.82
3.47
3.07
3.14
3.28
3.17
2.57
3.27
3.22
3.05
2.74
3.31
2.98
3.26
3.05
2.69
3.05
3.89
3.34
3.08
2.93
2.72
2.89
3.06
2.93
3.39
3.07
2.93
3.71
3.04
4.27
3.82
4.18
3.87
3.30
4.07
3.19
4.04
4.18
4.63
4.10
3.74
4.20
4.04
4.42
3.65
4.10
4.19
3.50
3.88
3.97
4.29
3.99
3.76
3.94
4.00
3.80
4.06
3.94
4.14
3.11
3.87
3.81
4.10
3.11
3.70
3.56
3.68
2.99
3.28
3.34
3.38
3.17
3.43
3.38
2.72
3.62
2.93
3.04
3.23
3.07
3.65
3.21
3.62
3.53
3.74
2.89
3.31
4.46
3.30
3.48
2.87
3.24
3.08
2.81
3.39
3.01
3.47
3.26
3.94
3.19
3.75
3.03
2.98
3.19
2.72
3.02
3.07
3.81
3.38
3.17
3.16
3.31
3.22
3.17
3.16
2.68
3.50
3.36
3.71
3.86
4.10
3.14
3.35
4.02
4.15
3.68
3.96
3.59
3.67
3.77
3.47
4.01
4.27
4.28
3.65
3.68
4.09
3.14
2.82
2.85
3.02
3.38
3.37
3.29
3.25
3.42
2.95
3.29
3.55
2.97
2.65
2.85
3.85
3.18
3.38
3.16
3.10
3.20
3.00
3.48
2.69
3.09
2.44
3.15
2.77
2.68
2.58
2.93
2.67
2.81
3.72
3.16
2.78
2.92
3.05
3.10
3.10
3.82
3.63
3.13
3.49
3.42
3.43
3.65
3.82
3.40
3.43
3.35
2.96
3.14
3.01
2.86
3.49
3.20
3.59
3.02
2.78
2.82
3.49
2.91
2.88
2.85
2.72
2.92
2.94
3.16
2.82
3.27
3.13
2.83
2.92
3.11
3.61
3.19
3.55
3.34
2.88
3.28
3.27
3.62
3.22
3.61
3.22
3.69
3.23
3.38
3.23
3.27
3.07
3.02
3.25
3.21
3.61
3.32
2.96
3.16
3.04
3.06
3.64
3.31
3.28
3.35
3.02
3.11
3.63
3.29
3.51
3.32
3.51
3.63
3.16
3.11
2.91
3.28
3.35
3.42
2.89
3.09
3.36
3.03
3.62
3.34
2.88
3.36
3.23
3.32
2.98
3.60
2.77
3.18
2.76
3.23
3.13
2.93
3.62
3.04
3.67
3.60
3.34
3.69
4.01
3.05
3.08
3.40
3.12
3.07
3.23
2.78
3.71
3.17
3.12
3.57
3.16
3.43
3.01
2.65
3.07
2.70
2.67
3.14
3.17
3.71
3.42
3.56
2.86
2.95
3.30
3.69
3.81
3.23
3.48
3.76
3.39
3.79
3.61
3.63
3.34
3.13
3.11
3.30
3.06
2.82
2.76
3.15
3.26
3.56
3.00
3.63
3.77
4.43
3.45
3.50
3.63
3.41
3.87
3.70
3.84
3.61
4.14
3.46
4.18
3.58
4.81
3.54
5.10
4.78
4.68
4.89
5.50
4.39
4.72
5.01
4.45
4.73
3.95
3.75
4.51
4.28
4.11
5.00
4.47
3.82
4.56
4.06
3.30
3.47
3.40
3.53
4.52
3.61
3.17
3.22
3.24
2.77
2.60
3.28
3.37
3.58
3.19
3.43
4.09
3.33
3.49
4.05
3.80
3.89
4.08
4.60
4.54
4.54
4.75
4.97
4.74
4.28
3.61
4.47
3.81
4.10
3.81
2.52
3.13
3.03
3.13
2.91
3.61
3.71
3.41
3.27
3.12
3.85
3.23
3.54
4.12
3.75
3.13
3.27
3.21
3.24
2.89
2.76
3.14
3.04
3.08
3.49
3.21
3.26
3.59
3.66
3.29
3.39
2.88
3.78
3.36
3.20
3.83
3.99
3.41
3.42
3.65
3.49
3.03
3.08
3.81
3.27
2.74
3.03
3.20
3.16
3.05
3.20
3.18
3.70
3.20
3.17
3.34
3.16
3.11
3.14
3.23
3.10
3.19
3.32
3.61
3.00
3.32
3.07
3.67
3.06
3.91
2.90
3.08
3.60
3.52
3.08
3.13
3.05
2.82
2.71
3.69
2.84
2.94
2.68
3.45
2.97
3.86
3.41
3.05
3.29
3.78
3.35
3.75
3.86
3.64
3.95
3.94
3.67
4.22
