2.07
2.19
2.48
2.20
1.97
2.34
2.26
2.26
1.88
2.08
2.17
2.18
2.14
2.22
2.11
2.67
2.69
2.44
1.82
2.02
1.99
2.36
2.45
2.42
1.99
2.22
1.91
2.16
2.21
2.33
2.03
2.28
2.02
2.14
2.22
2.06
2.02
2.05
2.12
1.89
1.82
2.62
2.34
2.27
1.97
2.05
2.22
1.93
2.18
2.02
2.02
2.42
1.98
2.07
2.10
2.22
2.19
2.30
2.08
2.19
1.90
1.86
2.14
2.21
2.08
2.14
2.17
2.27
2.13
1.91
2.12
2.18
2.16
1.79
2.01
1.98
2.02
1.81
2.07
1.96
2.06
2.05
1.91
2.44
1.63
2.22
2.12
2.39
2.09
2.47
2.44
2.38
2.58
2.46
2.11
1.76
2.04
1.90
2.11
2.24
2.26
2.44
2.36
2.06
2.34
2.01
2.12
1.85
2.26
1.95
1.96
2.39
2.13
1.99
2.17
2.26
2.13
2.26
2.12
2.38
1.88
2.20
2.21
2.45
2.40
2.11
2.25
1.98
2.38
2.08
2.36
2.29
2.21
2.29
2.04
2.22
2.34
2.14
2.44
2.23
2.29
2.22
2.19
2.39
2.37
2.13
2.26
2.21
2.12
2.47
2.33
2.16
2.32
2.11
2.38
2.19
2.12
1.94
2.46
2.30
2.20
2.33
2.23
2.22
2.41
2.17
2.39
2.39
2.29
2.43
2.53
2.44
1.91
2.10
2.40
2.60
2.35
2.25
2.26
2.09
2.22
2.30
2.46
2.27
2.31
2.45
2.27
2.19
2.26
2.06
2.35
2.19
2.18
1.91
2.21
2.23
2.29
2.23
2.16
2.15
2.13
2.03
1.97
2.23
2.08
2.27
2.09
2.12
2.24
2.22
2.14
2.21
2.36
2.35
2.32
2.37
2.43
2.34
2.19
2.17
2.30
2.21
2.12
2.18
2.51
2.16
2.32
2.21
2.13
2.00
2.16
2.32
2.19
2.25
2.56
2.34
2.12
2.21
2.00
2.11
2.76
2.28
2.41
2.52
2.33
2.42
2.50
2.28
2.23
2.23
2.24
2.24
2.41
2.50
2.10
2.12
2.23
2.18
2.07
2.28
2.30
2.20
2.41
2.21
2.54
2.40
2.43
2.37
2.33
2.09
2.27
2.34
2.40
2.26
1.92
2.23
2.22
2.23
2.14
2.35
2.31
2.02
2.43
2.15
1.78
2.22
1.95
2.16
1.98
2.21
2.13
2.28
2.43
2.41
2.21
2.08
2.31
2.59
2.44
2.40
2.39
2.42
2.54
2.21
2.40
2.87
2.55
2.27
2.25
2.42
2.63
2.21
2.33
2.53
2.49
2.42
2.67
2.56
2.48
2.49
2.51
2.61
2.58
2.54
2.47
2.40
2.37
2.40
2.38
2.43
2.45
2.31
2.34
2.43
2.35
2.40
2.29
2.40
2.31
2.37
2.38
2.47
2.51
2.46
2.55
2.36
2.29
2.32
2.55
2.53
2.48
2.64
2.63
2.27
2.38
2.49
2.29
2.35
2.31
2.36
2.18
2.22
2.00
2.34
2.57
2.60
2.34
2.39
2.68
2.66
2.43
2.24
2.18
2.25
2.21
2.33
2.42
2.15
2.36
2.33
2.41
2.42
2.34
2.51
2.55
2.48
2.47
2.46
2.28
2.20
2.28
2.18
2.37
2.22
2.26
2.24
2.29
2.49
1.92
2.54
2.17
2.37
2.40
2.38
2.42
2.45
2.32
2.32
2.42
2.41
2.34
2.34
2.45
2.29
2.19
2.24
2.17
2.38
2.29
2.31
2.16
2.23
2.38
2.09
2.33
2.27
2.36
2.56
2.19
2.43
2.10
2.33
2.15
2.46
2.49
2.43
2.64
2.36
2.21
2.65
2.54
2.57
2.68
2.45
2.57
2.40
2.42
2.67
2.53
2.43
2.74
2.53
2.25
2.38
2.55
2.63
2.36
2.33
2.23
2.14
2.77
2.77
2.62
2.34
2.72
2.45
2.37
2.29
2.40
2.39
2.28
2.31
2.49
2.40
2.01
2.21
2.02
2.22
2.24
1.99
2.26
2.03
2.43
2.46
2.07
2.08
2.04
1.99
2.21
2.17
2.17
1.99
2.23
2.10
2.33
2.32
2.40
2.46
2.28
2.22
1.98
2.11
2.10
2.09
2.14
2.32
2.04
2.44
2.14
2.15
2.20
1.97
1.95
2.05
2.05
2.09
2.10
2.34
2.01
1.90
2.17
2.17
2.05
2.18
2.09
2.13
2.28
2.21
2.27
2.22
2.18
2.07
2.18
2.42
2.17
2.25
2.29
2.20
2.21
2.07
1.90
2.31
2.07
2.43
2.17
2.05
2.14
2.43
2.15
2.05
2.12
2.22
2.01
2.15
2.26
2.13
2.27
2.61
2.42
2.05
2.14
2.33
2.20
2.12
2.12
2.20
2.09
1.98
2.24
2.19
2.28
2.31
2.13
2.32
2.21
2.23
2.14
2.18
2.37
2.07
2.22
2.02
2.06
2.14
2.17
2.00
1.96
2.13
2.25
2.28
1.91
2.01
2.25
2.19
2.15
2.27
2.31
2.22
2.34
2.39
2.14
1.93
2.06
2.28
2.04
2.11
2.05
2.02
2.22
2.22
2.11
2.09
2.12
2.12
2.01
2.32
2.23
2.18
2.29
1.96
1.79
2.17
2.35
2.14
2.09
2.12
2.17
1.99
1.96
2.01
2.19
2.24
2.02
2.22
2.02
2.10
2.22
2.03
2.16
2.20
2.20
2.09
2.22
2.10
2.15
2.15
2.15
2.13
2.29
2.10
2.02
2.05
2.11
2.26
1.90
2.12
2.33
2.07
2.14
2.34
2.26
2.20
2.05
2.05
2.42
2.19
2.20
2.47
2.27
2.34
2.39
2.29
2.26
2.17
2.12
2.29
2.02
2.25
2.49
1.96
2.27
1.93
2.02
2.25
2.21
2.59
2.52
2.83
2.56
2.93
2.89
2.38
2.63
2.54
2.39
2.69
2.78
2.61
2.32
2.32
2.43
2.37
2.60
2.53
2.31
2.68
2.71
2.02
2.46
2.42
1.99
1.89
2.31
2.69
2.48
2.49
2.31
2.43
2.06
1.86
2.25
2.12
1.99
2.27
2.30
1.97
2.56
2.37
2.51
2.27
2.14
2.21
2.34
1.98
2.12
2.04
2.32
2.39
2.29
2.15
2.36
2.35
2.45
2.42
2.31
2.48
2.50
2.39
2.11
2.13
2.50
2.25
2.29
2.26
2.34
2.38
2.27
2.47
2.22
2.28
2.40
2.28
2.11
2.26
2.44
2.37
2.58
2.30
2.20
2.23
2.24
2.32
2.47
2.55
2.62
2.02
2.52
2.37
2.30
2.39
2.57
2.56
2.43
2.36
2.37
2.32
2.34
2.33
2.11
2.41
2.76
2.28
2.12
2.24
2.45
2.50
2.24
2.51
2.08
2.31
2.31
2.39
2.36
2.15
2.61
2.26
2.35
2.10
2.13
2.65
2.47
2.26
2.50
2.27
2.23
2.97
2.64
2.40
2.41
2.39
2.61
2.55
2.34
2.38
2.48
2.45
2.68
2.69
2.46
2.80
2.60
2.68
2.74
2.66
2.92
2.72
2.50
2.58
2.60
2.72
2.31
2.46
2.36
2.20
2.37
2.52
2.52
2.25
2.16
2.52
2.12
2.59
2.07
2.17
2.21
2.19
2.38
2.53
2.47
2.15
2.31
2.36
2.54
2.47
2.19
2.47
2.44
2.42
2.29
2.24
2.29
2.12
2.43
2.14
1.88
2.68
2.47
2.63
2.36
2.52
2.55
2.57
2.77
2.02
2.38
2.56
2.64
2.58
2.34
2.61
2.48
2.47
2.31
2.39
2.40
2.37
2.50
2.72
2.62
2.82
2.43
2.65
2.59
2.80
2.47
2.69
2.58
2.66
2.42
2.54
2.90
2.92
2.72
2.58
2.76
2.27
2.41
2.50
2.66
2.41
2.55
2.47
2.53
2.51
2.48
2.23
2.43
2.24
2.10
2.06
2.22
2.17
2.07
2.35
2.32
2.23
2.16
2.00
2.42
2.28
2.35
2.28
2.36
2.50
2.21
2.43
2.51
2.52
2.71
2.24
2.67
2.66
2.24
2.41
2.50
2.28
2.13
2.13
2.09
2.54
2.46
2.25
2.60
2.17
2.55
2.33
2.14
2.71
2.29
2.06
2.39
2.65
2.62
2.49
2.52
2.64
2.24
2.42
2.69
2.56
2.69
2.30
2.50
1.97
2.16
2.46
2.42
2.29
2.25
2.18
2.55
2.61
2.34
2.43
2.55
2.40
2.51
2.42
2.35
2.41
2.53
2.42
2.54
2.51
2.43
2.32
2.23
2.03
2.20
2.40
2.31
2.20
2.19
2.59
2.06
1.97
2.28
2.15
2.09
1.78
2.14
1.93
2.19
2.11
2.15
2.12
2.19
2.14
2.10
2.17
2.50
2.42
2.21
2.34
2.13
2.02
1.89
2.26
2.05
2.20
2.29
2.12
1.85
2.15
2.27
1.91
2.03
2.06
2.71
2.11
2.07
2.37
2.07
2.11
2.00
2.00
2.12
1.85
2.23
1.98
2.27
2.10
1.95
2.34
2.22
2.25
2.37
2.01
1.85
2.34
2.05
2.21
2.26
2.04
2.10
2.01
1.98
2.14
2.14
2.43
2.22
1.83
1.95
2.20
2.45
2.17
2.26
2.17
2.35
2.23
2.10
2.41
1.85
2.51
2.26
1.89
2.27
2.07
1.88
2.13
2.11
2.54
2.62
2.89
2.60
2.54
2.57
2.57
2.55
2.03
2.62
2.57
2.46
2.70
2.81
2.34
2.41
2.38
2.70
2.23
2.39
2.49
2.28
2.50
2.20
2.48
2.78
2.61
2.39
2.78
2.48
2.41
2.62
2.70
2.49
2.44
2.46
2.29
2.45
2.41
2.65
2.46
2.45
2.39
2.68
2.33
2.34
2.57
2.80
2.56
2.40
2.71
2.23
2.62
2.26
2.73
2.25
2.56
2.36
2.42
2.37
2.23
2.62
2.56
2.51
2.76
2.58
2.29
2.44
3.03
2.55
2.49
2.49
2.21
2.05
2.44
2.47
2.75
2.71
2.41
2.78
2.73
2.20
2.33
2.40
2.54
2.61
2.38
2.60
2.34
2.39
2.64
2.41
2.55
2.60
2.64
2.39
2.60
2.35
2.54
2.49
2.49
2.69
2.66
2.80
2.42
2.43
2.27
2.56
2.46
2.55
2.53
2.58
2.47
2.43
2.57
2.42
2.63
2.63
2.50
2.54
2.31
2.35
2.34
2.61
2.11
2.43
2.88
2.69
2.52
2.38
2.37
2.36
2.37
2.44
2.24
2.69
2.56
2.78
2.38
2.70
2.70
2.73
2.24
2.50
2.64
2.47
2.80
2.58
2.46
2.50
2.33
2.38
2.75
2.56
2.39
1.98
2.41
2.64
2.44
2.68
2.63
2.71
2.46
2.39
2.27
2.52
2.52
2.66
2.45
2.83
2.47
2.64
2.56
2.42
2.53
2.45
2.51
2.53
2.39
2.52
2.31
2.45
2.38
2.54
2.52
2.36
2.43
2.23
2.42
2.48
2.48
2.52
2.59
2.36
2.29
2.45
2.39
2.40
2.43
2.38
2.67
2.56
2.35
2.51
2.60
2.61
2.17
2.54
2.53
2.24
2.16
2.36
2.45
2.75
2.52
2.44
2.56
2.52
2.55
2.08
2.32
2.32
2.34
2.51
2.77
2.39
2.26
2.33
2.33
2.30
2.58
2.04
2.52
2.33
2.11
2.25
2.74
2.63
2.56
2.54
2.24
2.50
2.57
2.41
2.40
2.47
2.34
2.49
2.47
2.38
1.92
2.09
2.32
2.40
2.41
2.42
2.65
2.36
2.57
2.09
2.40
2.03
2.10
2.25
2.25
2.20
2.42
2.83
2.28
2.07
2.26
2.17
2.02
2.15
2.36
2.77
2.31
2.22
2.13
2.49
1.88
2.22
2.70
2.52
2.19
2.17
2.53
2.51
2.39
2.27
2.18
1.98
2.47
2.30
2.34
2.25
2.46
2.46
2.09
2.08
1.94
2.27
2.00
1.90
2.06
2.04
1.96
1.90
2.16
2.60
2.70
2.06
2.88
2.46
2.31
2.12
2.72
2.59
2.45
2.37
2.49
2.59
2.30
2.39
2.41
2.08
2.42
1.91
2.32
2.44
2.69
2.28
2.23
2.50
2.49
2.51
2.48
2.64
2.61
2.64
2.11
1.94
2.09
1.99
2.28
2.04
2.36
2.25
2.47
2.22
2.30
2.21
2.56
1.98
2.37
2.22
2.35
2.30
2.29
2.39
2.21
2.69
2.10
2.53
2.19
2.45
2.12
2.04
2.46
2.57
2.26
2.34
2.56
2.36
2.08
2.34
2.13
2.36
1.97
2.60
2.36
2.25
2.10
2.93
2.21
2.19
2.32
2.57
2.78
2.49
2.60
2.55
2.32
2.24
1.86
2.47
2.30
2.44
1.99
2.41
2.44
2.12
1.79
1.86
1.95
1.85
2.01
1.87
1.90
2.02
1.97
1.83
2.27
2.74
2.26
2.08
2.33
2.30
2.12
2.55
2.50
2.52
2.23
2.33
2.21
1.93
1.90
2.21
2.15
2.11
2.13
1.97
2.29
2.19
2.18
2.55
2.36
2.33
2.49
2.36
2.36
2.40
2.53
2.32
2.49
2.16
2.68
2.23
2.09
2.07
2.49
2.38
2.33
2.55
2.60
2.49
2.62
2.32
2.33
2.12
2.34
2.57
2.54
2.25
2.36
2.69
2.63
2.42
2.23
2.57
2.81
2.58
2.31
2.11
2.44
2.15
2.36
2.57
2.25
2.73
2.17
2.63
2.47
2.61
2.72
2.25
2.37
2.21
2.54
2.63
2.58
2.44
2.16
1.99
2.52
2.50
2.11
2.60
2.75
2.48
1.91
2.04
2.72
2.15
2.58
2.28
2.22
2.20
2.23
2.45
2.18
2.57
2.26
2.61
2.53
2.37
2.34
2.11
2.57
2.12
2.28
2.50
2.52
1.99
2.11
2.57
2.20
2.29
2.41
2.36
2.26
2.43
2.39
2.55
2.39
2.72
2.11
2.36
2.50
2.40
2.57
2.79
2.33
2.27
2.48
2.56
2.35
2.41
2.12
2.30
2.40
2.22
1.96
2.16
2.38
2.49
2.75
2.32
2.19
2.57
2.22
2.44
2.15
2.20
2.36
2.35
2.09
2.31
2.14
2.26
2.28
2.29
2.19
2.11
2.43
2.40
2.42
2.31
2.39
2.25
2.40
2.24
2.40
2.46
2.62
2.40
2.32
2.06
2.28
2.07
2.49
2.25
2.36
2.18
2.24
1.98
2.30
2.25
2.38
2.31
2.12
2.23
2.40
2.38
2.33
2.40
2.43
2.21
2.34
2.75
2.40
2.70
2.32
2.43
2.64
2.58
2.49
2.20
2.25
2.65
2.57
2.21
2.24
2.53
2.43
2.22
2.36
2.40
2.18
2.41
2.36
2.31
2.26
2.36
2.40
2.03
2.32
1.93
2.17
2.34
1.92
2.14
1.97
1.86
1.80
1.94
2.42
2.33
1.78
2.14
1.89
1.68
2.24
2.31
2.09
2.22
2.04
2.08
1.60
1.73
1.89
1.91
1.91
1.36
2.09
2.18
2.32
2.55
2.37
2.71
2.31
2.64
1.85
2.20
2.48
2.54
2.28
2.45
2.51
2.73
2.62
2.57
2.20
2.60
2.24
2.57
2.39
2.57
2.48
2.58
2.41
2.03
2.52
2.56
2.48
2.46
2.40
2.45
2.47
2.48
2.36
2.41
2.51
2.69
2.49
2.40
2.29
2.76
2.62
2.17
2.01
2.41
1.93
2.37
2.52
2.45
2.33
2.52
2.28
2.22
2.34
2.42
2.62
2.48
2.16
2.24
2.25
2.19
2.12
1.91
1.65
2.15
2.03
1.62
1.70
1.79
2.37
1.96
1.74
1.97
2.01
1.70
2.01
2.15
1.88
1.75
1.93
1.89
2.08
1.79
1.57
1.80
2.05
2.19
1.98
2.10
1.97
2.13
2.02
1.99
2.03
1.87
1.86
2.19
2.07
2.24
2.04
2.16
2.07
1.94
2.05
1.97
2.38
2.08
2.50
2.31
2.13
2.08
2.09
1.92
2.05
2.00
2.04
1.95
2.06
2.35
2.07
2.37
2.35
1.98
2.25
2.17
2.03
1.62
2.16
1.82
1.93
1.85
1.99
1.98
2.15
2.23
1.77
1.87
2.10
1.91
1.98
1.83
2.10
2.03
2.08
2.06
2.03
2.06
1.98
2.19
2.05
2.15
1.77
2.07
1.98
2.00
2.03
1.89
2.11
2.08
1.88
1.96
1.86
1.95
2.47
1.81
1.82
2.03
1.97
1.72
2.32
2.40
1.93
1.91
1.78
1.99
2.01
1.82
1.91
2.06
2.30
2.04
1.93
1.74
1.92
2.03
1.59
1.90
1.80
2.11
1.64
1.99
1.96
2.02
2.07
2.73
2.12
2.32
2.67
2.72
2.60
2.46
2.40
2.37
2.61
2.18
2.59
2.62
2.55
2.53
2.50
2.48
2.26
2.36
2.22
2.49
2.16
2.39
2.37
2.41
2.32
2.01
2.30
2.49
2.37
2.40
2.24
2.16
2.31
2.34
2.41
2.33
2.21
2.48
2.44
2.00
2.51
2.53
2.46
2.41
2.32
2.27
2.23
2.22
2.25
2.47
2.33
2.25
2.38
2.32
2.23
2.19
2.20
1.98
2.54
2.59
2.55
2.65
2.40
2.22
2.43
2.43
2.61
2.68
2.46
2.31
2.33
2.39
2.15
2.44
2.26
2.54
2.29
2.35
2.75
2.50
2.49
2.72
2.60
2.43
2.46
2.35
2.26
2.37
2.65
2.31
2.40
2.65
2.41
2.37
2.37
2.35
2.68
2.66
2.50
2.71
2.54
2.33
2.62
2.56
2.67
2.67
2.38
2.45
2.46
2.31
2.38
2.54
2.30
2.43
2.30
2.54
2.42
2.75
2.46
2.33
2.41
2.62
2.37
2.34
2.22
2.57
2.16
2.17
2.29
2.26
2.08
2.08
2.14
2.39
2.18
2.40
1.92
2.02
2.14
2.31
2.24
2.01
2.16
2.27
1.86
1.95
2.07
2.11
2.00
1.99
1.97
1.92
1.96
1.98
1.95
1.98
2.07
2.04
1.90
1.97
1.81
1.89
1.91
1.85
1.86
2.04
1.96
2.06
2.00
2.02
2.06
2.15
1.90
2.26
2.22
2.20
2.19
2.24
2.18
2.09
2.05
2.04
2.04
2.04
2.12
1.99
2.10
2.12
2.27
2.28
2.17
2.07
2.14
2.14
2.07
2.35
1.90
2.11
2.04
2.24
2.17
2.04
2.25
2.51
2.14
2.44
1.96
2.14
1.97
2.14
2.24
2.28
2.23
2.16
1.92
1.95
2.00
1.98
1.93
1.94
1.88
1.97
2.01
1.97
1.91
2.02
1.83
2.18
2.05
1.80
1.90
1.86
1.77
2.13
1.93
1.92
1.96
2.11
2.00
2.15
2.11
1.89
2.01
1.99
1.99
2.03
1.94
1.92
1.98
2.03
2.07
2.23
1.96
2.17
1.99
2.05
2.04
2.12
2.00
2.04
2.10
2.26
2.09
2.04
2.08
1.96
1.89
2.10
2.08
1.93
1.90
2.09
1.95
1.90
2.14
2.10
2.05
1.95
1.96
1.70
2.18
1.93
1.96
2.19
1.90
2.05
2.14
1.98
1.79
2.06
1.96
2.07
2.02
1.92
2.05
2.03
2.22
2.23
2.02
2.14
1.88
2.06
2.03
2.10
1.99
2.10
2.11
2.02
2.13
2.24
2.08
2.13
1.99
2.12
2.15
2.03
2.08
2.00
2.15
2.05
1.99
2.12
2.17
2.07
2.05
1.99
1.82
1.97
1.98
2.02
2.21
2.16
1.99
1.98
2.27
2.08
2.06
2.13
2.15
2.05
2.16
2.08
2.10
1.99
2.16
2.25
2.07
2.04
2.15
1.98
1.94
2.11
2.00
2.19
2.04
1.90
2.24
2.12
1.78
2.04
1.95
2.30
2.00
1.98
2.27
2.07
1.94
2.05
2.00
1.97
2.15
1.88
2.01
2.05
2.03
1.98
2.10
1.81
2.10
1.98
1.90
1.99
2.09
2.15
2.06
1.98
2.17
2.02
1.98
2.12
2.14
1.98
2.35
2.11
2.06
1.94
2.25
2.18
2.30
2.27
2.16
2.28
2.24
2.38
2.08
1.91
1.92
2.11
1.84
2.11
2.00
2.11
2.20
2.12
2.30
2.44
1.97
1.97
1.99
1.87
2.16
1.88
2.01
2.01
2.07
1.93
2.01
2.08
1.91
2.09
2.07
2.04
2.17
1.88
2.10
2.14
1.95
2.05
1.93
2.08
2.10
2.12
1.99
2.08
2.03
2.04
2.29
2.30
2.20
2.30
2.44
2.15
2.33
2.41
2.15
2.29
2.40
2.12
2.40
2.47
2.30
2.33
2.41
2.44
2.16
2.32
2.54
2.47
2.39
2.10
2.16
2.43
2.29
2.39
2.46
2.06
2.42
2.32
2.41
2.22
2.26
2.38
2.48
2.21
2.32
2.45
2.20
2.24
2.35
2.49
2.30
2.25
2.44
2.19
2.37
2.47
2.11
2.44
2.36
2.36
2.22
2.30
2.28
2.56
2.42
2.21
2.05
2.31
2.24
2.13
2.14
2.23
2.44
2.30
2.20
2.14
2.08
2.20
2.27
2.11
2.29
2.41
2.17
2.20
2.27
2.22
2.30
2.12
2.31
2.25
2.24
2.11
2.21
2.54
2.08
2.19
2.23
2.20
2.22
2.12
1.93
2.12
2.07
2.11
2.11
2.27
1.99
2.18
2.17
2.41
2.18
2.14
2.20
1.95
2.01
2.24
2.01
1.88
2.05
1.98
1.90
1.87
2.17
2.35
2.29
2.24
2.23
2.32
2.43
2.40
2.13
2.72
2.57
2.67
2.32
2.15
2.59
2.56
2.65
2.56
2.50
2.45
2.20
2.48
2.53
2.35
2.72
2.75
2.23
2.83
2.52
2.13
2.35
2.21
2.31
2.48
2.32
2.40
2.42
2.64
2.17
2.13
2.17
2.13
2.51
2.28
2.22
2.39
2.40
2.24
2.15
2.44
2.56
2.57
2.58
2.44
2.17
2.43
2.19
2.11
2.29
2.14
2.18
2.62
2.39
1.88
2.05
2.05
2.00
2.07
1.86
1.95
1.82
2.04
1.75
1.84
1.77
1.65
1.75
1.93
1.84
2.16
2.15
2.31
1.95
1.80
1.98
2.05
2.20
2.08
2.24
2.40
2.29
2.77
2.74
2.52
2.09
2.06
2.25
2.61
2.29
2.00
2.13
2.10
2.44
2.04
2.16
2.35
2.17
2.16
2.31
1.79
2.32
2.26
1.94
2.05
2.18
2.32
2.15
2.38
2.29
1.99
2.09
2.31
2.45
2.41
2.18
2.31
2.05
1.59
2.16
2.26
2.13
2.54
2.32
1.90
2.41
2.12
1.93
2.19
2.15
2.14
2.14
2.05
2.37
2.03
1.98
2.27
1.93
2.10
2.00
2.07
1.87
1.91
2.04
2.24
2.10
2.12
2.22
2.15
1.95
2.05
2.11
1.89
2.07
2.19
2.29
2.19
1.79
1.64
1.76
1.63
1.75
1.49
1.80
1.67
1.91
1.71
1.88
1.69
1.59
1.83
1.80
1.77
1.66
1.88
1.61
1.62
1.88
1.72
1.83
1.77
1.83
1.76
1.82
1.82
1.58
1.75
1.76
1.88
1.70
1.80
1.62
1.89
1.73
1.85
1.67
1.73
1.64
1.66
1.72
1.75
1.66
1.76
1.58
1.68
1.74
1.84
1.73
1.86
1.83
1.64
1.72
1.62
1.93
1.46
1.70
1.57
1.59
2.19
1.83
2.28
1.54
2.08
2.31
1.81
1.90
1.88
1.88
1.74
1.86
1.82
1.85
1.82
1.72
2.15
1.91
2.06
1.80
1.80
1.99
1.77
2.15
1.69
2.07
1.91
2.01
1.71
1.71
1.73
1.72
1.64
1.59
1.78
1.80
2.14
1.95
1.72
2.11
1.75
1.96
1.92
1.82
2.01
1.76
1.92
1.99
1.94
1.84
2.27
2.08
1.79
1.88
1.86
1.92
1.77
1.82
1.83
1.74
1.87
1.76
2.22
1.89
1.88
1.96
2.29
1.99
2.05
2.26
2.19
2.19
2.06
2.35
2.05
2.24
2.30
2.00
1.90
1.72
2.23
1.86
2.04
1.78
2.12
1.81
1.80
1.96
1.94
1.69
1.82
1.88
1.90
2.17
1.95
2.03
1.95
2.05
2.00
1.93
2.12
1.83
1.97
1.97
1.79
2.04
1.90
2.07
1.94
1.85
1.92
1.80
1.93
2.01
1.95
2.52
2.04
1.84
2.05
2.48
2.25
2.17
2.33
2.17
2.18
2.18
2.28
2.40
2.20
2.13
2.12
2.42
2.40
2.27
2.24
2.23
2.22
2.42
2.37
2.38
2.15
2.28
2.16
2.11
2.22
2.34
2.43
2.36
2.03
2.15
2.05
2.45
2.55
2.29
2.38
2.28
2.12
2.17
2.12
2.08
2.14
2.28
2.44
2.53
2.59
2.39
2.65
2.58
2.33
2.46
2.36
2.24
2.22
2.23
1.83
2.14
1.73
1.86
1.97
2.08
2.09
2.19
2.14
2.16
2.19
1.91
2.33
2.12
2.07
2.18
2.30
2.17
2.39
2.08
1.96
2.21
2.06
2.32
2.17
2.28
2.16
2.35
2.27
2.27
1.95
2.38
2.16
2.13
2.63
2.33
2.36
2.56
2.36
2.23
2.61
2.22
2.44
2.53
2.13
2.21
2.70
2.12
2.38
2.27
2.22
2.21
2.49
2.10
2.70
2.35
2.65
2.05
2.12
2.12
2.50
2.12
2.17
2.50
2.52
2.32
2.26
2.27
2.07
2.02
1.77
2.10
2.42
2.08
2.22
1.98
2.37
2.05
2.21
2.19
2.25
2.49
2.15
2.13
2.52
2.31
2.18
2.46
2.18
2.28
2.36
2.07
2.26
2.05
2.17
2.37
2.19
2.39
2.22
2.13
2.27
2.36
1.88
2.14
2.22
1.98
2.29
1.90
2.17
2.21
2.32
2.19
2.06
2.15
2.29
2.44
2.30
2.11
2.01
2.25
2.29
1.98
2.17
2.38
2.16
2.13
1.74
2.02
1.88
2.03
1.89
1.78
2.41
2.12
2.24
2.02
2.08
2.23
2.17
2.15
2.02
2.10
1.99
1.88
2.23
1.90
2.16
1.97
1.94
1.88
2.23
1.93
2.16
2.13
2.01
2.20
2.24
1.87
2.29
2.07
2.19
1.94
1.91
1.97
1.95
1.66
1.95
2.11
2.07
1.94
1.98
2.04
2.05
2.27
1.92
2.35
1.93
2.28
2.05
2.26
2.05
2.24
2.00
2.07
1.83
1.88
1.68
1.68
1.77
1.70
2.16
1.89
2.27
2.30
2.24
2.04
2.36
1.89
1.74
1.60
1.97
1.70
1.81
1.84
2.17
2.07
1.91
1.98
1.88
2.00
1.95
1.60
1.99
1.56
1.47
1.92
1.78
1.91
1.99
2.08
1.99
2.02
1.94
2.20
1.89
1.87
1.68
1.64
1.75
1.90
2.06
2.21
1.79
1.96
2.25
2.01
2.18
1.73
2.15
2.17
2.09
2.02
2.01
2.09
2.20
2.06
2.15
2.36
1.93
2.24
1.87
1.82
2.01
1.93
2.28
2.06
1.90
1.81
2.00
2.05
1.99
2.07
1.90
1.76
1.63
1.90
1.86
2.00
1.80
2.13
2.15
2.18
2.17
1.96
2.19
2.13
1.85
1.96
1.86
1.90
2.05
1.96
2.18
2.03
2.13
2.06
2.13
2.08
2.06
1.91
2.16
2.09
2.18
2.26
1.96
2.18
2.13
1.82
2.10
1.93
2.12
2.20
2.01
1.93
2.04
2.39
2.10
1.86
2.25
2.02
2.05
1.77
1.92
2.17
2.04
1.88
2.01
1.91
1.96
1.79
1.79
1.82
1.89
1.65
1.72
1.73
1.84
1.68
2.04
1.80
1.74
1.85
1.74
1.65
1.58
1.72
1.68
1.56
1.52
1.58
1.66
1.50
1.80
1.54
1.80
1.58
1.84
1.91
1.78
1.79
1.77
1.72
1.69
1.84
1.78
1.78
1.76
1.62
1.72
1.77
1.76
1.79
1.66
1.90
1.89
1.80
1.82
1.88
1.83
1.84
1.72
1.85
1.69
1.73
1.74
1.33
1.73
1.79
1.65
1.91
1.59
1.80
1.92
1.91
1.96
1.83
1.79
1.87
1.78
1.73
1.72
1.79
1.71
1.63
1.75
1.83
1.66
1.72
1.84
1.71
1.52
1.88
1.93
1.93
1.98
1.98
1.65
1.55
1.51
1.64
1.99
1.64
1.31
1.40
1.60
1.87
1.81
1.73
1.89
1.64
1.66
1.67
1.71
1.80
1.76
1.50
1.81
1.94
1.92
1.83
1.67
1.68
1.85
1.59
1.84
1.87
1.49
1.58
1.83
1.52
1.86
1.51
1.82
1.56
1.72
1.80
1.79
1.72
1.50
1.70
2.03
1.81
1.76
1.77
1.67
1.78
1.69
1.80
1.65
1.78
1.84
1.95
1.76
1.58
1.95
1.75
1.93
1.69
1.70
1.84
1.93
1.78
1.89
1.86
1.80
1.89
1.84
1.82
1.83
1.68
1.78
1.75
1.95
1.70
1.97
1.87
1.91
1.89
2.06
1.75
1.87
1.81
1.89
1.80
1.51
1.97
1.82
1.98
2.00
1.60
1.71
1.51
1.52
1.80
1.93
2.12
1.90
1.79
1.80
1.94
1.62
1.78
2.06
2.02
2.03
1.71
1.73
1.55
1.65
1.65
1.75
1.58
1.65
1.71
1.70
1.65
1.81
1.69
1.86
1.80
1.82
1.76
2.06
1.48
1.73
1.67
1.69
1.92
1.94
1.85
1.88
1.62
1.59
1.95
1.72
2.09
1.67
1.91
1.59
1.59
1.73
1.55
1.65
1.85
1.84
1.55
1.68
1.77
1.88
1.73
1.60
1.50
1.46
1.58
1.38
1.45
1.49
1.69
1.65
1.59
1.44
1.38
1.80
1.74
1.57
1.35
1.32
1.72
2.00
1.62
1.64
1.68
1.56
1.59
1.82
1.89
1.61
1.85
1.66
1.55
1.77
1.71
1.68
1.62
1.58
1.65
1.96
1.72
1.66
1.50
1.70
1.42
1.69
1.90
1.60
1.84
1.87
1.68
1.62
1.44
1.57
1.88
1.58
1.61
1.72
1.52
1.71
1.58
1.52
1.78
1.65
1.65
1.84
1.74
1.60
1.45
1.59
2.24
1.68
1.70
1.72
1.68
1.50
1.66
1.55
1.77
1.65
1.58
1.62
1.62
1.59
1.31
1.61
1.54
1.50
1.52
1.48
1.56
1.43
1.58
1.47
1.54
1.69
1.71
1.60
1.52
1.59
1.65
1.43
1.57
1.59
1.54
1.61
1.53
1.70
1.65
1.44
1.58
1.81
1.79
1.69
1.36
1.48
1.52
1.53
1.65
1.55
1.55
1.37
1.65
1.63
1.42
1.58
1.59
1.60
1.51
1.52
1.64
1.44
1.44
1.57
1.48
1.28
1.46
1.48
1.41
1.67
1.63
1.65
1.61
1.77
1.68
1.74
1.46
1.43
1.38
1.46
1.51
1.57
1.63
1.53
1.75
1.70
1.41
1.55
1.48
1.54
1.56
1.47
1.69
1.47
1.71
1.55
1.59
1.71
1.62
1.61
1.74
1.68
1.64
1.42
1.53
1.56
1.37
1.61
1.39
1.55
1.24
1.55
1.62
1.65
1.35
1.69
1.64
1.54
1.45
1.63
1.67
1.83
1.39
1.43
1.49
1.50
1.32
1.47
1.50
1.45
1.79
1.72
1.46
1.56
1.52
1.60
1.64
1.53
1.65
1.62
1.67
1.58
1.51
1.90
1.78
1.56
1.75
1.69
1.73
1.46
1.66
1.73
1.70
1.79
1.88
2.00
1.96
1.87
2.00
1.97
1.90
1.80
2.00
2.00
2.15
1.86
1.65
1.93
1.81
1.85
2.06
1.99
1.87
1.84
1.77
1.77
1.61
2.40
2.14
2.25
1.86
1.79
1.85
1.80
1.86
1.81
1.77
1.98
1.71
1.73
1.81
1.94
1.50
1.81
1.82
2.22
1.91
1.83
1.93
1.75
1.80
1.85
2.17
2.31
1.94
2.09
1.82
1.91
1.86
1.95
1.49
1.66
1.79
1.94
1.58
1.86
1.70
1.78
2.01
1.70
1.92
1.83
1.82
1.57
1.68
2.19
2.20
2.30
1.79
2.02
2.10
2.37
2.05
2.25
2.17
2.13
2.15
1.97
2.23
2.42
2.27
2.19
2.01
2.47
1.84
2.22
2.28
2.06
1.91
2.22
2.11
1.87
1.91
1.82
2.27
2.04
2.10
2.08
2.16
2.18
2.34
1.95
2.33
2.11
2.10
2.18
2.28
2.41
2.38
2.06
1.93
2.34
2.11
2.44
2.27
2.20
2.09
1.98
2.25
2.23
1.84
2.22
2.14
1.98
2.22
2.23
2.07
2.11
2.34
2.04
2.02
2.11
2.23
2.33
2.13
2.49
2.32
2.24
2.28
2.21
2.16
2.37
2.26
2.30
2.02
2.22
2.12
2.05
2.09
2.33
2.19
2.07
1.82
1.87
2.34
1.65
2.12
2.32
2.28
1.89
2.13
1.97
1.97
2.33
2.15
2.65
2.17
2.21
2.17
2.25
2.29
2.43
2.25
2.28
1.78
2.33
2.16
1.97
2.17
2.10
1.90
2.08
1.94
2.07
2.03
1.84
2.14
2.01
2.13
2.11
2.22
1.91
2.02
1.91
2.11
2.26
2.25
2.15
2.37
2.15
1.96
2.16
2.16
1.75
2.27
2.21
2.26
2.22
1.92
2.00
2.12
1.75
2.13
2.00
2.07
1.82
2.27
2.07
2.00
2.00
2.02
2.19
2.33
2.02
1.86
2.11
1.99
1.94
2.17
1.90
2.23
1.84
2.05
1.89
2.29
1.99
2.15
2.18
2.06
2.27
2.22
2.13
1.96
2.02
1.98
2.17
2.12
1.94
1.93
2.07
2.39
2.00
2.40
2.14
2.30
2.21
1.81
2.36
2.36
2.16
1.99
2.42
2.25
1.93
2.14
2.17
2.17
1.90
2.22
2.12
2.29
2.33
2.24
2.04
2.18
2.09
2.38
2.17
2.34
2.12
2.30
2.08
1.78
2.25
2.21
2.30
2.27
2.41
2.09
2.16
2.39
1.89
2.37
2.17
2.22
2.10
2.01
2.09
2.23
2.40
2.33
2.08
2.13
1.96
2.09
1.94
2.13
1.97
1.83
2.03
2.12
1.86
1.75
1.62
1.80
1.76
1.64
1.99
1.76
1.76
1.85
1.97
1.95
1.93
1.74
1.59
1.60
1.75
1.62
1.68
1.64
1.68
1.71
1.72
1.72
1.71
1.62
1.83
1.79
2.00
1.96
1.85
1.76
1.82
1.88
1.94
1.76
2.16
2.16
2.18
1.80
1.70
2.16
1.92
1.88
2.14
2.27
2.76
2.47
1.78
2.02
2.01
1.82
2.16
1.94
1.70
2.22
2.20
1.94
1.78
2.20
1.85
1.85
2.25
1.75
1.87
2.23
1.97
1.83
1.74
2.00
1.76
1.80
2.06
1.83
1.85
1.84
1.68
2.13
2.22
2.02
1.83
2.15
1.84
1.79
2.01
2.10
2.19
2.09
1.74
1.81
1.86
1.85
2.12
1.85
1.70
1.94
1.77
1.91
1.98
1.89
2.10
2.05
1.76
2.05
1.78
2.08
1.79
1.82
1.81
1.94
1.97
1.97
1.84
1.74
1.91
1.80
1.95
2.27
1.93
2.00
1.93
1.76
1.81
1.81
2.03
1.78
1.72
1.90
1.97
1.87
2.05
2.42
2.14
1.99
2.15
2.10
2.72
2.68
2.46
2.75
2.63
2.22
2.01
2.21
2.27
2.33
2.30
2.86
2.09
2.44
2.30
2.09
2.56
2.46
2.71
2.40
2.37
2.22
2.17
2.25
2.10
2.07
2.81
2.15
2.25
2.27
2.24
2.53
2.62
2.22
2.51
2.78
2.81
2.51
2.58
2.49
2.43
2.30
2.57
2.62
2.21
2.43
2.28
2.19
2.47
2.00
2.52
1.83
2.59
2.46
2.48
2.27
2.84
1.80
2.57
2.63
2.29
2.36
2.50
2.61
2.29
2.55
2.42
2.58
1.95
2.23
2.59
2.30
2.40
2.37
2.97
2.95
2.11
2.15
2.49
2.52
2.47
2.85
2.21
2.52
2.22
2.13
2.08
2.58
2.54
2.46
2.55
2.57
2.29
1.90
2.37
2.27
2.04
2.01
2.12
2.16
2.44
2.04
2.22
2.42
2.41
2.77
2.49
2.66
2.70
2.49
2.28
2.34
2.31
2.24
2.29
2.44
2.38
2.17
2.30
2.29
2.09
2.20
2.44
1.82
2.63
2.14
1.72
2.00
2.07
2.15
2.43
2.31
2.26
2.29
2.40
2.36
2.42
2.36
2.17
2.34
2.10
2.08
2.90
2.65
2.22
2.21
2.28
2.20
2.57
2.51
2.30
2.06
2.03
2.14
1.91
2.07
1.99
2.11
1.92
2.02
2.07
2.12
2.16
2.29
2.27
2.25
2.31
1.98
2.01
1.75
1.97
1.94
1.67
1.77
2.02
1.89
1.97
1.77
1.66
1.53
1.51
1.62
2.02
1.84
2.17
2.01
1.84
1.45
1.59
1.60
1.63
1.70
1.24
1.76
1.81
2.11
1.78
1.86
1.60
1.57
1.46
1.57
1.53
1.56
1.48
1.65
1.37
1.51
1.53
1.70
1.72
1.50
1.30
1.42
1.64
1.71
1.67
1.61
1.51
1.79
1.97
1.44
1.61
1.62
1.26
1.51
1.43
1.36
1.29
1.53
1.52
1.59
1.41
1.16
1.58
1.86
1.84
1.73
1.51
1.50
1.79
1.45
2.19
1.83
2.19
2.18
1.68
1.98
1.99
2.05
2.09
2.27
2.08
2.17
2.29
1.88
2.55
1.78
1.71
1.96
1.92
2.04
2.00
2.08
2.08
1.95
1.68
1.90
2.02
1.78
1.80
1.93
2.23
2.11
2.24
1.90
2.16
1.67
2.12
1.91
1.97
2.10
2.41
1.85
1.93
1.74
1.67
1.80
2.17
1.79
2.21
1.97
1.75
2.03
2.26
1.94
2.23
2.41
2.17
2.02
1.65
1.78
2.20
1.86
1.41
1.38
2.00
1.50
1.49
1.24
1.17
1.26
1.24
1.42
1.03
1.10
1.72
1.74
1.57
1.73
1.27
1.39
1.19
1.51
1.75
1.45
1.11
1.25
1.81
1.40
1.77
1.92
1.78
1.74
1.74
1.83
1.79
1.66
1.52
1.37
