3.00
3.56
3.19
3.27
2.82
2.73
2.19
2.49
3.22
2.53
2.43
3.48
2.99
2.66
2.79
3.04
3.15
2.98
3.22
3.12
3.22
3.50
3.19
3.64
3.17
3.50
3.54
3.69
3.13
3.30
3.19
3.24
3.37
3.43
3.48
3.39
3.37
3.31
3.22
3.68
4.68
3.72
3.57
3.15
3.49
3.28
3.39
3.46
3.19
3.62
3.83
3.82
3.79
3.84
3.63
3.82
3.62
3.05
3.05
3.48
2.99
2.83
3.04
3.57
3.44
3.11
3.38
3.24
3.59
2.75
3.03
3.19
3.20
3.61
3.24
3.23
3.16
3.11
2.95
3.91
3.67
3.22
4.03
3.95
3.69
3.68
4.13
4.06
4.20
4.38
3.76
3.93
4.23
3.07
3.45
3.10
3.29
3.52
3.64
4.00
3.61
3.77
3.39
3.74
3.55
3.35
3.08
3.45
3.51
3.16
3.41
3.16
3.23
3.66
3.77
3.52
3.81
3.84
3.70
2.57
2.83
2.94
3.06
2.65
3.05
2.62
2.70
2.65
2.84
2.73
2.60
2.89
2.64
2.63
2.96
2.80
2.95
2.73
3.05
2.83
3.00
3.87
3.94
3.01
3.16
3.02
3.11
3.27
3.04
2.98
3.08
2.88
2.76
3.14
3.37
2.98
2.92
3.02
2.97
3.28
3.05
3.01
2.89
3.08
2.92
2.75
3.08
2.77
2.89
2.33
2.90
2.98
3.56
2.71
3.36
2.80
2.73
2.38
2.81
2.93
2.63
3.03
3.07
3.29
3.01
2.76
3.40
3.10
2.84
2.99
2.96
2.90
3.04
3.30
3.50
3.40
3.39
3.05
3.35
3.49
3.55
3.28
3.06
3.18
3.12
3.13
3.12
2.97
2.91
2.73
2.93
2.79
2.87
2.98
2.91
2.95
2.72
3.01
3.00
2.99
3.37
2.87
3.25
3.17
3.10
3.25
3.02
2.91
3.22
2.99
3.25
3.21
2.82
2.95
3.09
3.47
3.02
3.02
3.01
3.15
3.39
3.13
2.94
3.01
3.24
2.99
3.15
3.35
3.12
3.21
3.03
3.15
3.11
3.38
2.80
2.85
3.01
2.76
3.24
3.17
3.25
3.59
2.80
3.33
3.20
3.26
3.15
2.88
2.97
3.38
3.17
3.31
3.15
3.22
3.11
2.81
3.03
3.38
3.20
3.31
2.98
3.06
2.86
2.99
2.97
2.78
2.81
2.82
2.99
3.01
2.98
2.96
2.90
2.94
2.64
3.00
2.85
2.70
3.37
3.02
3.00
3.04
3.02
3.24
3.40
3.03
3.00
3.38
3.21
3.04
3.29
3.09
2.84
3.34
2.94
3.35
3.17
3.02
3.10
3.02
3.11
3.03
3.17
3.30
2.94
3.26
2.98
3.05
2.73
2.72
2.94
2.66
2.73
2.75
2.84
3.08
3.14
2.70
2.99
2.88
2.88
2.67
3.06
2.89
3.59
3.16
2.92
3.08
3.79
3.14
3.03
3.18
3.10
3.24
3.14
3.14
3.00
3.18
3.18
3.24
3.06
3.20
3.12
3.01
3.33
3.21
3.07
3.30
3.33
2.81
2.87
2.91
2.97
2.75
3.27
2.99
3.35
3.43
3.32
3.49
3.39
3.50
3.14
3.48
3.01
2.95
3.32
3.33
3.13
2.89
2.93
3.42
3.56
3.53
3.21
3.24
3.29
3.21
2.81
2.81
2.83
2.86
3.33
3.02
3.30
3.52
3.41
3.69
3.57
2.96
2.98
3.02
2.77
3.25
2.82
2.72
3.02
2.64
2.37
2.65
2.53
3.51
3.81
3.58
3.44
3.29
3.23
3.28
3.40
2.62
3.41
2.93
2.53
2.82
2.76
2.57
3.09
2.81
2.86
3.05
3.31
3.49
2.98
3.63
3.53
3.55
3.27
3.28
3.47
3.29
2.95
3.00
2.94
3.64
3.42
2.91
3.44
3.31
3.07
3.30
3.09
3.50
3.20
3.01
3.22
2.96
3.71
2.98
3.14
3.25
2.24
3.06
2.79
3.05
2.46
3.09
2.91
2.61
3.21
2.94
3.22
2.75
2.58
2.98
2.70
2.85
2.75
2.95
2.98
2.50
2.83
2.59
3.11
2.73
2.60
3.06
2.63
2.91
2.75
3.07
2.87
2.73
3.18
2.68
2.93
2.99
2.66
3.29
3.00
2.97
2.85
3.38
2.79
3.09
3.54
2.70
3.09
2.91
2.59
3.30
3.27
2.89
2.82
2.98
2.73
2.72
2.81
3.09
3.09
3.16
2.95
3.42
3.15
3.13
2.53
2.67
2.81
2.83
2.79
2.45
3.22
3.30
3.26
2.78
3.22
3.10
2.82
2.53
2.48
3.12
2.83
2.85
3.82
3.51
3.08
3.47
3.26
2.71
2.77
2.89
2.75
2.76
3.58
3.02
3.37
2.92
3.31
3.53
2.75
2.43
2.79
3.30
3.51
2.98
3.00
3.14
2.67
3.31
2.93
2.93
2.80
2.60
2.79
2.81
2.81
3.46
3.12
3.00
3.20
3.21
2.63
3.11
3.29
3.33
2.69
2.63
2.74
3.29
2.68
2.83
3.36
3.04
2.88
2.87
2.66
2.82
2.88
3.07
2.91
2.37
2.68
2.64
2.64
2.16
2.51
2.66
2.47
3.08
2.47
2.83
3.16
2.89
2.34
2.56
2.68
2.24
2.21
2.44
2.37
3.09
2.87
3.18
2.57
2.70
2.46
2.99
2.65
3.28
3.49
3.03
3.00
2.89
3.17
2.64
2.66
2.60
2.60
2.96
3.05
3.17
3.32
3.08
3.04
3.18
2.82
3.34
2.56
2.54
2.96
3.07
3.17
3.48
3.03
3.18
3.08
2.81
2.77
3.17
2.67
2.27
2.36
2.28
2.43
2.65
2.69
2.81
2.71
2.57
2.94
3.17
2.89
2.59
2.69
2.88
2.97
2.93
2.87
3.67
2.59
2.59
2.53
2.62
2.80
2.44
2.69
2.76
2.68
2.66
2.42
2.64
2.75
3.05
3.21
2.71
2.81
2.75
3.12
2.89
3.58
3.02
2.65
2.79
3.17
2.79
2.60
2.75
2.67
3.45
3.05
2.79
2.88
2.68
2.78
2.47
2.69
2.92
2.72
3.08
2.87
2.97
2.45
3.10
2.80
2.75
2.84
2.97
3.00
3.04
3.00
3.42
3.39
3.03
3.53
3.07
3.27
3.11
3.64
3.29
3.62
3.33
3.17
3.25
3.66
3.51
3.47
3.22
3.57
2.78
2.87
2.99
2.29
2.95
3.40
3.43
3.28
3.44
3.37
3.37
3.40
3.55
2.88
2.93
3.41
2.98
3.64
3.63
3.79
3.70
3.83
3.85
4.21
4.18
3.76
3.75
3.47
3.61
4.07
3.52
3.51
3.47
3.48
3.66
4.06
3.57
3.34
3.59
3.69
3.37
4.05
3.33
3.54
2.87
3.25
3.49
4.03
4.04
3.64
3.16
3.44
3.53
3.40
4.23
3.28
3.44
3.49
3.90
3.42
3.36
3.26
3.70
3.44
3.48
3.80
3.13
3.43
3.57
3.25
3.47
3.66
3.62
3.50
4.07
3.75
3.95
3.55
3.60
3.50
3.61
3.35
2.97
2.99
3.08
3.55
3.41
3.44
3.19
3.52
2.63
3.08
3.37
3.02
3.04
2.97
3.54
3.72
3.23
3.52
3.33
3.39
3.79
3.81
3.33
3.34
3.61
3.40
3.43
3.18
3.47
3.14
3.16
3.40
3.37
3.36
3.59
3.64
3.27
3.42
3.18
3.48
3.17
3.25
3.16
3.55
3.41
3.66
3.57
4.26
3.90
3.50
3.33
2.76
3.17
2.82
3.17
3.61
3.91
4.04
4.02
3.67
4.12
4.07
3.69
3.43
3.74
3.97
3.95
3.73
4.05
4.13
4.11
4.28
4.09
3.83
4.30
3.93
3.77
3.99
3.59
3.67
3.28
3.95
3.60
3.13
3.20
3.35
3.83
3.58
3.60
3.93
3.43
4.28
3.89
4.37
4.09
3.90
3.91
3.65
3.84
3.65
3.75
3.39
3.42
3.24
3.36
3.38
3.33
3.58
3.24
3.65
4.01
3.34
3.90
3.39
3.41
3.31
3.37
3.25
3.48
2.90
3.36
2.95
3.08
2.92
2.92
3.01
2.96
2.92
3.04
3.60
3.30
3.91
3.14
3.34
3.34
3.34
3.49
3.28
3.42
3.61
3.30
3.10
3.24
3.23
3.27
3.25
3.34
2.91
3.86
3.78
4.22
3.88
4.24
4.04
3.61
3.72
3.78
3.83
3.99
3.76
3.22
3.04
3.66
3.70
3.31
3.62
3.21
3.53
3.27
3.68
3.68
3.51
3.61
3.45
2.71
3.15
2.80
2.89
3.08
2.98
2.98
2.77
3.18
3.04
2.71
3.03
3.29
3.27
2.70
2.86
3.24
2.96
2.89
3.47
2.89
3.42
3.23
3.23
3.27
3.63
3.46
3.64
2.82
3.10
2.83
3.20
3.09
3.30
3.04
3.33
3.08
3.19
3.38
3.31
4.21
3.37
3.68
3.47
3.23
3.54
3.52
3.56
3.77
3.78
3.86
3.94
4.09
3.62
3.77
3.83
3.82
3.69
3.47
3.39
3.20
3.70
3.60
3.59
3.84
3.68
4.17
3.64
3.49
3.70
3.34
3.65
3.47
3.67
3.32
3.35
3.38
3.32
3.23
3.50
3.07
3.24
3.48
3.18
3.88
3.50
3.49
3.47
3.90
3.69
3.92
3.35
2.95
3.44
2.71
3.01
3.14
3.00
3.06
2.88
3.01
3.11
3.38
3.16
3.11
3.30
3.37
3.30
3.40
3.30
2.89
3.09
3.32
3.18
3.38
3.10
3.54
3.29
3.43
3.37
3.63
3.60
3.69
3.79
3.81
3.82
3.73
3.24
3.75
3.65
3.90
4.07
4.18
4.32
4.09
4.18
3.89
4.09
4.49
3.88
3.90
3.74
3.68
3.68
4.09
3.90
3.36
3.72
3.61
3.82
3.74
3.51
4.09
3.91
3.77
3.73
3.81
3.91
3.90
3.58
3.88
4.21
3.85
3.90
3.99
3.70
3.72
4.10
3.54
3.52
3.46
3.34
3.35
3.42
3.60
3.56
3.51
3.85
3.94
4.05
4.31
4.22
3.93
3.86
3.71
3.67
3.81
4.06
3.88
4.10
3.54
3.48
3.30
3.35
3.26
3.44
3.68
3.18
3.21
3.81
4.16
3.87
4.16
4.12
3.86
4.02
4.10
3.98
3.99
4.16
4.26
4.11
4.10
3.91
3.93
3.65
3.85
3.99
4.30
3.98
4.17
4.26
3.94
3.94
3.68
4.10
3.98
4.10
4.10
3.81
3.95
3.80
4.09
4.17
4.07
3.95
3.97
3.81
4.08
3.98
4.01
3.94
3.80
3.73
3.79
3.99
3.80
4.05
3.59
4.01
4.01
4.01
4.05
4.01
3.79
4.15
4.09
4.03
4.56
3.99
3.88
3.92
4.16
3.91
3.91
3.85
3.83
3.73
3.33
4.04
3.04
3.35
3.97
3.79
3.81
3.38
3.49
3.77
3.92
3.94
3.75
3.78
4.06
3.74
4.09
3.84
3.33
3.84
3.84
3.86
3.94
4.05
3.98
4.10
3.87
3.88
4.03
4.01
4.32
4.01
3.98
3.96
3.84
3.80
4.00
3.87
4.06
4.02
3.96
4.09
3.83
4.04
4.10
3.81
4.06
3.98
4.25
3.77
3.63
3.74
3.86
3.63
3.72
3.94
3.59
3.82
4.16
4.11
3.55
3.53
4.40
3.80
4.01
3.59
3.56
3.72
3.52
3.71
3.73
3.70
3.90
3.75
3.77
3.60
3.68
3.61
4.25
3.90
4.01
3.80
3.94
3.77
3.95
3.64
3.76
3.62
3.81
3.87
3.97
3.93
3.91
3.90
3.69
3.87
3.58
3.54
3.68
3.51
3.60
3.74
3.46
3.46
3.22
3.13
3.20
3.30
3.68
3.80
3.53
3.52
3.51
3.79
3.51
3.67
3.53
3.49
3.55
3.52
3.62
3.77
3.80
3.40
3.83
3.98
3.69
3.89
3.67
4.11
3.71
3.75
4.28
4.25
3.90
3.69
3.57
3.99
3.76
3.76
3.52
3.83
3.60
3.83
3.70
4.08
4.05
3.85
3.85
3.72
3.62
4.08
4.06
3.96
3.89
4.06
3.87
4.08
3.62
3.77
3.52
3.70
3.87
3.62
3.85
3.71
3.54
3.60
3.82
3.81
3.66
3.60
4.17
3.67
3.94
3.33
3.47
3.38
3.87
3.90
3.82
3.82
3.26
3.74
3.92
3.54
3.80
3.63
3.87
3.89
4.10
3.70
3.61
3.75
3.66
3.72
3.88
3.79
3.89
4.05
3.74
3.69
4.21
4.15
4.02
4.21
3.46
3.75
3.83
3.72
3.82
3.68
3.97
3.84
4.04
3.99
4.21
4.20
3.85
3.74
3.45
3.78
3.84
3.97
3.99
3.53
3.64
3.48
3.36
3.40
3.30
3.42
3.35
3.25
3.52
3.64
3.43
3.52
3.23
3.49
3.48
3.55
3.50
3.71
3.75
3.65
3.68
3.72
3.70
3.57
3.70
3.93
4.22
3.93
3.63
3.83
3.58
3.71
3.91
3.68
3.45
3.69
4.01
3.75
3.90
3.61
3.92
3.51
3.50
3.66
3.46
3.86
3.58
4.22
4.02
3.94
3.96
3.65
3.29
3.54
3.95
3.72
4.03
4.09
4.07
3.77
4.02
4.04
3.95
3.57
3.87
3.77
3.64
3.81
3.75
3.47
3.68
3.56
3.62
3.61
4.00
3.56
3.81
3.70
3.93
3.93
3.97
4.05
3.84
3.88
3.82
3.57
4.11
4.05
4.09
3.74
4.00
3.80
4.50
3.91
4.31
3.82
4.04
3.77
4.07
3.98
3.91
3.76
3.48
3.32
3.45
3.45
3.63
3.63
3.76
3.88
3.67
3.89
3.54
3.55
3.79
4.00
3.64
3.62
3.13
3.74
3.81
3.17
3.78
3.84
3.79
4.01
4.12
4.24
3.82
4.08
3.87
3.90
3.91
4.01
3.74
3.43
3.61
3.78
3.33
3.62
3.80
3.92
3.70
3.50
3.73
3.92
4.19
3.92
3.25
3.96
3.90
3.68
4.07
4.01
3.77
4.04
4.18
3.94
3.85
3.70
3.85
3.80
4.11
3.86
3.72
4.16
3.67
3.83
3.32
3.45
3.78
3.29
3.59
3.23
3.28
3.32
3.20
3.53
3.39
3.50
3.37
3.30
3.74
3.66
3.50
3.05
3.45
3.57
3.25
3.36
3.87
3.34
3.51
3.44
3.44
3.63
3.57
3.19
3.08
3.17
3.41
3.55
3.07
3.15
3.38
3.28
2.89
3.39
3.69
3.67
3.85
3.38
3.45
3.71
3.93
3.36
3.46
3.38
3.58
3.74
3.61
3.48
3.38
3.46
3.73
4.03
4.11
3.73
4.13
4.03
4.12
3.88
4.00
4.01
3.87
3.92
3.62
3.46
3.69
3.62
3.49
3.79
3.57
3.77
3.68
3.24
3.28
3.32
3.53
3.30
3.27
3.59
3.28
3.63
4.38
4.29
4.33
4.35
4.08
4.05
4.19
4.66
3.63
4.40
4.56
4.31
4.39
4.03
4.19
4.36
3.84
4.10
4.62
3.98
4.38
4.47
4.50
4.39
4.72
3.90
4.59
4.79
4.25
3.74
4.07
3.69
4.00
3.94
3.51
3.64
3.65
3.67
3.67
3.63
3.73
3.40
3.52
3.69
3.66
3.79
3.57
3.87
3.90
3.51
3.60
3.56
3.71
3.68
3.49
3.62
3.38
3.64
3.37
3.60
3.59
3.90
3.66
3.97
3.88
4.02
4.11
4.07
4.12
3.80
4.04
3.67
4.09
3.76
3.90
3.97
3.90
4.26
4.00
3.96
4.02
3.80
3.82
3.44
3.23
3.42
3.45
3.35
3.45
3.57
3.91
3.62
3.57
3.89
3.63
3.47
3.15
3.49
4.12
3.62
3.30
3.29
3.48
3.24
3.46
3.45
3.40
3.44
3.23
3.44
3.42
3.66
3.53
3.43
3.48
3.56
3.35
3.73
3.38
3.02
3.11
3.63
3.47
3.57
3.55
3.50
3.54
3.65
3.43
3.82
4.03
3.63
3.84
3.82
3.66
3.93
3.78
3.67
3.71
3.60
3.92
3.78
4.26
3.96
3.91
3.91
3.72
3.70
3.44
3.54
3.89
3.82
3.73
3.89
3.32
3.63
3.55
3.32
3.17
3.93
3.58
3.94
3.84
4.04
3.89
3.97
3.76
3.68
4.25
3.76
3.56
4.01
3.89
4.10
3.65
3.56
3.91
3.88
3.52
3.37
3.31
3.58
3.35
3.37
3.35
3.44
3.35
3.54
3.52
3.38
3.64
3.52
3.26
3.46
3.42
3.36
3.65
3.46
3.71
3.58
3.63
3.44
3.42
3.41
3.48
3.38
3.80
3.46
3.26
3.41
3.23
3.53
3.42
3.34
3.76
3.79
3.75
3.67
3.69
3.68
3.82
3.63
4.04
3.69
4.14
3.73
3.45
3.67
3.98
3.74
3.79
3.67
4.14
3.88
4.06
3.34
3.68
4.16
3.85
3.91
3.74
4.06
4.06
3.91
4.00
3.74
3.48
3.47
3.48
3.55
3.52
3.38
3.46
3.60
3.45
3.62
3.67
3.69
3.84
3.98
3.48
3.44
3.63
3.30
3.41
3.50
3.50
3.34
3.55
3.34
3.51
2.88
3.65
3.46
3.59
3.68
3.28
3.43
3.32
3.73
3.52
3.23
3.43
3.58
3.49
3.31
3.43
3.51
3.29
3.22
2.94
3.13
3.30
3.14
3.20
3.30
3.65
3.44
3.61
3.47
3.31
3.52
3.28
3.06
2.88
3.24
3.85
3.50
3.17
3.38
3.19
3.85
3.44
3.85
3.77
3.50
3.46
3.52
3.72
3.62
3.51
3.67
3.86
3.87
3.67
3.64
3.57
3.68
3.73
3.98
3.39
3.74
3.73
3.68
3.59
3.80
3.54
3.51
3.59
3.86
3.84
3.71
3.96
3.68
3.96
3.52
3.85
3.65
3.87
3.91
3.62
3.71
3.30
3.38
3.74
3.42
3.22
3.64
3.79
4.18
3.96
3.68
3.62
4.11
3.91
3.76
3.86
3.78
3.86
4.13
3.90
3.60
3.50
3.67
3.50
3.44
3.55
3.39
3.89
3.82
3.60
3.79
3.74
3.64
3.90
3.77
3.64
3.78
3.83
4.30
3.86
3.77
3.86
3.92
3.84
3.83
3.54
3.79
3.87
3.56
3.94
3.67
3.76
3.65
3.86
3.82
3.38
3.89
4.16
4.01
3.39
3.75
3.60
3.68
3.57
3.64
3.89
3.61
3.57
3.61
4.01
3.93
3.74
3.29
3.52
3.69
3.42
3.76
3.41
3.31
3.51
3.59
3.76
3.85
3.79
3.48
3.41
3.87
3.60
3.77
4.01
4.23
4.05
4.14
3.61
3.49
3.49
3.43
3.24
3.01
3.45
3.41
3.32
3.29
3.52
3.46
3.67
3.51
3.85
3.75
3.91
3.86
3.51
3.89
3.25
3.80
3.66
3.37
3.69
3.51
3.83
3.26
3.80
3.75
3.85
4.00
3.51
3.77
4.00
3.42
4.03
3.61
3.46
3.71
3.64
3.62
3.78
3.51
3.37
3.59
3.77
3.64
3.93
4.02
4.32
4.21
3.80
3.49
3.94
3.54
3.68
3.83
3.74
3.75
3.70
3.52
3.82
3.56
3.63
3.80
3.59
3.55
3.95
3.83
3.32
3.72
3.79
3.59
4.01
3.52
3.94
3.62
3.87
3.86
3.71
3.91
3.87
3.66
3.85
3.85
4.26
3.62
3.91
3.82
3.91
3.68
3.95
3.62
3.82
4.00
4.05
3.94
3.45
3.45
3.55
3.48
3.48
3.95
4.05
4.19
3.78
4.19
4.08
4.30
3.86
4.17
3.95
3.70
3.76
4.34
3.77
4.45
4.70
3.99
4.43
4.36
4.32
4.15
4.37
4.53
4.31
4.45
4.25
4.18
4.22
4.08
4.09
4.29
4.05
3.72
4.34
4.62
3.57
3.70
4.26
4.35
4.35
4.40
4.32
3.84
4.39
4.47
4.05
3.89
4.43
3.77
3.85
3.49
3.56
3.78
3.54
3.54
2.97
3.11
2.70
2.53
2.94
2.87
2.62
2.77
2.73
3.34
3.32
2.61
2.87
2.66
2.60
2.54
2.65
2.62
2.67
2.75
2.98
3.62
3.27
3.44
3.17
3.43
3.16
3.38
3.52
3.40
3.43
3.52
3.24
3.58
3.19
3.28
3.19
3.09
3.81
3.49
3.40
3.67
3.49
3.80
3.60
3.85
3.84
3.50
3.32
3.73
3.79
3.34
3.67
3.72
3.99
3.86
3.79
3.37
3.59
3.79
3.67
3.90
3.94
3.45
3.82
3.79
4.02
3.66
3.84
3.49
3.20
3.53
3.42
3.35
3.12
3.16
3.36
3.23
3.06
3.03
3.38
3.17
3.12
3.12
3.49
2.99
2.78
3.10
3.02
2.59
2.62
3.06
3.15
3.11
3.20
3.15
3.30
3.35
2.73
3.25
3.19
3.08
3.45
3.13
2.78
3.62
3.15
3.36
3.46
3.41
3.34
2.77
3.25
3.34
3.67
3.30
3.09
2.87
2.88
2.55
2.74
2.82
3.43
3.32
2.76
2.62
2.79
3.06
3.31
3.17
3.18
3.31
3.12
3.21
3.10
3.01
3.71
3.37
3.22
3.58
3.49
3.12
3.60
3.12
3.41
3.16
3.27
2.94
2.69
3.29
3.33
3.28
3.29
2.98
3.19
2.92
2.81
3.12
3.67
3.05
3.74
3.45
4.29
3.86
3.37
3.46
3.00
3.36
2.96
3.12
3.30
3.19
3.32
3.16
3.29
3.70
2.78
2.93
3.18
3.11
3.21
3.33
3.88
3.22
3.26
3.14
3.61
3.02
3.20
2.97
3.11
3.02
2.98
2.94
3.06
2.89
2.96
3.04
3.99
4.09
3.96
3.68
3.42
3.41
3.52
3.82
3.33
3.79
3.58
3.92
3.50
3.30
3.58
3.51
3.37
3.61
3.57
3.45
3.36
3.34
2.65
3.43
3.00
3.81
3.60
3.12
3.01
2.93
3.16
3.54
3.49
3.82
3.30
3.15
3.34
3.72
3.50
3.39
3.58
3.72
3.18
2.99
3.31
3.42
3.21
3.45
3.22
2.86
3.72
2.87
2.85
3.10
2.87
3.42
3.63
3.33
3.30
3.46
3.19
3.25
3.23
3.08
3.06
4.15
3.88
3.76
3.64
3.78
3.28
2.66
2.86
2.96
3.02
2.98
2.69
2.79
3.03
2.99
3.48
3.06
2.94
3.06
3.06
3.14
2.82
3.08
2.90
3.52
3.22
3.27
3.13
3.73
3.47
3.54
3.38
3.21
3.32
3.76
3.66
4.11
3.80
3.78
3.45
3.76
3.41
3.46
3.48
3.68
3.61
3.35
3.49
3.63
3.33
3.31
3.37
3.57
3.96
3.44
3.74
2.91
3.28
3.70
3.33
3.68
3.88
3.51
3.41
3.40
3.14
3.48
3.16
2.84
2.93
2.97
2.83
3.87
2.96
3.07
3.37
2.64
2.97
3.79
2.75
3.53
3.30
2.76
3.13
3.69
3.03
3.11
3.42
2.99
3.69
3.65
3.78
3.99
3.28
3.61
3.49
3.66
2.90
3.84
3.67
3.72
3.42
3.77
3.52
3.76
3.85
3.59
3.91
3.64
3.63
3.86
4.25
3.88
4.20
4.11
3.75
4.24
4.12
3.75
3.90
3.81
3.19
3.31
3.37
3.38
3.56
3.83
4.08
3.68
3.25
3.26
3.55
3.89
3.84
3.85
3.71
3.61
3.76
3.67
4.03
3.65
3.89
3.98
4.05
3.92
4.15
4.23
4.11
4.22
4.00
4.05
3.95
3.88
4.17
4.00
3.98
3.79
4.04
3.76
4.14
4.22
4.12
3.67
3.86
4.01
3.90
3.91
3.76
4.28
3.66
3.85
3.94
3.48
3.30
3.43
3.69
3.83
4.16
4.02
4.18
3.72
3.45
3.56
3.88
3.86
3.70
3.30
3.49
3.60
3.88
3.81
3.58
3.87
3.76
3.87
3.65
3.79
3.46
3.68
3.58
3.71
3.54
3.62
3.51
3.76
3.54
3.47
3.69
3.88
3.74
3.92
3.92
3.75
4.16
4.04
3.74
3.60
3.74
3.51
3.85
3.39
3.76
3.78
3.88
4.29
3.83
3.96
3.71
4.34
4.00
3.90
3.79
4.09
3.75
3.67
3.73
3.76
3.84
3.94
3.82
4.17
4.02
4.00
4.09
4.03
3.72
3.98
3.69
4.03
4.09
3.96
3.99
4.07
3.79
4.33
3.99
3.91
3.27
3.70
3.93
3.61
3.81
3.73
3.53
3.60
3.78
3.54
3.62
3.50
3.68
3.52
3.54
3.86
3.36
3.79
3.96
3.76
3.60
3.72
3.71
3.86
3.52
3.26
3.93
4.19
3.50
3.82
4.03
3.79
3.92
4.05
4.19
3.82
3.92
4.14
3.88
3.88
3.83
3.99
3.94
4.20
4.13
3.92
3.99
3.95
3.86
3.94
3.94
3.98
3.99
3.88
3.82
3.93
3.89
3.96
3.89
3.83
3.62
4.08
3.87
3.71
3.85
4.08
3.95
3.68
3.62
3.76
4.01
3.60
3.83
3.76
3.92
3.78
4.14
4.09
4.15
3.76
4.11
3.79
3.78
3.83
3.92
3.64
4.07
3.80
4.34
3.81
3.79
3.61
3.99
3.61
3.76
3.65
4.15
4.01
3.77
3.74
4.16
3.83
3.52
3.68
3.99
3.95
3.60
3.51
3.86
3.63
4.13
3.94
3.93
3.83
3.92
4.16
4.05
3.75
3.83
3.96
3.91
3.78
4.07
4.05
4.16
4.32
4.10
4.19
3.86
4.00
3.82
4.19
4.24
3.95
4.13
4.16
3.94
3.93
3.70
4.00
3.94
4.16
4.41
4.30
4.43
4.38
4.44
3.88
4.16
4.16
4.60
4.12
4.18
4.35
4.51
4.42
4.26
4.19
4.10
4.16
4.21
4.14
4.08
4.02
3.50
4.14
3.92
3.99
3.61
4.23
4.11
4.17
4.12
4.12
3.84
3.67
4.21
3.85
4.17
4.25
3.82
4.43
3.99
4.25
4.08
4.11
4.20
4.09
4.52
4.07
4.28
4.22
4.16
4.22
4.40
3.98
4.12
4.25
3.84
4.16
4.33
4.31
4.14
4.17
4.12
3.87
4.58
4.25
4.09
3.92
4.81
4.00
4.13
3.83
4.25
4.22
4.39
4.28
4.28
4.05
4.19
4.05
3.78
4.11
4.06
4.30
3.88
3.93
3.94
3.91
4.14
4.19
3.86
4.18
3.97
4.24
4.12
4.21
4.01
4.05
4.00
4.34
4.49
4.38
4.27
4.12
4.38
3.98
3.93
4.15
3.98
3.75
4.10
3.70
3.61
3.87
3.92
3.93
3.87
3.88
3.78
3.60
3.42
3.70
3.71
3.81
3.75
3.87
3.93
3.89
3.88
3.96
4.05
3.70
3.82
4.21
4.37
4.13
4.25
4.14
3.86
3.84
3.75
3.75
3.86
4.02
3.98
3.76
3.75
3.91
3.83
3.88
3.67
3.66
3.52
3.85
3.82
3.75
3.57
3.80
3.58
3.87
3.60
3.88
3.90
3.97
3.66
3.72
3.79
4.26
4.06
4.25
4.22
4.40
3.90
3.94
3.96
4.46
4.09
3.95
4.03
4.06
3.73
3.80
3.88
4.18
3.87
3.60
3.75
3.66
3.94
3.62
3.78
4.07
3.86
3.48
3.70
3.46
3.66
3.30
3.37
3.64
3.22
3.81
3.40
3.33
3.39
3.40
3.25
2.88
3.59
3.13
3.07
3.76
3.56
3.63
3.61
3.34
3.74
3.34
3.71
3.53
3.43
3.11
3.37
3.11
3.00
3.47
3.11
3.43
3.01
2.98
3.80
4.26
3.73
3.97
3.27
3.21
3.39
3.18
3.92
3.42
3.03
2.73
3.34
3.15
3.62
3.82
3.72
3.90
3.71
3.68
3.73
3.72
3.69
3.73
3.60
3.65
3.71
3.53
3.41
3.70
3.41
3.78
4.04
2.68
3.11
2.96
2.92
3.25
3.35
3.46
3.42
3.81
3.22
4.02
3.24
3.47
4.01
3.48
3.12
3.31
3.61
3.97
3.22
3.68
2.73
3.23
3.71
3.62
3.27
3.43
3.98
3.78
3.82
3.23
2.63
2.97
3.41
3.53
3.41
3.65
3.34
3.33
3.70
3.19
3.31
3.47
3.45
3.43
3.43
3.41
3.50
3.32
3.52
3.53
3.31
3.70
3.28
3.36
3.22
3.48
3.39
3.60
3.80
3.34
3.52
3.76
3.90
3.51
3.44
3.48
2.95
2.77
2.97
2.95
3.41
2.69
3.02
3.01
3.89
3.24
3.26
3.01
2.98
3.35
3.38
3.28
3.26
3.21
3.24
3.54
3.43
3.28
3.18
3.65
3.20
3.25
3.43
3.41
3.54
3.73
3.77
3.29
3.55
3.56
3.50
3.43
3.34
3.69
3.55
3.47
3.48
3.28
3.03
3.46
3.41
3.61
3.90
4.17
3.87
4.07
3.18
3.54
3.39
3.89
3.97
4.07
3.95
3.98
3.91
3.80
4.10
3.90
3.81
3.85
4.21
3.83
3.26
3.43
3.21
3.01
2.96
3.60
4.43
4.10
3.02
3.41
3.29
3.21
3.32
3.63
2.98
3.47
2.69
2.73
3.06
2.72
3.42
3.62
3.70
3.58
3.20
3.73
3.99
3.69
3.81
4.18
4.55
4.23
3.90
3.61
3.44
3.92
3.55
3.48
3.27
3.78
3.17
2.98
3.58
3.38
3.31
3.20
3.81
3.77
3.62
3.56
4.10
3.53
4.24
3.93
4.05
3.77
3.92
3.75
3.60
3.84
3.71
3.87
3.58
3.41
3.79
4.26
3.57
4.04
3.33
3.71
3.72
3.64
3.77
3.41
3.82
3.36
3.20
3.62
3.09
3.18
3.56
3.21
3.42
3.90
4.51
3.79
3.82
3.69
3.78
4.22
3.94
4.57
3.94
4.09
3.85
3.70
3.62
3.62
4.19
3.72
3.66
3.97
4.28
4.04
4.18
4.15
3.60
3.71
3.67
3.84
3.43
3.66
3.98
4.03
3.77
3.69
3.86
4.07
3.77
3.98
3.53
3.15
3.76
3.32
3.73
3.69
3.60
3.97
3.65
3.71
3.81
3.63
3.69
3.57
3.24
3.51
4.10
3.89
3.81
4.04
3.65
3.76
3.93
3.87
3.92
3.85
3.50
3.75
4.13
3.39
3.49
3.40
3.31
4.31
3.94
3.57
3.89
4.05
3.76
3.49
3.45
3.54
2.90
2.77
3.23
3.39
3.56
3.10
3.53
3.42
3.32
3.45
2.78
2.58
3.17
3.75
4.22
3.85
3.86
3.99
3.63
3.81
3.83
4.00
4.16
4.01
3.91
3.98
3.96
4.32
3.92
4.38
3.97
3.58
3.96
3.62
3.73
4.08
3.55
3.95
3.48
3.65
3.85
3.84
3.91
3.75
3.62
3.97
3.29
3.98
3.88
3.44
3.79
3.45
3.33
3.46
3.50
3.51
2.89
3.05
3.18
2.95
2.86
3.05
2.82
3.11
3.12
3.17
2.79
2.87
2.85
3.00
3.90
3.30
3.22
3.28
3.49
3.52
3.16
3.31
3.52
3.39
3.41
3.43
3.56
3.27
3.31
3.36
2.77
2.99
2.82
3.78
4.01
3.59
3.54
3.43
3.37
3.75
3.33
3.59
3.32
3.49
3.76
3.63
3.48
3.40
3.59
3.45
3.49
3.71
3.63
3.64
2.74
2.68
2.81
2.76
3.63
3.51
2.91
3.06
3.11
3.80
3.73
3.47
3.78
3.70
3.57
3.89
3.87
3.63
3.37
3.75
3.72
3.90
3.56
3.70
3.84
3.91
3.92
3.83
3.77
3.41
4.07
3.70
3.20
3.14
3.39
3.20
3.78
3.59
3.26
3.31
3.62
3.53
3.02
3.54
3.15
3.41
3.53
3.54
3.73
3.60
3.41
3.36
3.59
3.32
3.13
3.58
3.33
3.26
3.28
3.50
3.50
3.66
3.43
3.24
2.98
2.85
2.84
2.76
3.06
2.95
3.35
4.18
3.64
3.47
3.26
2.99
3.27
3.40
3.34
3.66
3.42
3.49
3.47
3.92
4.10
3.58
3.46
3.05
4.03
3.88
3.73
3.74
3.05
3.20
3.76
3.63
3.95
3.54
3.99
3.87
3.85
3.98
3.45
3.75
4.04
3.61
3.84
3.70
3.79
3.94
4.03
3.68
3.92
3.85
3.86
4.03
3.43
4.03
3.54
3.83
3.81
3.56
3.91
3.12
3.07
3.15
3.28
2.79
3.55
3.17
3.70
3.27
2.74
3.22
3.32
3.40
3.77
3.35
3.23
3.52
3.97
3.73
4.11
3.62
3.53
3.63
3.38
2.97
3.49
3.88
3.87
3.35
3.36
3.22
3.18
3.90
3.84
4.46
3.77
3.96
3.65
3.65
3.95
3.73
3.83
3.43
3.82
3.78
3.52
3.65
3.81
3.78
3.80
4.33
3.54
3.80
3.81
3.71
3.37
3.65
3.19
3.34
3.47
3.90
3.58
3.24
3.36
3.48
3.62
3.56
3.58
3.33
3.59
3.26
2.95
3.89
3.75
3.79
3.89
3.86
3.66
3.66
3.94
3.98
3.79
3.66
3.90
3.47
3.85
3.85
3.78
4.00
4.02
3.45
4.08
3.70
3.85
3.73
3.71
3.77
3.82
3.53
2.73
2.69
2.99
2.90
2.97
2.98
3.83
2.88
3.81
3.83
3.91
3.80
3.64
3.90
3.64
3.48
3.41
3.38
3.20
3.63
3.44
3.42
3.54
3.27
3.52
3.05
2.93
2.78
2.66
2.93
3.55
3.83
3.20
3.03
3.55
3.05
2.85
3.49
3.15
3.22
2.95
3.10
4.01
3.37
3.74
2.89
3.23
3.36
3.23
3.17
3.26
3.86
3.37
3.52
3.95
3.70
4.32
3.92
3.77
3.37
3.37
3.43
3.88
3.32
3.54
3.67
3.56
3.56
3.36
3.57
3.18
3.39
3.24
2.98
3.27
3.79
3.89
3.38
3.51
3.10
3.82
3.81
3.52
3.47
3.65
3.65
3.38
3.46
3.81
3.43
3.88
3.13
3.04
3.24
3.27
3.13
3.42
3.50
3.43
3.21
3.52
3.70
3.31
3.41
3.23
3.78
3.66
3.87
3.82
4.16
4.05
3.88
3.88
3.65
3.65
3.45
3.85
4.01
3.91
3.76
3.62
3.64
3.50
3.75
3.77
3.55
3.51
3.88
3.84
3.77
3.80
3.91
3.16
3.58
3.46
3.35
3.58
3.82
3.78
3.76
3.73
3.77
3.41
3.43
3.72
3.47
3.73
3.63
3.80
3.68
3.38
3.47
3.69
3.72
3.12
3.17
3.83
3.48
3.84
3.73
3.64
4.18
3.78
4.12
4.22
4.13
4.56
3.76
3.79
3.76
3.90
4.11
4.16
4.34
4.22
4.17
4.08
3.82
3.85
3.90
3.80
4.15
3.82
3.75
3.47
4.03
3.70
3.45
3.50
2.90
2.97
2.55
2.79
2.45
2.76
2.77
2.46
2.69
3.24
2.87
2.67
3.08
3.21
3.21
3.03
2.93
3.06
2.93
3.25
2.99
3.16
3.13
3.46
3.82
3.46
3.28
3.49
3.45
3.88
3.64
3.20
2.97
3.55
3.92
3.43
3.81
3.31
3.49
3.59
3.43
3.56
3.58
3.77
3.79
3.16
3.13
3.22
3.83
3.53
3.23
3.72
3.05
3.60
3.71
3.29
3.67
3.43
3.10
3.33
3.54
3.79
3.54
3.85
3.91
3.79
4.01
3.62
3.91
3.66
3.71
3.56
3.80
3.92
3.86
3.82
3.98
3.88
3.78
3.81
4.08
3.86
3.87
3.69
3.84
4.04
3.45
3.85
3.87
3.79
3.18
3.16
3.18
3.29
3.08
3.21
3.15
3.32
3.32
3.87
3.30
3.77
3.82
3.77
3.09
3.27
3.26
3.14
2.96
3.15
2.91
2.85
3.31
3.45
3.11
3.20
3.21
3.75
3.24
3.87
3.77
3.49
3.20
3.43
3.15
3.41
3.43
3.86
3.74
3.25
3.55
3.54
3.00
3.27
3.51
3.45
3.76
3.49
3.31
4.07
3.72
3.26
3.58
3.99
3.68
3.61
3.40
3.67
3.37
3.42
3.40
3.34
2.88
2.96
2.65
3.34
2.86
3.31
3.33
3.32
3.16
3.38
3.94
3.79
3.40
3.60
3.61
3.90
3.30
3.37
3.26
3.12
2.99
3.78
2.79
2.83
3.62
3.44
3.23
3.34
3.81
3.96
3.47
3.19
3.10
3.19
3.26
3.71
3.22
3.19
2.97
3.11
3.26
3.26
3.53
3.35
3.77
3.10
3.26
3.29
3.16
3.70
3.64
3.50
3.19
3.29
3.01
2.96
3.30
3.31
3.48
3.43
3.56
3.32
3.49
3.30
3.27
3.58
3.81
3.28
3.11
3.31
3.31
3.14
3.12
3.35
3.25
3.29
3.16
3.24
3.27
3.28
3.34
3.33
3.27
3.28
3.27
3.43
3.34
3.38
3.55
3.33
3.23
2.59
3.30
3.20
3.53
2.98
3.09
2.98
3.50
3.57
3.37
3.57
3.48
3.62
3.39
3.55
3.44
3.37
3.34
3.10
3.59
3.45
3.45
3.23
3.81
4.01
3.45
3.40
3.33
3.15
3.17
3.55
2.44
3.63
2.95
3.31
3.17
3.51
3.31
3.54
3.62
3.55
3.79
3.66
3.62
3.58
3.64
4.15
3.71
3.81
3.92
3.86
3.44
3.89
4.00
3.65
3.65
3.89
3.69
3.78
3.62
3.59
3.09
3.64
3.93
3.61
3.61
3.64
3.43
2.79
2.92
2.89
2.95
3.01
3.70
2.82
3.30
3.11
2.85
3.20
3.14
3.46
3.08
2.57
3.15
3.81
3.69
3.62
2.84
3.00
3.51
2.82
2.30
2.87
2.48
2.73
2.89
3.28
3.50
3.15
3.68
3.24
3.02
2.96
3.71
3.55
3.35
3.40
3.61
3.72
3.69
3.61
3.23
3.94
3.75
3.65
4.01
3.70
3.59
3.72
3.63
3.61
3.31
3.54
3.42
3.47
3.38
3.85
3.90
3.99
4.08
3.91
3.93
3.80
3.72
4.02
3.91
3.98
3.84
3.22
3.50
3.83
3.62
3.78
4.22
4.38
4.04
3.90
3.91
3.60
3.17
2.80
2.50
3.42
