4.93
4.60
4.10
4.25
4.49
4.25
4.97
4.24
4.98
4.72
4.98
4.76
4.51
4.67
4.26
4.68
4.31
4.92
4.94
5.25
5.80
5.97
5.63
5.91
5.76
5.31
5.27
5.93
5.22
5.33
5.61
5.64
5.77
5.91
5.87
5.35
5.97
5.43
5.40
5.69
5.80
5.47
5.55
6.32
5.56
5.07
6.02
5.81
6.03
5.39
5.27
5.23
5.62
5.20
5.67
5.82
5.33
5.34
5.57
5.77
5.62
5.25
5.66
5.58
5.68
5.77
5.58
5.88
5.70
5.53
6.04
6.93
6.26
6.89
6.74
6.60
6.60
6.98
6.69
6.90
6.51
7.20
5.24
6.31
5.78
6.64
7.13
6.72
5.30
6.40
6.28
4.99
5.56
5.57
5.69
5.58
6.05
5.45
6.12
5.96
5.93
5.71
5.65
5.42
6.06
6.09
5.01
5.62
5.05
5.60
4.92
5.33
5.53
5.07
5.15
5.27
6.33
6.08
6.45
5.86
5.88
5.92
5.48
5.21
5.94
6.20
5.55
5.16
5.59
6.36
6.56
6.19
6.52
6.06
6.44
6.72
6.69
6.31
6.39
6.17
6.21
6.10
6.07
5.97
6.05
5.46
6.25
6.13
6.01
5.73
5.58
6.27
5.71
6.09
5.69
6.06
5.65
5.93
5.90
5.73
5.82
6.07
6.23
5.93
5.56
5.32
5.60
6.46
5.41
5.48
6.06
5.92
5.93
5.89
6.28
5.77
5.46
5.69
5.89
5.81
5.51
5.73
5.42
5.37
5.19
5.60
6.19
5.55
4.58
4.59
5.08
5.32
5.77
5.71
5.53
5.02
5.35
5.65
6.10
5.95
5.75
6.62
6.09
6.02
5.61
5.66
6.41
5.37
5.74
6.24
5.71
5.27
5.71
6.01
5.46
5.61
5.75
5.46
5.61
5.82
5.72
5.57
5.64
5.82
5.52
5.14
5.76
5.65
6.65
5.23
5.96
5.33
5.45
5.53
5.52
6.34
5.82
6.14
5.59
5.43
5.43
6.19
5.96
5.89
5.34
6.37
5.66
6.06
5.78
5.02
5.43
5.60
5.84
5.58
5.63
5.81
5.47
5.22
5.65
6.11
5.95
5.83
6.08
5.27
6.00
5.56
6.47
5.98
6.15
6.00
6.17
5.82
5.82
4.25
4.37
5.51
6.38
6.22
6.47
6.21
5.21
5.81
6.05
6.30
6.17
6.16
5.76
5.56
6.01
5.57
5.59
5.52
5.61
5.38
5.62
5.35
5.52
6.34
6.06
5.69
5.40
5.67
5.84
5.95
6.19
6.07
6.48
5.60
5.20
5.64
5.23
6.32
6.06
6.23
6.53
6.15
5.89
5.67
6.98
5.30
5.77
5.32
5.55
6.26
6.14
5.52
6.20
5.88
5.76
6.05
5.66
6.31
5.74
6.18
5.78
6.35
5.58
6.03
5.59
6.13
5.92
6.12
6.33
6.23
5.41
5.90
5.59
5.13
5.26
5.87
4.57
5.74
5.70
7.02
5.68
5.89
5.55
6.44
5.31
5.44
5.32
4.65
5.84
5.52
5.49
4.95
5.47
5.71
5.38
5.65
5.67
6.03
5.52
6.38
6.49
6.07
6.48
6.71
6.32
5.96
5.58
6.23
5.99
6.17
6.50
5.53
5.88
5.82
5.35
5.60
6.10
6.02
5.75
5.35
5.10
5.35
6.20
6.03
5.29
5.20
5.68
5.57
6.00
6.27
6.45
5.93
6.35
6.70
6.01
5.64
6.09
6.62
6.22
6.39
6.04
6.21
5.69
5.94
6.16
6.23
5.87
6.19
6.42
6.40
6.25
5.93
5.85
6.32
5.76
5.48
6.04
6.15
6.30
6.49
6.66
6.00
6.26
5.85
5.05
5.73
5.25
5.82
5.78
6.79
5.89
5.91
6.20
6.20
6.35
5.91
6.19
6.07
5.67
6.41
6.30
6.23
6.43
6.31
6.78
5.73
7.41
6.80
6.68
6.46
6.26
6.68
6.43
5.98
6.28
6.17
6.18
6.04
5.71
5.77
5.44
6.12
5.39
5.32
5.69
5.55
6.24
6.40
5.94
6.15
5.87
6.44
5.80
5.41
5.88
5.63
5.59
5.60
6.74
6.36
6.81
6.52
6.66
6.65
6.21
6.25
6.30
5.77
6.00
5.77
5.78
5.66
5.95
6.13
6.92
6.00
6.07
6.57
6.83
6.78
6.09
5.61
6.26
6.22
5.22
5.58
5.48
5.55
5.48
5.36
5.58
6.04
6.20
4.93
5.49
6.27
5.16
4.97
5.37
5.78
5.59
5.58
5.98
5.46
5.70
5.49
6.20
6.09
6.18
6.18
6.16
5.81
5.83
6.03
6.27
5.94
5.61
5.28
5.78
5.37
5.63
5.07
5.54
5.67
5.53
5.55
5.42
5.12
5.76
5.19
5.49
5.49
5.55
5.45
5.80
5.50
5.63
5.76
5.68
5.52
5.54
5.09
5.40
5.39
5.42
5.50
5.54
5.16
5.65
5.43
4.92
5.75
5.58
5.35
6.30
5.78
5.29
5.38
5.62
5.38
5.52
5.46
4.90
5.74
5.49
5.38
5.45
5.49
5.57
5.02
5.36
5.50
5.48
5.58
5.53
5.46
5.56
5.57
5.57
5.17
5.58
5.69
6.71
6.32
5.46
5.45
5.51
5.56
5.74
5.59
5.15
6.35
5.85
5.93
5.48
5.63
5.88
5.70
5.46
5.84
5.55
5.62
5.49
5.51
5.13
5.75
5.24
5.33
6.00
5.80
6.10
6.00
5.60
5.68
5.45
4.82
5.38
5.52
5.01
4.94
5.15
5.03
5.21
4.72
4.90
5.52
4.88
3.94
4.66
4.53
4.06
5.50
4.30
5.54
4.67
5.17
4.93
4.80
5.48
5.88
5.34
5.25
4.84
5.52
5.29
5.60
5.49
5.33
6.20
5.47
5.74
5.89
6.33
5.97
5.58
5.46
5.96
5.13
5.28
4.69
5.62
5.20
5.04
5.16
5.38
5.44
5.01
4.58
4.98
3.94
5.20
5.25
5.69
5.46
6.27
5.72
5.92
5.40
5.72
5.69
5.60
6.01
5.81
5.83
5.47
5.68
5.25
5.60
5.54
5.75
5.08
4.84
4.92
5.24
5.34
4.65
5.17
5.47
5.76
4.86
4.93
4.52
5.55
5.30
5.15
5.17
5.55
5.89
5.61
5.74
5.58
5.82
6.25
6.33
4.95
5.86
4.87
4.98
5.29
5.29
6.19
6.33
5.39
4.99
5.50
5.83
5.27
6.54
6.14
5.23
5.65
5.69
5.45
5.03
5.73
6.01
6.12
5.20
5.00
6.91
5.70
5.07
6.85
6.65
5.36
5.43
5.83
5.16
5.40
5.49
6.07
5.81
4.92
4.50
5.57
4.13
5.59
6.09
5.59
5.68
6.06
7.08
6.29
5.51
5.80
6.15
5.94
5.87
5.94
6.19
5.88
4.47
4.51
5.31
4.26
5.65
5.91
4.97
5.03
5.95
5.49
6.09
6.16
4.94
5.75
5.51
5.32
6.22
6.06
6.12
6.07
6.03
6.52
6.60
6.36
5.66
6.16
5.80
5.91
6.09
4.86
5.32
6.17
5.60
5.89
5.33
5.49
4.93
5.28
5.81
5.28
6.28
6.19
6.00
6.43
6.08
5.82
6.02
4.94
5.46
5.68
5.98
5.81
6.21
5.98
6.24
6.38
5.96
6.48
6.07
5.62
5.85
5.32
5.88
5.17
6.31
5.98
6.35
6.65
6.23
7.08
6.45
6.66
6.19
6.01
6.05
6.22
6.78
6.22
6.22
6.27
6.16
5.87
6.26
6.38
6.58
6.23
5.85
6.08
5.35
6.15
6.36
6.35
6.41
5.85
5.88
5.69
5.80
5.45
5.59
5.93
5.99
6.26
6.01
6.09
6.14
6.60
5.98
5.84
5.97
5.60
5.82
6.05
6.04
6.15
6.58
6.22
6.15
6.19
6.48
6.39
6.34
6.74
6.48
6.62
5.06
5.02
5.15
4.13
3.86
4.41
4.45
4.51
4.60
5.02
5.33
5.08
3.88
4.78
4.34
4.95
4.89
5.72
4.69
4.98
4.73
4.83
5.13
4.49
4.60
4.42
5.36
5.45
4.42
4.68
4.36
3.93
4.88
4.88
4.94
4.34
5.08
4.93
4.92
4.87
4.93
4.47
4.93
4.99
4.62
4.86
4.75
4.35
4.38
4.31
4.58
4.68
4.27
4.47
4.30
4.67
4.96
4.62
4.67
4.01
4.18
4.25
4.44
4.02
4.58
4.60
4.77
4.20
4.38
4.88
5.00
4.56
4.96
4.69
4.43
4.61
4.42
4.29
4.70
4.28
4.76
4.52
5.21
4.88
5.17
5.86
5.31
5.98
7.23
6.63
6.61
6.01
6.56
6.77
6.53
6.54
6.11
6.76
6.18
7.00
6.12
7.27
5.83
6.26
6.04
6.40
6.42
6.16
6.17
6.59
6.48
6.03
6.21
5.75
6.27
6.17
6.50
6.37
6.21
6.22
6.45
6.13
6.07
6.28
6.54
6.19
6.04
6.45
6.37
6.86
5.91
6.16
6.94
6.03
6.42
6.88
6.75
7.08
6.57
5.91
7.08
6.24
6.85
6.28
6.80
6.21
6.66
6.40
6.41
6.24
6.43
6.48
6.46
7.13
6.80
6.69
7.55
7.31
6.74
6.95
7.17
6.76
7.53
7.05
7.14
6.94
6.88
6.76
7.30
7.16
7.78
7.06
7.37
6.85
7.12
7.29
6.38
7.82
7.06
6.94
7.05
6.90
6.41
7.19
7.14
7.00
6.45
6.54
7.05
6.53
7.23
7.21
7.26
6.68
7.10
6.43
6.46
6.90
6.88
6.83
5.82
6.69
6.78
5.64
6.13
7.12
6.83
6.46
6.33
6.35
6.33
7.14
6.10
6.36
6.38
6.36
6.35
6.38
6.95
7.50
6.96
6.32
6.99
6.60
6.81
7.08
7.10
6.52
6.57
7.52
6.53
7.29
6.92
6.59
7.58
6.63
7.04
6.43
6.31
6.65
5.94
6.01
6.20
5.56
5.59
6.22
5.96
6.33
5.83
5.47
5.12
5.76
6.01
5.85
5.88
5.66
5.59
5.99
6.31
5.32
5.65
5.83
5.66
5.90
5.20
6.44
6.70
6.22
6.05
5.68
6.18
6.57
6.43
7.02
6.81
7.25
6.82
6.68
6.89
6.67
6.59
6.62
6.99
7.01
6.54
6.20
5.88
6.36
6.33
6.47
6.31
6.41
5.83
6.09
6.76
6.41
5.71
5.80
5.44
6.31
6.67
6.36
6.60
6.21
6.65
6.61
6.97
6.66
6.85
6.63
6.76
6.60
6.55
6.61
6.92
6.93
6.55
7.06
6.65
7.22
6.25
6.46
5.95
6.30
7.19
7.25
7.45
7.76
7.21
7.37
6.80
7.40
6.22
5.94
6.07
6.35
7.74
7.04
7.37
6.79
7.39
7.09
7.14
6.78
6.75
6.33
5.43
6.54
6.86
7.40
7.51
6.34
7.52
7.01
5.86
6.72
6.36
6.01
6.14
6.47
6.89
7.16
6.79
6.79
6.79
6.70
6.89
6.55
6.50
6.65
7.07
6.95
7.66
7.46
6.57
6.73
6.71
6.71
6.39
6.62
6.65
6.62
6.09
6.41
6.51
5.93
5.86
6.35
6.09
6.25
5.95
6.09
6.22
6.28
6.69
6.44
6.57
6.54
6.69
5.99
6.18
6.24
5.30
5.13
4.69
5.02
5.62
5.76
5.84
4.43
5.85
5.98
5.22
5.15
5.18
5.81
5.16
5.55
5.22
5.76
5.41
4.93
4.38
5.71
4.41
4.70
5.84
5.78
5.12
5.36
4.64
4.99
5.77
5.34
4.99
5.42
4.95
5.35
4.81
5.40
5.57
5.61
5.16
5.55
5.25
4.94
5.01
5.20
4.88
4.69
5.06
4.80
4.60
5.44
5.71
5.29
5.60
5.56
5.88
4.83
5.92
5.74
5.58
5.43
5.29
5.38
5.44
5.70
5.42
4.92
4.82
5.61
5.33
5.20
5.16
4.47
4.18
4.42
4.22
4.41
4.37
4.40
4.84
4.19
5.00
4.50
4.34
4.53
4.99
5.15
4.30
4.30
4.49
4.44
4.19
4.47
4.38
4.73
4.51
4.56
4.94
4.47
4.54
4.65
4.22
4.90
4.63
4.20
4.90
4.72
4.67
4.67
4.44
4.57
4.03
4.31
4.22
4.68
5.30
4.24
4.95
4.67
4.41
4.81
4.93
4.34
4.22
4.70
4.28
4.30
4.18
4.54
4.25
4.18
4.12
4.32
4.60
4.36
3.91
4.01
3.77
4.27
3.83
4.15
4.28
4.46
4.90
4.61
5.21
4.04
4.31
3.94
4.22
4.11
4.41
4.72
4.41
4.38
4.31
4.23
4.76
4.57
5.00
5.01
5.25
4.89
4.96
4.52
4.74
4.98
4.89
5.58
5.18
5.14
4.90
4.70
4.97
4.67
6.22
4.89
5.43
5.25
5.16
5.41
4.79
6.03
4.89
4.97
5.01
5.11
4.17
5.02
4.35
4.76
4.33
4.45
3.94
4.70
4.65
4.71
4.21
4.52
4.77
4.53
4.69
4.37
4.36
4.19
4.17
4.11
4.26
4.34
4.84
4.04
4.50
4.15
4.22
4.16
4.31
3.86
4.60
3.60
3.73
3.91
3.91
4.21
4.30
4.50
5.09
5.32
4.61
3.98
4.81
4.48
4.57
4.30
4.47
4.93
4.40
3.91
4.58
4.19
4.30
4.33
4.71
4.40
4.52
4.12
5.62
5.81
5.44
5.90
5.37
4.55
5.19
5.28
6.27
5.40
5.95
4.47
4.87
5.66
5.95
5.99
6.10
6.33
6.55
5.78
5.77
6.34
5.76
5.87
6.03
4.95
5.89
5.46
6.33
5.78
5.93
5.82
5.70
5.54
6.53
5.89
6.08
5.59
5.54
5.60
4.90
4.95
5.27
5.71
5.43
4.76
5.42
5.47
5.83
5.97
4.89
5.96
6.15
4.43
4.52
5.01
6.54
5.86
5.37
5.58
5.58
5.54
6.38
6.22
6.36
5.93
6.32
6.24
6.16
5.88
5.75
5.69
5.60
5.61
5.79
6.56
6.07
5.60
5.79
6.09
5.51
6.54
6.01
5.88
6.06
5.21
5.74
6.78
5.53
5.23
5.31
6.68
6.16
5.24
5.04
5.22
5.03
5.86
5.18
4.12
4.71
4.48
4.81
4.86
4.30
4.50
5.49
4.82
5.20
4.77
5.23
4.86
4.65
4.08
5.76
5.59
4.85
5.34
5.69
5.34
5.42
5.68
5.58
6.19
5.62
6.23
6.19
5.33
5.99
5.93
6.20
6.02
5.12
5.74
5.64
6.03
5.81
5.40
5.22
5.69
5.47
5.16
5.11
5.30
5.48
6.15
6.15
5.87
5.92
5.51
5.47
5.86
5.41
5.46
5.70
5.73
5.26
5.97
5.52
6.05
6.12
5.21
5.59
6.07
5.54
5.75
6.09
6.23
5.98
5.55
5.92
5.67
6.27
5.64
6.26
6.22
5.71
5.99
5.66
5.75
5.83
6.09
6.13
5.74
5.64
5.16
6.50
6.48
6.10
6.09
5.81
6.03
5.84
6.06
6.23
6.01
6.16
5.79
5.52
5.28
5.54
5.28
5.72
6.02
6.41
6.13
6.44
5.97
6.04
6.26
6.18
6.30
6.36
5.91
6.12
5.62
5.93
6.15
6.58
6.18
5.33
6.05
6.30
5.99
6.11
5.99
6.27
5.81
6.40
6.40
5.59
5.77
6.12
6.16
6.41
5.61
6.36
5.10
5.84
5.63
5.86
6.10
5.91
6.10
5.97
5.98
6.30
6.03
6.62
6.22
6.28
5.94
6.09
5.70
6.28
5.87
6.36
5.99
6.19
5.54
5.73
5.55
4.78
4.77
4.95
5.63
5.21
5.99
5.72
6.35
5.65
6.16
6.38
6.75
6.23
5.29
5.88
6.57
5.92
5.64
5.64
4.78
5.23
5.28
5.53
5.66
5.04
5.31
5.05
4.62
5.31
5.07
6.50
6.12
6.04
6.44
5.81
6.41
6.27
6.38
5.85
5.56
5.05
5.80
5.85
6.05
5.94
6.00
5.85
6.37
5.38
6.00
5.87
6.15
5.59
5.95
6.02
6.03
6.00
5.93
6.37
6.09
6.40
5.58
5.86
5.53
6.34
5.91
5.63
5.75
6.07
5.83
5.95
5.91
5.63
5.86
6.14
5.65
6.07
5.92
5.21
7.09
6.08
6.13
5.46
5.75
6.92
5.95
6.25
5.83
6.69
6.14
7.08
7.21
6.59
6.49
6.50
6.09
6.22
6.09
5.94
6.07
5.65
5.23
4.79
5.51
6.41
5.99
5.62
6.08
6.17
5.56
6.28
6.29
6.38
6.38
6.13
6.37
5.94
5.78
6.19
4.97
5.77
6.12
5.85
5.23
6.38
6.51
6.20
5.71
6.29
6.41
5.95
6.59
5.58
5.36
5.38
4.92
5.37
6.02
5.57
5.40
5.26
4.86
5.25
4.97
5.40
5.32
5.28
5.06
5.30
4.93
4.86
4.80
5.31
4.79
4.50
5.52
5.75
5.40
5.23
5.44
4.99
5.37
5.35
4.60
4.75
4.77
4.71
4.64
5.21
5.43
4.94
5.53
5.37
5.03
5.13
4.99
5.34
5.52
5.00
5.77
4.94
5.54
5.19
4.89
5.12
5.20
5.30
5.05
5.38
4.77
5.03
4.61
5.23
5.51
4.99
5.10
4.98
5.75
5.46
4.31
4.18
4.61
4.46
5.02
5.52
5.49
5.51
5.67
5.92
4.91
5.39
4.84
5.29
5.42
4.47
4.36
4.54
4.96
5.09
4.99
4.51
5.62
5.75
5.84
5.67
6.08
5.36
6.36
6.02
6.10
5.27
6.45
5.97
6.32
6.45
5.91
6.31
6.41
6.32
6.67
6.28
6.63
5.71
5.95
6.01
5.89
6.32
5.64
6.17
6.13
6.12
5.58
6.19
5.55
5.66
5.98
5.40
5.84
5.71
5.97
6.20
5.81
5.70
6.06
5.74
6.02
5.32
5.59
5.36
5.01
5.82
4.84
4.46
3.98
5.42
5.03
4.85
4.04
4.94
4.49
4.86
4.97
4.50
4.88
4.69
5.10
4.74
5.15
5.39
4.43
4.99
4.90
4.82
5.15
4.99
5.22
4.80
5.42
5.61
5.63
6.35
5.77
5.69
5.72
6.03
5.76
6.22
5.55
5.77
5.54
5.09
6.77
6.70
5.93
4.93
6.29
6.63
6.38
6.89
6.45
6.31
6.68
6.47
6.57
6.71
6.50
6.49
6.35
5.82
6.44
6.21
6.06
6.11
5.56
6.24
6.47
6.64
6.25
5.44
6.29
5.93
5.65
6.43
5.38
6.04
6.81
5.84
5.88
6.03
5.84
5.61
5.77
5.86
5.73
6.00
5.63
5.75
5.83
5.17
6.70
5.17
5.60
6.30
5.86
6.02
6.44
6.68
6.07
5.88
5.96
6.19
6.17
5.80
5.89
6.16
5.19
6.07
6.19
6.18
6.28
5.83
5.89
5.65
6.12
5.79
6.25
6.12
6.54
6.57
5.47
6.14
5.68
5.18
4.62
5.91
5.83
6.34
6.57
6.09
6.31
5.85
6.00
6.10
6.78
5.97
6.00
5.94
5.83
5.81
5.35
6.00
5.75
5.92
6.00
6.16
6.31
5.80
6.36
6.27
6.19
5.99
6.10
6.04
6.13
6.39
5.62
4.97
5.44
6.76
5.66
6.34
6.42
6.41
5.90
6.58
6.29
6.69
5.73
5.70
5.61
6.70
6.84
6.44
5.44
5.12
4.89
5.20
5.89
5.61
6.00
6.12
6.71
6.19
6.22
6.13
5.79
5.67
6.10
5.94
6.09
6.13
6.34
5.93
5.50
6.03
5.72
5.58
6.12
6.17
5.85
6.28
6.03
5.80
6.65
6.16
6.32
5.48
5.67
5.82
4.83
5.56
5.95
5.49
5.85
5.47
6.02
5.65
5.54
5.97
6.46
5.78
6.02
6.07
5.57
5.47
6.17
5.37
5.95
5.96
6.05
6.61
5.81
5.73
6.13
6.25
6.25
6.00
6.11
6.25
6.26
6.25
6.56
6.36
6.28
6.08
5.62
6.40
6.76
6.40
6.31
6.30
6.36
5.84
4.97
4.83
5.00
4.50
5.37
5.23
5.61
4.78
5.44
4.81
4.83
4.82
4.78
4.65
4.53
4.46
5.54
5.34
5.85
4.66
5.02
5.02
5.20
5.29
4.68
4.72
5.85
6.14
5.76
6.38
6.39
6.20
6.04
5.98
6.61
5.94
6.17
5.94
6.74
5.69
5.86
6.56
6.40
6.08
6.31
6.52
6.12
6.11
6.18
5.57
6.18
6.02
5.49
5.89
6.28
6.32
5.90
6.23
5.75
5.67
6.43
5.92
6.18
6.17
6.16
6.10
5.50
5.76
6.24
6.12
6.11
5.66
6.01
5.57
5.92
5.74
5.25
6.17
5.87
5.63
6.13
6.57
5.96
6.22
5.59
5.85
6.00
5.50
6.23
5.75
5.86
5.88
5.72
6.38
5.70
6.42
6.24
6.76
5.88
5.81
5.54
6.53
5.73
6.14
5.95
5.46
5.49
6.04
4.89
4.87
4.68
5.44
5.43
5.68
5.77
6.01
5.71
6.09
6.08
6.37
5.49
6.10
6.24
6.30
6.28
6.09
6.67
6.05
6.15
5.81
5.82
6.33
6.60
6.29
6.08
6.16
6.35
5.46
6.93
5.91
6.40
5.60
6.20
6.20
6.09
6.33
6.37
5.95
6.36
6.29
5.87
6.50
6.64
6.45
6.70
6.29
6.01
5.96
6.18
6.12
5.97
6.02
6.12
5.56
5.51
5.83
5.98
5.37
6.18
6.23
6.06
5.44
5.73
5.58
6.45
6.21
6.28
5.86
5.56
5.74
5.90
5.73
6.16
6.29
6.11
4.97
5.95
5.88
5.47
5.31
6.02
5.64
5.36
5.34
5.63
5.87
5.60
6.18
6.12
5.87
6.17
5.72
5.20
5.85
5.54
6.02
6.19
6.29
5.91
5.17
5.27
5.90
5.37
5.60
6.02
5.74
6.21
6.08
5.84
5.67
5.97
6.12
6.19
5.86
5.97
5.87
6.22
5.61
5.81
6.19
6.08
5.69
5.82
5.63
5.51
5.17
6.09
6.58
6.16
6.26
5.87
5.68
5.87
5.72
6.07
5.74
6.30
5.77
6.34
6.47
6.16
6.03
5.84
5.78
6.01
6.06
6.12
5.86
5.23
4.90
5.08
4.97
4.70
4.83
6.32
6.18
6.02
6.36
6.24
6.25
5.87
6.06
6.21
6.29
6.82
6.55
6.51
6.48
5.97
5.85
6.11
6.19
5.80
6.33
6.28
6.39
6.06
6.15
5.64
6.19
5.93
5.83
5.67
6.03
6.53
5.77
6.02
6.06
4.71
4.86
6.05
6.00
6.11
6.03
5.97
7.11
5.93
6.25
6.70
6.00
5.50
5.23
6.13
5.71
5.26
4.54
4.40
5.70
5.55
5.74
5.88
5.53
5.70
5.31
5.42
6.11
5.89
5.22
5.31
5.84
5.36
5.83
5.09
5.26
5.30
5.17
5.74
4.77
5.10
5.77
4.46
4.50
4.78
5.58
4.67
4.21
5.47
5.60
5.51
5.50
5.42
5.44
5.62
5.41
5.32
5.56
5.69
6.05
5.69
6.00
5.97
6.30
6.03
6.00
5.97
5.71
6.42
6.04
6.13
6.23
6.35
5.67
5.98
5.70
6.11
6.02
5.95
6.59
6.06
5.99
5.72
5.90
6.45
6.10
5.77
6.38
6.44
6.11
4.59
4.75
4.62
4.81
4.94
4.82
4.70
4.53
4.50
4.18
4.21
4.45
4.87
4.36
4.63
5.04
4.27
4.66
4.48
4.47
4.11
4.02
4.94
4.28
4.42
5.45
4.95
4.84
4.30
4.42
4.76
4.62
4.45
4.60
5.18
5.95
6.00
5.06
5.36
6.24
5.99
5.90
5.74
5.87
5.24
5.70
5.78
5.24
6.11
5.50
5.41
4.61
5.49
4.28
4.75
4.83
4.66
5.48
5.48
4.96
4.49
4.49
5.04
5.02
4.29
4.54
4.51
4.40
4.68
4.66
4.25
3.97
4.25
4.25
4.37
4.60
3.87
3.63
3.58
4.33
4.27
5.07
4.83
4.67
4.56
4.43
4.62
5.11
4.36
4.75
4.18
4.71
4.86
5.12
4.58
4.55
4.83
5.01
4.74
4.96
5.40
5.88
5.12
4.19
4.48
5.46
4.60
4.33
4.63
4.84
4.18
4.48
4.45
4.32
4.33
4.89
4.90
4.29
4.34
4.83
4.47
4.66
4.81
4.26
4.29
4.64
5.51
5.76
5.50
6.71
5.99
5.72
5.92
5.82
6.07
5.87
6.24
6.07
6.32
5.59
5.74
6.06
6.12
5.92
6.03
5.94
6.09
5.73
5.50
5.55
5.73
5.87
5.07
5.64
6.05
5.10
6.32
6.53
6.12
5.71
5.56
5.04
6.16
5.78
5.61
5.58
6.09
5.96
5.79
5.62
5.57
6.04
5.85
5.63
5.91
5.95
5.61
6.09
5.55
6.19
5.43
5.26
5.71
6.09
5.89
5.87
6.07
5.35
6.05
5.92
5.44
5.65
5.07
5.60
6.36
6.26
6.17
5.97
5.99
5.85
5.69
5.89
5.74
6.21
6.31
5.43
6.22
5.51
5.73
6.18
5.81
5.80
5.94
6.07
5.96
5.85
5.99
5.56
5.57
5.36
5.52
5.39
4.98
5.82
4.69
4.52
4.77
5.09
5.26
5.20
5.20
5.37
5.33
5.20
4.77
5.37
5.16
5.36
5.20
6.10
5.43
6.32
5.26
5.63
5.25
5.31
6.12
5.58
5.83
6.12
5.65
5.78
5.24
5.03
5.79
4.56
5.24
5.31
5.61
5.59
4.33
4.49
5.27
4.99
5.61
5.61
5.36
4.88
5.87
6.30
5.42
4.62
5.01
5.58
5.80
5.79
5.99
6.27
6.39
6.31
5.76
6.16
5.97
5.95
6.31
5.85
6.00
5.97
6.01
6.09
6.40
5.92
5.61
6.01
6.11
5.38
5.10
6.15
5.05
4.30
4.54
4.98
5.23
5.13
5.50
5.90
5.44
5.82
5.09
5.39
5.80
5.67
5.83
6.12
5.73
6.30
6.35
6.05
6.01
5.61
6.05
5.77
5.71
5.30
5.13
5.77
5.98
6.06
5.94
6.02
6.27
6.00
5.91
5.70
6.13
5.71
6.33
6.08
5.65
6.12
5.16
5.91
5.69
5.24
6.04
5.85
5.61
5.43
5.79
5.55
5.60
5.31
5.55
5.69
6.10
5.62
5.25
5.50
5.46
5.18
5.42
5.76
5.58
5.64
5.95
5.39
5.40
5.95
5.94
5.55
5.45
5.33
6.71
6.05
4.73
5.49
5.38
5.74
6.24
6.21
5.88
5.61
5.22
5.85
5.98
5.71
6.33
6.11
5.61
6.07
5.51
6.01
6.09
6.15
6.77
5.92
6.08
6.08
5.98
5.85
5.69
5.95
6.13
6.02
5.71
5.59
5.22
5.73
5.27
5.34
5.85
6.09
6.07
5.47
6.00
6.32
5.56
6.11
5.88
5.80
6.17
5.18
6.35
5.85
5.99
6.04
6.34
6.26
6.05
6.04
5.39
6.62
5.91
6.15
6.57
6.30
5.95
5.73
6.03
6.32
6.20
6.31
6.37
6.45
5.61
6.02
6.32
6.22
6.24
6.68
6.45
6.24
6.71
6.78
6.55
6.34
6.02
6.52
6.55
6.54
6.48
6.20
6.03
5.94
6.13
5.81
6.29
6.17
6.31
5.96
6.67
6.23
6.14
5.56
5.54
6.15
5.75
5.98
6.07
5.81
5.79
6.91
6.83
6.90
6.99
6.42
6.93
6.17
6.27
6.27
6.11
6.64
6.79
6.26
6.90
6.99
7.05
6.68
6.62
6.18
6.39
6.60
6.06
6.13
6.65
6.20
6.90
5.82
5.93
6.58
6.80
6.81
6.42
6.87
6.89
6.81
6.34
7.54
6.23
6.52
7.23
6.60
7.14
7.52
7.46
6.90
7.31
7.23
6.82
6.99
7.31
7.09
6.97
7.30
7.22
7.07
7.81
7.54
7.49
7.00
6.98
7.36
7.38
7.41
7.46
7.56
7.18
7.31
7.83
7.73
7.47
7.54
7.16
7.31
7.33
7.27
7.40
7.94
7.51
7.11
6.80
6.71
7.57
7.48
7.63
7.57
7.82
7.18
7.32
7.15
7.49
7.56
7.33
6.87
7.61
7.28
7.25
6.95
7.14
7.26
7.24
7.65
6.89
7.37
7.56
6.18
6.14
6.99
6.79
6.80
7.19
7.01
7.44
6.86
7.47
6.70
7.31
7.59
7.58
7.74
7.38
7.58
7.45
7.60
7.27
7.00
6.48
6.91
7.01
6.93
6.96
6.84
6.94
6.95
6.99
7.47
7.16
6.93
7.00
6.87
7.23
7.24
7.02
6.77
6.88
7.83
7.26
7.06
6.98
7.27
7.14
7.62
6.81
7.59
6.89
7.53
7.30
7.44
6.86
7.03
7.22
6.69
5.88
7.56
7.43
7.72
6.90
6.84
6.77
6.36
6.36
6.26
6.58
6.78
6.89
6.17
6.36
6.31
6.25
7.35
6.55
6.51
5.83
5.97
6.04
5.86
5.81
6.12
5.90
5.74
6.16
5.58
6.36
6.23
6.40
5.81
6.22
6.54
6.21
6.14
5.91
6.35
6.29
5.98
6.08
6.20
5.96
6.23
6.03
6.11
6.32
6.02
5.80
6.11
5.69
5.88
6.36
5.88
5.95
6.09
6.02
6.17
6.24
5.58
5.71
5.83
5.53
5.68
5.84
5.51
5.66
5.82
5.74
5.87
6.10
5.72
5.83
5.87
6.22
5.55
5.94
6.19
5.89
5.34
6.33
5.76
5.72
5.77
5.37
5.76
5.45
5.89
7.03
6.27
6.19
6.29
5.66
5.96
6.03
5.72
5.93
5.53
6.48
5.65
5.42
5.66
5.90
6.38
5.90
6.38
5.28
5.74
6.20
6.62
6.11
5.96
5.99
5.90
5.90
5.89
5.96
6.03
5.88
5.62
6.28
5.41
6.16
5.82
6.11
6.09
6.07
5.92
5.64
5.59
5.80
6.07
5.81
5.93
5.83
6.27
6.46
5.87
6.54
6.61
6.07
5.34
6.05
5.50
5.68
5.53
5.25
5.71
5.95
6.13
6.62
5.54
5.34
6.39
6.20
5.96
5.75
5.93
5.89
4.69
6.32
6.27
5.65
5.50
5.60
5.59
5.79
5.96
5.77
5.50
5.58
6.04
6.16
6.13
5.87
5.90
5.37
5.68
4.92
5.50
5.46
6.00
5.77
5.70
6.10
5.53
5.84
6.00
6.14
5.37
5.85
5.44
5.56
5.84
5.67
6.00
5.88
5.69
5.66
6.31
6.06
5.65
5.76
6.13
6.06
5.60
5.98
6.70
6.04
6.11
5.89
5.76
5.59
5.76
5.72
5.49
5.36
5.41
5.57
5.99
5.62
6.27
6.42
6.07
6.25
6.46
6.15
6.40
5.55
5.06
6.10
5.86
5.86
5.44
5.60
5.66
6.37
6.09
6.61
6.04
5.90
6.04
6.21
6.20
6.41
6.05
6.52
5.70
5.77
5.85
5.73
6.11
6.42
5.95
6.41
6.29
6.40
6.32
6.03
6.27
6.25
6.72
6.86
6.49
6.64
6.08
6.67
6.65
6.37
6.48
6.60
7.27
7.53
7.47
6.13
6.74
6.77
7.02
6.20
6.65
6.47
6.26
6.11
6.41
6.42
6.48
6.70
6.38
6.82
6.92
6.83
6.44
6.75
6.69
6.02
6.39
6.41
6.74
6.16
6.38
6.04
6.24
6.14
6.15
5.65
6.58
6.23
5.28
6.60
5.97
5.93
6.07
6.11
6.33
6.05
5.79
5.61
5.52
5.61
5.79
6.32
6.05
6.64
5.93
5.51
6.32
5.76
5.89
5.72
5.70
5.78
5.92
5.98
6.11
5.98
5.89
5.90
5.84
5.27
6.51
6.20
5.48
5.60
6.54
5.52
5.87
6.34
6.54
6.66
6.27
6.28
6.28
6.18
6.36
6.10
6.10
6.00
6.30
6.66
6.58
5.09
4.99
4.29
5.13
4.36
4.92
4.86
4.34
3.65
4.36
6.01
5.66
5.89
4.51
5.81
6.16
5.86
6.23
6.39
6.27
5.78
6.31
6.32
6.27
6.63
6.33
6.26
6.37
6.13
6.06
6.18
5.94
6.53
6.57
6.52
6.40
6.50
6.11
5.44
6.21
6.20
6.08
6.38
6.19
5.96
5.89
6.39
6.25
5.81
6.82
6.11
6.55
6.18
6.46
5.89
6.70
6.27
5.99
5.82
6.47
6.16
6.32
6.51
6.45
6.66
6.41
6.30
6.49
6.10
6.39
6.08
6.16
6.33
6.29
5.93
6.40
6.18
6.28
6.38
6.28
6.22
6.07
6.00
6.11
6.40
6.63
6.56
6.56
6.72
5.64
6.07
5.96
5.82
6.01
6.02
6.34
6.22
6.15
5.99
6.29
6.28
6.28
5.80
5.77
6.21
6.66
5.78
6.66
6.29
6.18
6.23
6.79
6.67
6.19
6.14
6.13
5.86
5.93
5.50
6.07
6.17
6.16
6.20
5.79
5.98
6.64
6.19
6.04
6.84
7.17
6.99
6.04
6.49
6.62
6.47
6.49
6.34
6.57
6.49
7.48
6.33
6.22
7.36
6.67
6.27
6.66
5.06
4.92
4.75
4.79
4.95
4.83
5.57
5.37
4.91
5.40
5.41
4.91
5.09
5.26
5.27
4.41
4.87
5.13
4.89
4.72
4.87
4.53
5.09
5.36
4.83
4.52
5.05
5.23
4.86
4.90
4.97
4.64
6.05
4.80
4.81
4.81
5.28
4.84
4.68
5.24
4.65
5.24
4.80
4.64
4.79
5.01
5.27
4.76
5.31
5.13
5.31
5.61
5.47
5.12
4.38
5.23
4.12
5.33
5.24
5.19
4.75
5.36
5.76
4.94
5.77
5.04
5.46
4.97
4.34
4.74
4.12
4.37
4.76
4.68
4.39
4.48
4.31
5.16
4.73
4.41
4.12
5.32
4.62
4.67
4.18
4.61
4.71
4.47
4.73
4.88
5.26
4.80
4.37
4.47
4.74
4.12
4.86
5.54
4.51
4.89
4.70
4.36
5.22
5.03
4.20
4.65
4.84
4.58
4.40
4.29
4.67
4.71
4.65
4.34
4.22
4.33
4.62
4.37
4.60
4.71
5.06
4.41
4.54
4.81
4.28
4.32
4.79
5.11
4.36
4.60
4.70
4.18
4.62
4.62
5.06
5.85
4.39
4.93
4.50
4.60
4.37
4.96
4.41
4.42
4.63
4.11
4.76
4.56
4.59
4.97
4.87
4.50
4.31
4.47
4.63
4.71
4.04
4.83
5.08
4.86
5.18
4.21
4.73
5.05
4.63
5.74
5.34
5.59
4.59
5.47
4.67
5.05
5.51
5.32
5.65
5.65
5.94
5.34
5.52
6.03
5.65
6.28
6.45
6.12
6.23
5.79
5.51
4.85
5.97
6.43
4.38
4.88
4.65
5.03
5.25
5.82
5.91
5.65
5.67
6.34
4.92
5.27
5.98
6.58
6.25
6.00
5.11
5.41
5.64
5.41
5.56
4.99
5.11
5.50
5.35
5.25
5.83
5.72
6.25
5.93
5.03
5.41
5.24
5.09
4.68
5.17
4.71
5.75
5.82
6.31
5.90
5.12
5.77
5.55
5.66
4.99
5.67
6.05
6.03
6.59
6.10
6.46
5.55
6.37
6.36
6.49
5.96
5.68
6.18
6.26
5.75
5.81
5.59
6.06
5.61
5.50
6.03
6.11
6.16
6.44
6.31
4.86
6.41
5.95
6.13
6.79
6.34
6.14
6.09
5.65
6.16
5.95
6.14
5.83
6.62
6.16
6.52
6.31
6.05
5.66
6.38
6.29
6.71
5.65
6.24
6.03
6.07
5.87
6.02
6.15
5.83
5.79
6.10
5.28
5.98
4.88
6.05
6.06
6.06
6.15
5.79
5.02
4.16
4.92
4.58
4.28
5.06
5.54
5.37
5.81
5.51
6.61
6.01
5.41
4.72
6.70
6.51
5.99
6.44
5.17
5.57
6.00
6.19
6.07
4.81
5.33
5.33
5.64
6.36
5.35
5.43
6.19
6.13
6.02
5.98
5.60
5.87
6.36
5.99
6.19
5.98
6.09
6.45
7.06
6.14
6.48
6.58
5.67
5.58
6.46
5.57
6.15
6.19
5.74
6.26
5.93
6.15
6.32
5.95
5.89
5.35
5.63
4.81
6.06
6.27
6.58
6.39
5.60
6.51
5.41
5.83
5.54
5.36
5.41
5.36
6.48
5.91
5.58
6.08
6.39
6.40
6.34
6.52
6.49
6.32
6.32
6.54
6.00
6.07
6.46
6.55
6.10
5.50
6.23
5.00
5.52
5.83
6.00
5.66
6.06
5.29
6.35
5.88
5.88
5.81
5.55
5.06
5.31
5.70
5.35
4.77
5.26
4.63
6.22
5.89
6.19
6.42
6.37
6.29
6.42
6.32
6.39
6.49
5.57
6.44
6.42
5.75
5.40
5.11
5.35
5.22
5.66
5.76
5.59
5.18
5.26
5.02
5.59
5.33
5.20
5.00
4.85
5.15
5.19
5.09
5.48
5.23
5.81
5.19
5.59
5.19
5.23
5.20
4.65
5.54
5.41
5.08
5.34
5.28
5.54
5.60
5.64
5.09
5.38
5.66
5.80
4.85
5.52
5.73
5.61
5.93
5.65
5.61
5.56
5.86
5.34
6.59
7.04
6.86
6.51
5.95
7.20
5.84
6.58
7.10
5.10
5.33
5.13
5.81
5.57
5.46
5.09
5.25
5.04
5.92
5.71
6.07
5.28
5.43
5.02
5.34
5.79
5.40
5.79
5.60
5.06
6.08
5.53
5.61
5.60
5.68
5.59
5.55
5.98
5.87
5.68
5.54
5.92
5.66
5.58
6.03
5.54
5.51
5.38
6.12
5.56
5.80
6.32
6.14
5.72
5.20
5.90
5.63
5.52
4.76
5.69
6.10
5.53
5.98
5.79
5.62
5.38
5.65
5.92
5.75
6.21
5.56
5.78
5.50
5.87
5.80
5.91
5.65
5.19
5.29
5.58
5.27
5.40
5.39
5.25
5.39
6.19
5.45
5.51
5.38
5.52
5.69
5.48
5.45
5.62
5.36
5.74
6.07
5.50
5.84
5.57
5.80
5.80
5.67
5.66
5.49
5.47
5.86
5.93
5.67
5.74
5.78
6.32
5.31
5.31
5.79
5.95
5.60
4.82
5.85
5.37
5.19
5.21
5.30
5.78
