3.42
3.30
3.11
3.44
3.12
3.10
2.90
2.61
3.42
3.80
3.71
3.41
3.70
3.44
3.85
3.96
3.99
3.86
3.94
3.35
3.40
3.81
3.62
3.89
3.70
3.87
3.51
3.51
3.42
3.40
3.51
3.57
3.52
3.63
3.54
3.57
3.97
3.51
3.64
3.47
3.66
3.73
3.82
3.68
3.66
3.90
3.69
4.02
3.59
3.84
3.68
3.68
3.71
3.93
3.56
3.55
3.47
3.69
3.54
3.70
3.86
3.59
3.71
3.59
3.52
3.62
3.87
3.61
3.75
3.59
3.74
3.63
3.64
3.66
3.59
3.75
3.88
3.62
3.63
3.75
3.89
3.64
3.62
3.68
3.69
3.74
3.57
3.59
3.51
3.70
3.98
3.82
3.29
3.50
3.53
3.51
3.79
3.50
3.65
3.42
3.43
3.55
3.48
3.63
3.68
3.57
3.55
3.46
3.55
3.81
3.70
3.63
3.77
3.84
3.89
3.75
3.51
3.56
3.49
3.68
3.54
3.69
3.86
3.50
3.63
3.79
3.58
3.83
3.72
3.85
3.79
3.77
3.53
3.68
3.40
3.83
3.79
3.40
3.67
3.45
3.64
3.85
3.52
3.65
3.71
3.69
3.43
3.57
3.58
3.91
3.51
3.76
3.46
3.24
3.74
3.35
3.74
3.47
3.61
3.65
3.57
3.46
3.55
3.61
3.61
3.80
3.87
3.65
3.56
3.50
3.34
3.59
3.94
3.44
3.40
4.00
3.51
3.59
3.53
3.77
3.55
3.44
3.46
3.25
3.48
3.54
3.58
3.52
3.58
3.84
3.87
3.80
3.95
3.58
3.74
3.52
3.60
3.78
3.37
3.65
3.39
3.44
3.73
3.83
3.55
3.52
3.74
3.79
3.75
3.36
3.77
3.80
3.44
3.60
3.75
3.71
3.72
3.55
3.85
3.49
3.71
3.44
3.49
3.69
3.52
3.62
3.69
3.57
3.83
3.54
3.85
3.56
3.67
3.58
3.60
3.85
3.55
4.10
3.68
3.63
3.37
3.50
3.78
3.83
3.75
3.44
3.32
3.43
3.62
3.71
3.80
3.62
3.60
3.86
3.73
3.37
3.50
3.73
3.70
3.74
3.61
3.68
3.68
3.59
3.57
3.38
3.64
3.62
3.65
3.55
3.61
3.90
3.53
3.50
3.69
3.50
3.42
3.44
3.65
3.60
3.65
3.45
3.69
3.64
3.49
3.81
3.41
3.69
3.69
3.83
3.53
3.67
3.72
3.63
3.71
3.54
3.31
3.36
3.63
3.82
3.32
3.84
3.62
3.60
3.68
3.77
3.56
3.77
3.78
3.96
3.65
3.89
3.75
3.72
4.01
3.61
3.75
3.71
3.56
3.86
3.68
3.56
3.82
3.63
3.48
3.52
3.51
3.42
3.61
3.54
3.58
3.65
3.16
3.63
3.63
3.60
3.49
3.81
3.56
3.28
3.48
3.53
3.27
3.77
3.50
3.76
3.60
3.43
3.92
3.83
3.45
3.31
3.48
3.53
3.74
3.88
3.60
3.82
3.20
3.35
3.69
3.65
3.55
3.61
3.73
3.90
3.65
3.52
3.45
3.55
3.65
3.72
3.53
3.57
3.50
3.68
3.49
3.65
3.34
3.46
3.26
3.64
3.61
3.48
3.62
3.57
3.47
3.20
3.23
3.53
3.53
3.62
3.64
3.41
3.90
3.84
3.48
3.29
3.33
3.69
3.73
3.64
3.85
3.31
3.63
3.55
3.50
3.89
3.73
3.77
3.59
3.42
3.52
3.67
3.63
3.42
3.78
3.49
3.96
3.57
3.60
3.57
3.51
3.83
4.04
3.31
3.69
3.88
3.74
3.60
3.80
3.53
3.68
3.63
3.76
3.67
3.59
3.35
3.62
3.51
3.59
3.58
3.69
3.54
3.49
3.68
3.57
3.36
3.63
3.58
3.60
3.29
3.51
3.35
3.50
3.75
3.49
3.37
3.63
3.73
3.74
3.19
3.47
3.51
3.64
3.63
3.75
3.71
3.42
3.24
3.36
3.81
3.39
3.68
3.32
3.23
3.83
3.54
3.56
3.60
3.41
3.37
3.36
3.62
3.47
3.33
3.22
3.58
3.37
3.79
3.20
3.33
3.49
3.67
3.33
3.76
3.52
3.75
3.63
3.91
3.89
3.80
3.36
3.81
4.06
3.66
3.81
3.57
3.67
3.50
3.58
3.89
3.41
3.75
3.76
3.60
3.29
3.79
3.31
3.81
3.17
3.67
3.61
3.38
3.85
3.71
3.67
3.86
3.97
3.68
3.65
3.54
3.75
3.57
3.84
3.83
3.85
3.61
3.96
3.77
3.69
3.68
4.00
3.67
3.75
3.73
3.87
3.82
3.82
3.72
3.67
4.20
3.62
3.49
3.49
3.57
3.51
3.76
3.50
3.97
3.66
3.52
3.82
3.86
3.81
3.22
3.82
3.77
3.45
3.82
3.85
3.76
4.11
3.69
3.69
4.35
3.43
4.02
3.77
3.67
3.55
3.44
3.59
3.53
3.53
3.35
3.82
3.50
3.62
3.79
3.54
3.52
3.70
3.70
3.75
3.62
3.52
3.51
3.75
3.71
3.59
3.72
3.80
3.62
3.55
3.72
4.00
3.70
3.72
3.72
3.80
3.70
3.47
3.80
3.38
3.63
3.55
3.64
3.77
3.80
3.39
3.57
3.64
3.81
3.76
3.75
3.55
3.72
3.54
3.66
3.67
3.62
3.74
3.38
3.64
3.47
3.64
3.54
3.62
3.39
3.69
3.45
3.48
3.60
3.71
3.65
3.67
3.60
3.76
3.73
3.54
3.69
3.58
3.73
3.45
3.97
3.59
3.61
3.83
3.75
3.75
3.50
3.55
3.37
3.67
3.60
3.68
3.27
3.63
3.73
3.59
3.71
3.72
3.56
3.59
3.84
3.93
3.55
3.50
3.64
3.62
3.68
3.50
3.59
3.68
3.45
3.78
3.71
3.84
3.68
3.75
3.62
3.86
3.58
3.79
3.65
3.76
3.68
3.81
3.77
3.70
3.55
3.68
3.53
3.64
3.63
3.73
3.55
3.58
3.91
3.71
3.40
3.44
3.75
3.68
3.59
3.59
3.80
3.48
3.60
3.64
3.28
3.59
3.62
3.64
3.39
3.52
3.55
3.61
3.85
3.33
3.41
2.88
3.47
3.54
3.45
3.22
3.48
3.48
3.39
3.50
3.86
3.40
3.47
3.41
3.57
3.68
3.63
3.70
3.46
3.87
3.64
3.90
3.63
3.58
3.58
3.55
3.51
3.83
3.48
3.49
3.67
3.60
3.31
3.73
3.72
3.43
3.54
3.67
3.71
3.37
3.48
3.44
3.49
3.67
3.49
3.55
3.75
3.98
3.44
3.97
3.68
3.58
3.70
3.72
3.69
3.66
3.33
3.38
3.62
3.78
3.76
3.74
3.69
3.53
3.67
3.72
3.84
3.83
3.92
3.56
3.82
3.68
3.88
3.68
3.69
3.74
3.53
3.57
3.71
3.77
3.94
3.70
3.54
3.74
3.53
3.43
3.74
3.63
4.03
3.34
3.51
3.36
3.64
3.42
3.90
3.80
3.47
3.30
3.48
3.63
3.60
3.35
3.68
3.37
3.55
3.68
3.68
3.60
3.67
3.64
3.73
3.71
3.75
4.06
3.76
3.85
3.85
3.69
3.91
3.52
3.52
3.45
3.51
3.67
3.45
3.35
3.77
3.61
3.72
3.52
3.04
3.46
3.33
3.63
3.49
3.24
3.37
3.35
3.26
3.43
3.62
3.56
3.57
3.65
3.22
3.29
3.56
3.61
3.71
3.44
3.75
3.51
3.61
3.70
3.75
3.10
3.87
3.41
3.58
3.78
3.57
3.52
3.52
3.53
3.51
3.31
3.38
3.40
3.50
3.37
3.67
3.71
3.49
3.64
3.39
3.68
3.34
3.34
3.54
3.39
3.61
3.41
3.60
3.87
3.82
3.60
3.68
3.61
3.89
3.66
3.45
3.69
3.70
3.64
3.62
3.59
3.60
3.64
3.74
3.40
3.81
3.48
3.56
3.96
3.82
3.44
3.57
3.80
3.67
3.49
3.71
3.78
3.48
3.68
3.35
3.52
3.64
3.81
4.21
3.63
3.53
3.75
3.38
3.55
3.49
3.33
3.49
3.56
3.61
3.30
3.29
3.40
3.48
3.47
3.77
3.57
3.63
3.59
3.26
3.76
3.36
3.44
3.20
3.72
3.66
3.48
3.59
3.78
3.59
3.48
3.66
3.65
3.45
3.40
3.69
3.50
3.49
3.45
3.48
3.60
3.51
3.50
3.95
3.57
3.51
3.48
3.23
3.58
3.41
3.59
3.51
3.53
3.69
3.35
3.53
3.72
3.55
3.64
3.58
3.49
3.29
3.78
3.79
3.79
3.42
3.65
3.66
3.70
3.66
3.39
3.57
3.41
3.44
3.70
3.61
3.66
3.34
3.76
3.39
3.54
3.72
3.70
3.79
3.39
3.72
3.51
3.35
3.38
3.56
3.29
3.35
3.73
3.43
3.53
3.69
3.17
3.64
3.49
3.54
3.37
3.46
3.50
3.45
3.49
3.40
3.62
3.69
3.16
3.38
3.34
3.71
3.41
3.42
3.90
3.69
3.69
3.82
3.56
3.80
3.61
3.65
3.65
3.52
3.66
3.75
3.69
3.39
3.39
3.37
3.71
3.89
3.37
3.44
3.56
3.48
3.28
3.57
3.27
3.77
3.45
3.66
3.50
3.39
3.62
3.81
3.79
3.48
3.57
3.47
3.93
3.53
3.41
3.56
3.50
3.52
3.46
3.44
3.52
3.32
3.68
3.49
3.35
3.75
3.53
3.93
3.78
3.49
3.63
3.71
3.78
3.58
3.49
3.53
4.02
3.46
3.62
3.78
3.72
3.55
3.69
3.91
3.95
3.65
3.70
3.70
3.85
3.89
3.42
3.51
3.77
3.53
3.60
3.47
3.78
3.58
3.55
3.81
3.67
3.45
3.81
3.71
3.72
3.50
3.62
3.43
3.70
3.70
3.67
3.79
3.66
3.89
3.56
3.66
3.87
3.11
3.79
3.86
3.72
3.71
3.49
3.48
3.68
3.15
3.79
3.91
3.59
3.63
3.35
3.79
3.81
3.78
3.62
3.53
3.34
3.68
3.58
3.59
3.52
3.73
3.75
3.78
3.34
3.44
3.64
3.53
3.68
3.54
3.47
3.78
3.73
3.72
3.79
3.77
3.48
3.63
3.52
3.89
3.21
3.74
3.78
3.68
3.37
3.51
3.69
3.20
3.35
3.40
3.43
3.49
3.30
3.32
3.44
3.41
3.35
3.36
3.43
3.44
3.45
3.40
3.28
3.63
3.75
3.50
3.37
3.48
3.65
3.55
3.43
3.67
3.52
3.67
3.45
3.56
3.78
3.62
3.47
3.43
3.56
3.55
3.89
3.52
3.31
3.56
3.52
3.61
3.57
3.36
3.50
3.63
3.48
3.73
3.41
3.21
3.47
3.68
3.32
3.51
3.32
3.59
3.65
3.68
3.28
3.62
3.70
3.72
3.39
3.64
3.52
2.98
3.68
3.18
3.82
3.44
3.03
3.63
3.63
3.78
3.67
3.59
3.64
3.43
3.14
3.48
3.55
3.85
3.72
3.52
3.43
3.19
3.59
3.39
3.60
3.56
3.79
3.75
3.63
3.43
3.84
3.73
3.90
3.57
3.61
3.43
3.53
3.29
3.39
3.78
3.58
3.39
3.78
3.59
3.43
3.56
3.85
3.70
3.28
3.60
3.68
3.89
3.84
3.64
4.08
3.64
3.64
3.85
3.70
3.72
3.63
3.61
3.57
3.60
3.56
3.72
3.78
3.76
3.96
3.90
3.72
3.58
4.16
3.73
3.89
3.46
3.58
3.34
3.61
3.52
3.39
3.36
3.56
3.67
3.61
3.57
3.41
3.90
3.84
3.78
3.20
3.41
3.59
3.38
3.54
3.40
3.38
3.22
3.54
3.30
3.62
3.63
3.64
3.58
3.44
3.59
3.59
3.82
3.57
3.80
3.93
3.65
3.82
3.65
3.91
3.95
3.71
3.69
3.50
3.72
3.52
3.86
3.76
3.72
3.67
3.53
3.77
3.77
3.42
3.85
3.60
3.56
3.76
3.49
3.41
3.77
3.34
3.69
3.88
3.32
3.68
3.71
3.47
3.55
3.56
3.40
3.72
3.37
3.63
3.73
3.50
3.82
3.44
3.33
4.01
3.65
3.56
3.36
3.49
3.84
3.26
3.51
3.51
3.65
3.90
3.56
3.31
3.71
3.40
3.52
3.75
3.49
3.61
3.98
3.62
3.75
3.78
3.83
3.57
3.48
3.57
3.60
3.29
3.78
3.68
3.40
3.63
3.27
3.65
3.35
3.57
3.52
3.73
3.62
3.76
3.48
3.80
3.54
3.31
3.56
3.37
3.54
3.62
3.50
3.59
3.31
3.44
3.50
3.43
3.45
3.29
3.66
3.64
3.52
3.83
3.38
3.55
3.67
3.54
3.58
3.30
3.41
3.89
3.72
3.42
3.87
3.83
3.63
3.60
3.98
3.67
3.48
3.78
3.54
3.48
3.75
3.62
3.49
3.83
3.73
3.41
3.60
3.24
3.45
3.66
3.38
3.60
3.49
3.75
3.57
3.58
3.52
3.62
3.83
3.61
3.68
3.62
3.54
3.53
3.66
3.94
3.55
3.14
3.60
3.53
3.76
3.44
3.49
3.81
3.83
3.52
3.86
3.20
3.24
3.24
3.16
3.53
3.25
3.16
3.11
2.84
3.43
3.32
3.27
3.29
3.26
3.36
3.23
3.19
3.21
3.41
3.23
3.21
3.23
3.11
3.29
3.40
3.41
3.14
3.34
3.33
3.32
2.86
3.45
3.14
3.49
3.12
3.14
3.14
3.38
3.53
3.48
3.10
3.17
3.19
3.39
4.34
4.18
4.07
3.86
3.97
3.91
3.74
3.54
3.19
3.40
3.25
3.46
3.38
3.41
3.52
3.85
3.35
3.57
3.17
3.51
3.33
3.28
3.23
3.62
3.47
3.30
3.02
3.53
3.80
3.31
3.36
3.50
3.55
3.49
3.56
3.45
3.35
3.58
3.57
3.27
3.32
3.52
3.29
3.48
3.40
3.27
3.34
3.44
3.80
3.90
3.62
3.68
3.77
3.50
3.44
3.62
3.78
4.00
3.59
3.51
3.86
3.87
4.00
3.54
3.44
3.38
4.14
3.73
3.64
3.05
3.89
2.91
3.97
3.74
4.05
4.23
4.08
3.54
3.84
3.80
3.64
4.07
3.79
3.34
3.23
3.19
3.10
3.07
3.13
3.49
3.45
3.34
3.21
3.25
3.22
3.11
3.54
3.18
3.12
3.51
3.09
3.25
3.79
3.71
3.31
3.76
3.75
3.79
3.47
3.25
3.37
3.33
3.56
3.60
3.42
3.38
3.54
3.46
3.41
3.48
3.53
3.23
3.73
3.67
3.12
3.57
3.91
3.51
3.80
3.20
3.52
3.24
3.25
3.63
3.24
3.39
3.31
3.39
3.09
3.45
3.52
3.09
3.28
3.54
3.37
3.49
3.61
3.86
3.55
3.41
3.39
3.58
3.82
3.68
3.30
3.89
3.39
3.64
3.62
3.65
3.69
3.84
3.75
3.63
3.80
3.79
3.61
3.69
3.76
3.61
3.75
3.86
3.91
3.91
3.65
3.77
3.72
3.52
3.33
3.28
3.92
3.78
3.68
3.51
3.76
4.21
4.01
4.20
3.95
3.88
4.21
4.16
3.81
3.83
3.92
3.94
3.89
3.51
3.44
3.66
3.41
3.31
3.63
3.39
3.90
3.04
3.60
3.28
3.41
3.68
4.02
3.43
4.07
3.56
3.68
3.34
3.68
3.03
3.68
3.87
3.71
3.76
2.99
3.58
4.08
3.33
3.11
2.89
3.25
3.68
3.46
3.23
3.52
3.62
3.72
3.55
3.21
3.16
3.57
3.65
3.87
3.11
3.28
3.73
3.92
3.43
3.91
4.02
3.43
3.37
3.55
3.81
3.59
3.70
3.84
3.87
3.97
3.44
3.66
3.60
3.80
3.62
4.11
3.37
3.57
3.48
3.34
3.60
3.51
3.54
3.53
3.88
3.41
3.51
3.72
3.75
3.70
3.48
3.28
3.79
3.45
3.48
3.85
3.40
3.68
3.70
3.54
3.56
3.85
3.54
4.07
2.50
3.24
2.84
2.99
2.83
3.34
3.70
3.86
3.64
3.37
3.33
3.54
3.90
3.73
3.62
3.54
3.53
3.66
3.35
3.99
3.47
3.52
3.87
4.06
4.12
3.44
4.08
4.24
3.57
3.45
3.95
3.90
4.19
3.94
4.34
3.92
3.84
3.98
4.37
4.28
4.24
4.14
4.30
4.39
4.18
4.08
4.43
4.27
4.95
5.26
4.94
4.68
4.04
4.71
4.48
4.17
4.28
3.91
3.88
4.21
3.82
4.22
4.33
3.82
4.00
3.95
3.53
3.69
3.64
3.64
3.68
4.03
3.58
4.08
3.88
4.00
4.29
4.15
3.88
3.99
4.13
4.01
3.75
3.82
3.74
3.70
3.76
3.73
3.74
3.96
3.88
3.91
3.77
3.37
4.20
4.15
4.13
3.98
4.01
3.64
3.50
3.56
4.31
3.94
4.08
3.61
3.57
3.84
4.30
3.66
3.97
3.79
4.08
3.95
4.34
4.16
3.93
3.95
3.65
4.31
3.76
4.04
3.85
4.46
4.14
3.75
4.18
3.82
4.07
3.76
4.26
3.79
3.87
3.79
4.11
4.23
3.90
3.93
4.17
3.42
3.85
4.21
3.95
3.89
3.92
3.57
3.89
3.57
3.58
3.66
4.19
3.97
4.02
4.25
4.04
3.79
3.65
3.73
3.85
4.22
3.86
4.04
3.79
3.75
3.72
4.13
3.81
4.20
4.29
3.63
3.76
3.75
4.34
3.97
3.76
3.59
3.75
3.57
3.73
4.23
4.09
3.96
4.07
3.96
4.09
4.15
3.86
4.10
3.96
3.76
4.18
4.22
4.27
4.16
4.11
4.04
4.30
4.35
4.27
4.03
4.11
3.72
3.98
4.09
3.77
4.20
3.96
3.64
4.03
3.51
4.17
4.12
4.14
3.85
4.12
3.97
3.78
4.08
4.28
4.10
3.57
4.20
3.78
3.86
3.75
3.53
4.26
3.99
4.04
4.14
4.33
3.51
3.84
4.10
3.67
4.31
4.26
4.21
4.13
4.20
4.08
4.23
4.03
4.17
4.30
4.29
4.33
5.04
4.62
4.38
4.43
4.45
4.39
4.30
4.24
4.19
4.34
4.23
4.57
4.10
4.40
4.08
3.84
4.09
4.25
4.11
3.99
4.18
3.95
4.02
4.02
4.19
4.32
4.09
4.26
4.15
4.25
4.44
4.25
4.20
4.03
4.03
4.37
4.25
4.35
3.68
4.56
4.03
3.93
4.11
3.95
4.36
4.38
3.93
4.04
4.33
4.40
4.71
4.35
4.32
4.50
4.44
4.71
4.73
4.44
3.65
4.04
3.89
4.36
4.12
4.36
4.35
4.41
4.03
4.24
4.58
4.44
3.79
3.80
4.11
3.88
3.97
3.74
4.19
4.50
4.39
3.74
4.70
4.08
4.08
4.03
4.14
4.41
4.35
3.93
3.83
4.58
4.39
4.35
4.45
4.06
4.32
3.78
4.11
4.28
4.28
4.57
3.62
4.23
4.06
4.28
4.14
4.31
4.45
4.25
4.32
4.11
4.40
4.35
4.29
3.95
4.53
4.11
4.17
4.21
4.24
4.36
4.32
4.12
4.16
4.27
3.93
4.29
4.31
4.13
4.28
4.63
4.12
4.32
3.39
3.88
4.32
4.03
4.25
4.43
4.26
4.41
3.96
4.35
4.64
4.12
4.35
4.24
4.25
4.27
3.90
4.54
4.11
4.46
4.74
4.56
4.14
4.47
4.37
4.51
4.69
4.51
4.44
4.76
3.77
4.63
4.32
4.10
4.08
4.18
4.21
4.73
4.34
4.39
4.26
4.63
4.38
4.40
4.47
4.75
4.55
4.49
4.34
4.44
3.94
4.35
4.12
4.39
3.71
4.22
3.62
4.24
4.12
4.98
3.60
3.73
4.09
3.72
3.81
3.75
3.60
3.87
3.47
3.74
3.85
3.94
3.85
4.24
3.96
4.22
4.06
3.79
3.49
4.10
3.95
4.08
4.41
3.89
4.77
4.14
4.24
3.81
4.22
4.33
4.58
4.09
4.06
3.74
3.92
3.82
3.55
3.60
3.37
3.74
3.59
3.68
3.83
4.01
3.95
3.28
3.57
3.78
3.80
3.97
4.26
3.99
3.37
3.88
3.42
3.52
3.62
3.70
3.48
3.10
3.38
3.65
3.64
3.50
3.42
3.50
3.48
3.23
3.60
3.26
3.42
3.48
3.75
3.77
3.89
3.75
3.67
3.64
3.87
3.59
3.86
3.47
3.62
4.21
4.31
3.78
3.74
3.94
3.59
3.60
3.91
4.28
3.70
4.29
3.47
3.88
4.30
3.62
4.10
3.73
3.70
3.48
3.76
3.55
3.95
3.67
3.66
3.44
3.60
4.08
3.92
3.71
3.99
3.75
3.97
3.39
4.27
4.18
3.51
3.73
3.82
3.45
3.54
4.07
3.48
3.43
3.92
3.69
3.51
3.70
3.77
3.61
3.44
4.06
3.64
3.79
3.73
4.31
3.99
3.73
4.03
3.85
3.96
3.72
4.04
4.30
3.99
3.67
3.66
4.22
3.88
3.56
3.71
3.61
3.83
3.78
3.42
4.13
3.79
3.73
4.11
3.98
3.66
3.29
3.88
3.84
3.70
3.70
3.51
3.29
3.52
3.54
3.57
3.86
3.89
4.13
3.81
3.81
4.09
3.20
3.39
3.80
3.33
3.64
3.53
3.52
3.60
3.50
3.16
3.26
3.33
3.53
3.44
3.45
3.50
3.79
3.09
3.62
3.96
3.57
3.73
3.68
3.69
3.39
3.60
3.75
3.50
3.48
3.49
3.38
3.71
3.44
3.83
3.57
3.85
3.72
3.74
3.57
3.81
3.75
3.71
3.54
3.52
3.56
4.02
3.63
3.64
3.28
3.77
3.57
3.30
3.66
4.11
3.57
3.89
3.70
3.59
3.30
3.81
3.95
3.71
3.61
3.78
4.04
3.82
4.06
3.74
3.71
3.25
3.10
3.53
3.42
3.68
3.24
3.87
4.27
3.89
3.38
3.58
3.97
3.87
3.86
3.77
3.35
3.23
3.63
3.37
3.53
3.76
3.85
3.83
3.64
3.56
3.48
3.44
3.62
3.75
3.96
3.33
3.40
3.60
3.99
3.67
3.42
3.74
3.40
3.61
3.55
3.57
3.64
3.41
3.58
3.85
3.39
3.41
3.19
3.19
3.44
3.78
3.37
3.61
3.48
3.38
3.42
3.49
3.46
3.52
3.80
3.62
3.98
3.70
3.42
3.67
3.74
3.48
3.26
3.60
3.69
3.64
3.46
3.72
3.72
3.68
3.73
4.09
3.99
4.42
4.06
3.76
3.93
3.52
4.20
4.05
4.17
3.83
3.79
3.73
4.14
3.47
3.67
3.81
3.83
3.94
3.97
3.97
3.73
3.64
3.73
3.77
3.86
3.95
4.00
3.86
3.94
4.14
3.73
3.81
4.05
3.82
4.22
3.87
3.96
4.29
4.04
3.86
3.93
3.77
3.53
3.27
3.42
3.57
3.69
3.97
4.21
3.72
3.27
4.69
3.99
3.27
3.66
3.24
3.99
3.88
3.46
3.78
3.87
3.74
3.92
3.63
3.71
3.71
3.99
3.43
4.15
3.20
3.64
3.81
3.77
4.22
4.44
4.21
4.14
3.41
3.85
3.96
3.81
4.40
4.05
4.43
3.89
3.52
3.37
3.87
3.61
3.84
3.72
3.64
3.73
3.61
3.97
3.65
3.73
3.99
3.95
4.21
4.12
3.70
4.12
3.73
3.87
4.07
3.43
4.30
4.15
3.59
3.47
4.13
3.95
4.17
4.00
3.85
3.79
3.64
3.92
3.74
3.73
3.87
3.91
3.98
3.70
3.88
3.77
3.66
3.37
3.43
3.40
3.18
3.49
3.78
3.82
3.48
3.97
3.89
3.90
3.53
3.88
3.10
3.34
3.60
4.17
3.73
3.90
4.23
4.00
3.85
3.51
3.75
3.71
3.53
3.49
3.28
3.58
4.02
3.34
3.61
3.46
4.26
3.59
3.80
3.91
3.66
3.74
3.73
3.79
4.21
4.47
4.06
3.86
3.75
4.29
4.39
3.85
4.21
4.04
4.66
3.64
3.83
3.74
3.79
3.75
3.78
3.53
3.52
3.72
3.76
4.13
3.95
3.93
3.54
4.11
4.47
4.01
3.89
3.61
4.16
4.14
3.84
3.53
3.70
3.89
3.80
3.47
3.59
3.95
4.00
3.92
3.78
4.04
3.89
3.81
3.81
4.21
3.82
3.92
3.80
3.97
4.10
3.95
4.02
3.59
3.13
3.54
3.43
3.15
3.42
3.61
3.55
4.03
4.04
3.53
4.12
3.51
3.68
3.71
3.10
3.91
3.48
3.53
3.31
3.70
3.54
3.52
3.62
3.79
4.20
3.70
3.95
3.48
3.65
3.84
3.34
4.19
3.47
3.56
3.93
4.05
4.85
4.01
3.96
4.03
3.76
3.49
4.00
3.66
3.57
3.81
3.60
4.01
3.71
3.38
3.87
3.70
3.54
3.72
3.82
3.65
4.21
3.66
3.55
3.65
3.78
3.48
3.22
3.55
3.82
3.63
3.78
3.69
3.89
3.91
4.03
3.47
3.51
3.53
3.56
3.84
3.57
3.35
3.39
3.42
3.40
3.79
3.33
3.71
3.46
3.87
3.10
3.83
3.72
3.23
3.51
3.24
3.31
3.35
3.69
3.84
3.53
3.73
3.77
3.74
3.75
3.99
3.84
3.97
3.31
3.66
3.57
3.69
3.79
3.30
3.75
3.57
3.70
3.50
3.44
3.24
3.40
3.94
4.08
3.45
3.80
3.44
3.67
3.61
3.85
3.36
3.44
3.60
3.79
3.94
3.81
3.47
3.64
3.48
3.24
3.85
3.51
3.92
3.48
3.74
3.02
3.47
3.99
4.00
3.71
3.47
3.92
4.00
3.64
3.98
4.10
3.57
4.22
3.54
3.80
3.77
3.64
4.39
3.72
4.28
4.25
3.76
3.65
3.36
3.72
3.92
3.38
3.62
3.82
3.46
3.44
3.72
3.58
3.53
3.64
3.56
4.01
3.73
4.17
4.22
4.69
4.47
4.26
3.89
3.93
4.12
4.20
3.95
4.15
3.90
3.91
4.09
3.87
4.06
3.98
4.21
4.34
4.03
3.78
3.72
3.58
3.73
3.67
3.49
3.80
3.70
3.71
3.33
3.15
3.82
3.72
3.33
3.68
3.57
3.27
3.38
3.49
3.41
3.11
3.45
3.31
3.49
3.70
3.65
3.84
4.12
4.59
4.13
3.92
3.89
3.64
3.65
3.81
3.86
3.71
4.17
3.76
3.47
3.62
3.82
3.28
3.86
4.18
4.04
3.43
3.76
3.69
4.16
4.59
4.30
4.68
4.30
4.33
4.53
4.05
4.18
4.28
3.53
3.70
3.80
3.71
3.85
3.99
3.93
3.94
3.50
3.65
4.07
4.14
3.52
3.79
4.18
4.12
4.04
4.13
3.97
3.91
4.18
3.91
3.95
3.93
4.17
3.76
3.78
3.65
4.06
4.33
4.46
4.26
3.77
3.83
4.19
3.65
3.34
4.12
3.67
4.17
4.00
3.71
3.66
3.65
3.63
3.65
4.03
3.49
3.44
3.68
3.86
4.30
3.49
4.16
3.86
3.67
3.61
3.69
3.29
4.06
4.06
3.82
3.65
4.16
3.74
3.92
3.74
3.86
4.07
3.87
3.98
3.91
3.89
3.85
3.85
3.79
3.73
4.00
3.63
3.53
3.68
4.02
4.04
3.43
3.66
3.83
3.53
3.32
2.99
2.82
2.69
2.90
2.82
3.10
3.05
3.47
3.37
2.79
2.57
2.86
3.09
3.16
3.07
3.24
3.03
3.46
3.26
3.32
3.22
3.24
2.86
2.66
2.89
3.03
3.22
2.92
3.40
3.28
3.28
3.00
3.17
2.82
2.61
2.80
2.69
2.80
2.59
3.14
2.92
2.45
2.71
2.96
2.77
3.10
2.93
2.63
2.90
2.75
3.04
2.60
3.01
2.69
2.93
2.49
2.97
2.97
2.72
3.35
3.17
2.89
3.15
2.97
3.17
2.67
2.80
2.69
2.34
2.86
2.93
2.77
2.82
3.05
2.57
2.38
3.10
2.78
2.88
3.47
3.35
3.04
3.39
2.89
2.93
2.73
2.88
2.85
2.98
2.82
3.02
3.05
3.13
3.01
2.83
3.06
3.32
2.84
3.06
3.17
3.13
3.27
2.99
3.30
3.12
3.10
3.01
2.83
3.02
3.84
3.78
3.30
3.17
2.51
3.12
3.19
3.31
3.02
2.97
3.19
2.89
3.15
2.60
3.32
3.30
3.00
2.62
3.07
2.73
3.56
3.04
3.22
3.44
2.96
3.05
3.21
3.48
3.26
2.99
2.97
3.39
2.53
3.17
3.01
2.85
3.13
2.76
2.98
3.03
3.04
2.85
3.70
3.20
3.19
3.03
3.07
3.54
2.96
3.51
3.36
3.14
2.63
3.07
3.13
3.15
2.90
3.10
3.48
3.11
2.84
3.15
3.18
2.96
2.90
2.90
2.88
3.04
3.02
2.58
2.67
3.22
2.78
3.28
3.00
2.84
3.05
2.97
2.68
2.84
2.86
3.08
3.10
3.45
3.42
3.12
3.20
2.98
3.36
3.30
3.28
2.65
2.96
2.84
2.93
2.75
3.35
2.88
2.62
2.84
3.07
3.06
3.05
3.04
2.96
3.22
3.15
3.27
2.96
2.97
3.23
3.02
2.75
2.97
3.05
3.00
3.17
2.76
3.43
2.98
3.20
2.93
3.00
3.05
2.86
3.25
3.16
3.26
3.09
3.06
3.00
3.03
3.40
3.43
3.37
3.29
3.25
3.10
3.44
2.93
3.24
3.05
3.12
2.97
3.00
2.86
2.86
3.16
3.26
2.73
2.75
3.33
3.66
3.51
2.98
3.16
2.72
2.84
2.84
2.69
3.39
2.75
2.91
2.95
3.13
3.07
3.00
2.93
3.04
3.04
3.41
2.70
2.41
2.86
3.01
2.20
2.52
2.72
2.74
2.74
3.16
2.21
2.42
2.88
2.90
2.54
2.36
2.43
2.96
2.69
2.89
2.21
2.61
2.26
2.38
2.25
2.63
2.58
2.86
2.57
2.26
2.51
2.38
2.88
3.21
3.37
3.06
3.18
3.09
3.08
3.15
2.92
2.62
2.33
2.39
2.33
2.71
2.74
2.43
2.91
2.85
2.74
2.23
2.62
2.36
2.32
2.71
2.68
2.38
2.88
2.82
2.56
2.48
2.37
2.29
2.41
2.48
1.66
2.49
1.96
2.13
2.45
2.25
2.54
2.68
2.60
2.82
2.77
2.39
2.88
2.75
3.00
2.90
3.37
2.52
2.96
2.94
2.38
2.80
2.62
2.90
2.78
2.51
2.96
2.98
2.66
2.71
3.36
2.63
2.64
3.31
2.87
2.73
3.19
2.70
3.02
2.57
2.71
3.33
2.88
2.79
2.97
2.89
3.14
3.26
2.59
3.26
3.24
3.26
3.25
3.61
3.39
2.98
3.29
2.98
3.32
3.28
3.77
3.08
3.60
2.94
3.63
3.02
3.17
2.99
3.18
3.80
3.11
3.49
3.51
3.20
3.47
3.46
3.46
2.70
3.49
3.47
2.95
3.48
2.95
3.11
2.75
2.98
2.95
3.05
3.02
2.89
2.80
2.99
3.13
3.28
3.31
2.94
3.44
2.96
3.18
3.48
3.15
3.03
2.87
2.93
2.93
3.00
2.87
3.08
2.80
2.98
3.13
3.40
2.86
2.45
3.12
2.99
2.84
2.97
3.00
2.78
2.87
2.97
3.14
3.11
2.98
3.01
3.17
2.92
3.17
2.89
2.55
2.75
3.25
2.89
3.02
3.38
3.15
3.04
2.89
3.15
3.02
2.68
3.36
2.79
2.55
2.80
2.75
2.45
2.82
3.08
2.68
2.92
3.46
3.43
3.15
3.46
3.48
3.30
3.35
3.25
3.17
3.23
3.09
2.90
3.03
2.91
2.71
2.76
3.15
2.53
2.71
3.27
2.65
2.68
2.63
2.84
2.98
2.97
2.79
2.70
2.43
2.69
3.07
2.86
2.83
3.03
2.76
2.52
2.63
2.61
2.78
2.69
2.81
3.03
2.89
3.12
3.20
3.40
2.97
3.84
3.87
3.99
3.16
3.34
2.58
3.26
2.90
3.27
3.14
3.22
3.01
3.20
3.39
3.07
3.27
3.59
2.84
3.05
2.82
2.28
2.86
2.94
3.56
2.69
3.07
2.88
3.23
2.51
3.12
3.04
3.09
2.99
2.98
3.13
2.90
2.83
2.86
3.02
2.68
2.77
2.70
2.91
2.65
2.43
3.32
3.26
2.85
2.67
2.63
2.87
2.78
2.86
2.94
2.80
3.15
3.35
2.90
3.21
3.14
2.86
3.05
3.01
2.84
2.55
2.79
2.90
2.75
2.75
2.81
2.82
2.82
2.85
2.90
2.92
2.60
3.17
3.22
2.46
2.56
3.03
3.05
3.00
2.44
2.94
2.59
3.54
3.47
3.07
3.29
2.59
2.85
3.02
2.71
2.43
2.91
2.88
2.88
2.80
2.80
2.97
3.15
2.69
3.05
2.66
3.14
2.90
2.87
2.81
2.38
2.86
3.13
2.80
2.94
2.45
2.59
2.76
2.85
3.22
2.98
2.88
3.21
3.28
3.13
3.15
3.14
3.22
2.63
2.78
3.03
3.08
3.01
2.64
2.46
2.89
3.09
2.46
3.18
2.78
2.52
2.53
3.04
2.64
2.91
2.79
2.56
2.59
2.44
2.87
2.79
2.96
2.57
2.57
2.64
2.86
2.63
2.95
2.64
2.77
2.68
2.38
2.54
2.68
2.49
2.74
3.15
2.82
2.95
2.76
2.82
2.77
2.62
2.73
2.32
2.75
2.67
2.79
2.68
2.30
3.08
2.59
2.72
2.90
2.97
3.11
2.84
2.81
2.65
3.00
2.53
2.93
2.48
3.02
3.16
2.97
3.12
3.19
2.86
2.92
2.58
3.45
2.75
3.02
2.53
3.03
3.15
3.33
2.93
3.03
3.19
3.53
3.23
3.10
3.18
3.07
3.01
3.45
2.87
2.95
2.62
2.81
2.57
2.88
2.91
3.18
2.68
2.91
2.84
2.48
2.94
2.63
2.59
3.00
2.89
2.70
2.41
2.77
2.97
2.79
3.11
2.95
2.45
2.80
3.07
2.63
2.79
2.90
2.80
2.63
2.86
2.87
2.66
2.82
2.80
2.52
2.88
2.78
2.83
2.54
2.43
2.55
2.60
2.48
2.43
2.83
3.34
2.89
3.02
3.21
3.15
2.98
3.19
2.40
2.49
2.70
2.53
2.72
2.65
2.32
2.71
2.64
2.44
2.55
2.43
2.69
3.01
2.86
2.60
2.83
3.19
2.86
3.04
3.06
2.77
3.06
2.85
3.00
2.70
2.81
2.79
3.29
3.25
2.95
2.90
2.89
2.93
2.36
2.55
2.88
2.39
2.80
2.59
3.06
2.74
2.90
2.67
3.21
2.65
2.72
3.13
2.90
2.77
2.65
2.99
2.81
3.05
2.62
2.44
2.52
2.75
2.87
3.05
3.29
2.81
2.93
2.65
2.69
2.69
2.27
3.07
2.35
2.94
2.59
2.69
2.70
2.95
2.49
2.58
2.61
2.85
2.56
2.70
2.73
2.68
2.48
2.69
2.85
2.90
2.44
2.74
3.06
3.04
3.00
3.21
3.23
2.95
3.18
2.93
2.59
2.84
2.54
2.90
2.70
3.12
2.69
2.97
3.15
2.91
2.75
2.96
3.05
3.08
2.61
2.52
2.91
2.70
2.85
3.40
2.72
3.00
2.84
3.22
2.89
3.48
2.74
2.79
2.75
3.04
2.95
2.71
2.78
2.58
2.61
2.95
2.68
2.60
2.81
3.05
2.65
2.71
2.75
2.82
2.77
2.60
2.50
2.35
2.66
2.76
2.88
2.83
2.45
2.96
3.02
2.42
2.60
3.12
2.56
3.07
2.62
3.22
2.74
2.82
2.58
2.96
3.18
3.08
2.89
2.42
3.03
2.62
2.69
2.80
2.82
2.67
2.85
2.91
2.61
3.36
2.62
2.55
2.99
2.75
2.75
2.67
2.86
2.85
2.79
2.71
2.73
2.51
2.61
2.45
2.40
2.69
2.78
3.18
2.70
3.79
3.60
4.31
4.27
4.11
4.20
4.38
3.91
4.08
3.04
2.72
3.43
3.85
4.24
3.87
3.90
4.61
3.98
4.69
4.36
4.66
3.84
4.54
4.03
3.08
3.37
2.95
3.32
3.13
2.90
3.28
2.90
2.80
2.53
2.64
2.48
2.51
2.64
2.88
2.73
2.72
2.79
2.70
2.56
2.91
2.57
2.64
2.41
2.81
2.61
2.71
2.88
2.40
2.89
2.85
2.73
2.23
2.64
2.65
2.83
3.51
2.74
2.58
2.74
3.15
3.25
2.93
3.16
3.01
3.03
2.88
3.37
3.30
2.72
2.94
3.16
3.00
2.89
2.83
2.79
2.57
2.48
2.74
3.12
3.25
3.24
2.42
2.80
2.75
2.60
2.91
2.92
2.95
3.15
3.31
2.98
2.79
2.52
2.59
2.70
2.49
2.92
2.52
3.33
3.02
3.38
3.28
2.70
2.94
2.76
3.08
2.76
2.92
3.00
2.77
2.72
2.50
3.04
2.60
2.50
2.56
2.55
2.82
2.33
2.79
2.74
2.86
2.92
2.87
2.64
2.64
2.68
2.89
2.73
3.28
3.10
3.24
2.73
2.75
2.58
2.90
2.61
2.76
3.19
3.12
2.69
3.25
3.82
2.74
3.19
3.14
3.57
3.75
3.53
3.12
2.68
2.88
3.18
3.00
3.08
2.53
3.32
3.08
2.77
3.21
3.02
2.94
2.72
3.02
2.51
3.17
3.02
2.82
2.90
2.84
2.93
2.83
2.99
2.52
3.01
2.66
2.46
2.90
2.93
2.59
2.75
2.98
2.88
3.19
2.76
2.99
3.01
2.75
2.87
2.78
3.02
2.86
2.96
2.85
2.82
2.85
2.67
2.39
3.16
2.91
2.98
2.78
2.61
2.84
2.91
2.53
2.96
2.72
2.67
2.57
2.75
2.88
2.71
2.60
2.68
2.79
2.89
3.30
3.33
2.99
2.86
2.80
2.59
2.88
2.75
2.93
2.32
3.57
2.88
3.19
3.07
2.92
2.93
2.82
2.84
2.49
2.51
2.54
2.67
2.69
2.81
3.18
2.87
3.17
3.09
3.12
3.16
3.11
3.00
2.94
3.36
2.81
2.80
2.97
3.34
3.15
2.59
2.69
2.38
2.60
3.19
2.77
2.45
2.45
