3.92
3.84
3.49
4.10
3.61
3.80
3.48
3.79
3.03
3.82
3.39
3.69
3.52
3.53
4.00
3.74
3.61
3.46
3.45
3.48
3.17
3.53
3.64
3.64
3.10
2.71
2.83
2.80
3.03
2.74
3.08
2.99
2.71
2.71
2.99
2.53
2.72
2.53
2.81
2.73
2.42
2.61
2.82
2.81
2.71
2.88
2.93
2.76
2.35
2.73
3.01
2.66
2.92
3.00
2.63
2.57
2.97
3.06
2.53
2.94
2.78
2.89
2.37
2.41
2.33
2.87
2.74
2.61
2.59
2.50
2.87
3.00
3.19
3.20
3.09
3.22
3.21
3.05
3.17
3.26
3.24
3.21
3.32
2.81
3.11
3.24
3.51
2.84
2.85
2.86
2.90
2.97
2.83
2.82
2.66
3.40
2.54
3.13
2.74
2.82
3.04
2.98
2.78
2.98
2.65
2.73
3.18
2.97
2.90
3.12
2.89
2.88
3.05
3.17
3.04
3.13
3.07
3.22
3.01
2.95
3.16
2.90
2.99
3.57
3.05
2.82
2.63
2.94
2.76
2.27
2.89
2.81
2.63
2.63
2.87
2.63
2.78
2.50
2.73
2.62
2.71
2.66
2.79
2.66
2.95
2.45
2.94
2.51
2.92
2.70
2.83
2.56
2.73
2.83
2.59
3.09
2.61
2.79
2.61
2.64
2.66
2.23
2.77
2.95
3.16
2.62
2.67
2.92
3.40
2.91
2.83
2.70
2.72
2.96
3.23
2.65
2.89
2.66
2.25
2.76
2.74
2.88
3.03
2.83
2.63
2.59
2.72
3.04
2.60
2.65
2.63
2.69
3.59
2.88
2.46
2.40
2.91
2.53
2.90
2.50
2.75
2.04
2.80
2.97
2.70
2.97
3.30
3.30
3.24
3.30
2.93
2.94
2.95
3.14
2.84
2.70
2.82
2.96
3.24
3.03
3.01
2.96
2.78
3.05
2.94
2.86
2.98
3.02
2.78
2.90
3.09
3.01
2.79
3.23
2.54
2.79
2.90
2.51
2.92
2.75
2.84
2.71
2.99
2.51
3.02
2.95
2.87
3.10
2.88
3.07
3.29
3.45
2.79
3.00
3.49
2.92
3.01
3.02
2.95
3.44
3.10
3.19
2.80
3.11
2.43
2.39
2.47
3.89
4.07
4.51
4.16
3.63
4.38
4.81
4.15
3.98
3.79
4.11
4.32
4.23
4.22
4.46
4.14
4.37
4.12
3.76
4.07
4.16
4.05
3.55
4.35
3.92
4.05
4.13
4.78
4.52
4.47
4.37
3.87
3.98
4.22
4.32
4.07
4.70
4.30
4.28
4.09
4.04
4.49
4.34
4.18
4.32
4.43
4.46
3.85
4.27
3.98
4.10
4.60
4.57
4.51
4.52
4.58
4.38
4.36
3.98
4.56
4.70
4.03
4.16
3.94
3.87
4.23
4.10
3.84
3.95
3.89
4.37
3.54
4.54
4.21
3.76
4.05
4.11
3.86
4.02
4.29
4.28
4.19
3.85
4.13
3.91
4.10
4.06
4.12
4.44
4.61
4.84
4.29
3.62
4.16
3.72
3.90
4.19
4.29
3.69
3.99
4.41
4.47
4.37
4.11
4.73
4.06
3.59
4.54
3.92
4.21
3.96
4.02
4.71
3.98
4.27
3.88
4.58
4.42
4.29
4.16
4.85
4.54
4.14
3.58
3.67
4.52
3.92
3.99
4.31
4.34
4.02
3.52
3.99
4.30
4.36
3.81
4.29
5.03
4.94
4.61
4.32
4.69
4.41
4.34
4.59
4.49
4.52
3.94
4.50
4.32
4.41
4.34
5.08
4.72
4.20
4.15
4.56
4.81
4.65
3.95
4.49
4.56
4.58
4.70
4.72
4.53
4.87
4.53
4.77
4.67
4.71
4.59
4.32
4.59
4.69
4.41
4.41
4.48
4.29
4.32
4.00
4.38
4.65
4.87
4.17
4.37
4.24
4.31
4.28
4.43
4.31
4.45
4.12
4.07
4.54
4.54
4.41
4.15
4.00
3.37
3.76
3.31
3.71
4.27
3.83
4.20
4.02
3.98
3.47
4.01
3.67
3.59
4.09
4.02
4.35
4.20
4.37
4.26
4.45
4.13
4.29
4.19
3.71
4.48
4.32
4.29
3.91
4.25
4.25
4.29
4.18
3.94
4.17
4.20
4.14
3.81
3.80
4.21
4.06
3.99
3.92
4.15
4.32
4.10
4.33
4.10
3.82
4.27
4.54
4.19
3.83
4.08
4.23
4.01
4.05
4.32
4.13
3.82
4.09
4.10
4.20
4.29
4.15
4.65
4.22
4.36
4.40
4.75
3.69
4.45
4.32
4.22
4.32
4.32
4.22
4.34
4.56
4.49
4.08
4.48
4.86
4.60
4.61
4.16
4.11
4.16
4.18
4.10
3.86
4.07
4.34
4.00
4.25
3.86
4.52
3.91
4.00
4.57
3.99
4.31
4.31
4.03
4.41
4.07
4.14
3.96
4.33
4.40
3.82
4.41
4.07
4.01
4.52
3.97
4.41
3.68
4.35
4.21
3.90
4.13
4.23
4.07
4.16
4.44
4.11
4.34
4.18
4.49
4.50
3.94
4.11
4.13
4.16
4.67
4.04
4.50
4.26
4.08
4.30
3.82
3.93
3.96
3.75
3.65
4.01
4.17
3.94
4.56
4.46
4.45
4.19
4.13
4.25
3.77
3.94
4.01
4.35
4.09
4.23
4.17
4.25
4.17
4.53
4.08
4.37
4.48
4.30
4.02
4.37
4.00
4.02
4.05
4.00
4.25
3.87
4.04
4.08
3.99
4.55
4.13
4.30
4.08
4.18
4.08
4.20
3.92
4.67
4.48
4.55
4.21
4.42
4.19
3.57
3.82
3.82
4.09
4.11
3.88
4.65
3.51
3.97
4.46
4.05
3.99
3.89
4.05
3.97
3.56
4.26
4.20
4.50
4.15
4.27
3.81
3.85
3.17
4.00
3.64
3.85
3.96
3.84
3.45
3.99
4.29
4.43
3.84
4.17
4.01
3.48
3.51
4.17
4.14
4.17
4.18
4.18
4.32
4.23
4.17
4.15
4.05
4.12
4.18
4.62
4.59
4.39
4.36
4.32
4.28
4.37
4.35
4.19
4.26
4.12
4.27
4.65
4.08
4.42
4.40
4.49
4.19
4.35
4.35
4.65
4.53
4.38
4.18
4.51
3.91
4.19
4.17
3.91
4.03
4.80
4.41
4.37
4.41
4.43
4.19
4.27
4.58
4.56
4.40
4.26
4.34
4.22
4.67
4.50
4.79
4.28
4.30
4.24
4.82
4.84
4.22
4.33
4.46
4.11
4.14
4.31
4.36
4.15
4.11
4.62
4.42
4.28
4.60
4.39
4.74
4.19
4.54
4.57
4.21
4.31
4.46
4.03
4.48
4.35
4.10
4.37
4.32
4.38
4.26
4.22
4.21
4.26
4.39
4.18
4.53
4.84
4.34
4.58
3.89
4.27
4.45
4.53
4.59
4.13
4.32
4.43
4.39
4.02
4.13
4.19
4.17
4.18
4.46
4.11
4.03
4.60
4.61
4.40
4.28
4.19
4.28
4.60
4.40
4.38
3.91
3.97
4.34
4.16
4.54
4.52
4.43
4.48
4.46
4.71
4.73
4.61
4.41
4.22
4.07
4.41
4.51
4.26
4.09
3.84
4.50
4.09
4.01
3.94
3.93
3.87
4.15
3.78
4.08
4.06
3.62
4.27
4.26
4.11
4.50
4.13
4.32
4.15
4.43
4.17
4.35
4.45
4.23
4.58
4.24
4.20
4.22
4.27
4.16
4.15
4.24
4.56
4.66
4.41
4.36
4.52
4.63
4.55
4.24
4.48
4.58
4.23
4.44
4.81
4.22
4.42
4.05
4.32
4.06
4.31
4.29
3.79
4.43
4.48
4.41
4.76
4.08
4.56
4.26
4.33
4.62
4.50
4.44
4.37
4.04
4.31
3.97
4.19
4.45
4.32
4.24
4.62
4.38
4.32
4.35
4.39
4.39
4.25
4.36
4.97
4.15
4.47
4.45
4.24
4.54
4.57
4.61
4.55
4.47
4.48
4.45
4.69
4.44
4.26
4.46
4.48
4.49
4.57
4.29
4.33
4.12
4.11
4.34
4.04
4.24
3.84
4.00
4.20
4.60
4.27
4.58
4.31
4.43
4.24
4.28
3.77
4.09
3.94
4.52
4.25
4.45
4.34
4.34
4.34
4.15
4.11
4.40
4.48
4.18
4.53
4.57
3.94
3.97
4.42
4.15
4.29
4.28
4.33
4.42
4.38
4.15
4.38
4.34
4.34
4.17
4.22
4.36
3.91
4.32
4.32
4.44
3.93
4.16
4.06
4.23
3.97
4.08
4.52
4.29
4.59
4.64
4.14
3.40
3.05
4.44
3.88
4.64
4.63
4.43
4.82
4.25
4.03
3.90
4.05
4.35
3.71
4.35
3.90
4.07
4.24
4.05
4.22
4.43
3.97
3.98
4.18
4.67
3.86
4.12
3.79
3.92
4.15
4.23
4.24
4.60
4.37
4.45
4.19
4.06
4.24
4.55
4.26
4.12
4.04
4.24
4.28
4.14
4.07
4.37
4.38
4.26
4.19
4.56
4.23
4.13
4.15
3.93
4.21
4.38
4.04
4.33
4.36
3.95
4.00
4.14
4.57
4.29
4.33
4.12
4.20
4.04
4.34
4.25
4.35
4.45
4.24
4.05
4.27
4.16
4.19
4.66
4.25
4.21
4.16
4.07
4.15
3.87
4.26
3.62
4.22
4.17
4.22
4.04
4.61
4.29
4.24
4.28
4.38
4.37
3.87
4.31
4.30
3.96
4.43
4.49
4.20
4.28
4.02
3.75
4.53
4.06
4.11
3.96
4.25
4.10
4.13
4.36
4.03
4.37
4.11
3.92
3.88
4.18
4.00
4.08
4.42
3.90
4.44
4.24
4.24
4.01
4.06
3.90
4.33
4.08
4.25
4.23
4.06
4.30
4.11
4.28
4.35
4.01
4.26
4.09
4.50
4.38
3.91
4.40
4.07
3.98
4.21
4.07
4.29
4.13
4.38
3.90
4.01
4.59
4.36
4.51
4.24
4.04
4.18
4.33
4.17
4.07
4.37
4.20
4.42
4.48
4.06
4.06
3.92
4.32
4.38
4.04
4.54
4.64
4.48
4.19
3.98
4.03
4.10
4.09
4.38
4.05
3.79
4.28
4.45
4.47
4.43
4.00
4.02
4.29
3.91
3.89
4.20
4.20
4.30
4.39
4.69
4.30
4.52
4.00
4.09
3.90
3.83
4.19
4.08
4.38
4.15
3.97
4.05
4.26
4.07
4.52
4.42
4.23
4.42
4.24
4.41
4.32
4.51
4.65
4.34
4.16
4.12
4.29
4.12
4.13
4.06
4.15
4.40
4.33
4.18
4.61
4.30
4.39
4.50
4.15
4.17
4.37
4.17
4.50
4.20
3.92
3.86
4.25
4.28
4.25
4.03
4.24
4.30
4.41
4.29
3.90
4.17
4.00
3.76
4.25
4.25
4.34
4.14
3.97
4.56
4.38
3.98
4.12
4.27
3.99
3.91
4.10
4.36
4.21
3.93
4.42
3.95
4.25
4.23
4.05
4.19
4.12
3.99
4.27
3.94
4.17
4.18
4.24
4.00
3.87
4.53
4.20
4.27
4.26
4.19
4.41
4.01
3.88
4.33
4.11
4.14
3.91
3.75
4.11
3.94
4.27
3.86
4.18
4.15
4.13
4.46
3.85
4.48
4.27
3.82
3.84
3.90
4.43
4.46
4.50
4.29
4.71
4.49
4.41
4.37
4.20
4.15
4.30
4.12
4.60
4.20
4.33
4.09
4.45
4.24
3.89
4.04
4.49
4.34
4.25
4.55
4.53
4.30
4.51
4.57
3.47
3.66
3.93
3.74
4.27
3.41
3.68
3.60
4.20
4.21
4.05
3.77
4.25
4.17
4.08
4.29
4.39
4.15
4.19
4.19
3.74
4.49
4.43
4.31
4.30
4.26
3.84
4.48
4.26
4.49
4.14
4.49
4.24
4.41
4.37
3.97
4.46
4.34
3.76
3.79
3.83
4.08
4.11
4.40
4.21
4.07
3.78
4.52
4.30
4.34
4.16
4.25
4.20
4.25
4.10
4.37
4.89
4.51
4.29
4.42
4.48
3.77
4.13
4.34
4.21
4.14
4.55
4.61
4.64
4.27
4.38
4.13
4.24
4.62
4.68
4.63
4.16
4.61
5.11
4.53
4.39
4.91
4.58
4.28
4.50
4.45
4.34
4.29
4.14
4.27
4.06
4.33
4.50
4.28
4.34
4.47
4.35
4.73
4.55
4.72
4.15
4.38
4.65
4.27
4.30
4.27
4.43
4.11
4.11
4.44
4.40
4.66
4.37
3.94
4.28
4.53
4.31
4.15
3.77
3.89
4.30
4.10
4.25
3.87
4.27
4.52
4.25
4.10
4.77
4.44
4.59
4.46
4.51
4.43
4.78
4.41
4.39
4.40
4.13
4.47
4.57
4.36
4.24
4.12
4.01
4.10
4.55
4.49
4.44
4.06
4.46
4.20
4.48
4.24
4.55
4.54
4.41
4.12
4.64
3.99
4.21
4.37
4.44
4.15
4.68
4.03
4.07
4.41
4.09
4.12
4.36
4.41
4.36
4.62
4.47
4.32
4.46
4.49
4.26
4.78
4.38
4.27
4.38
4.29
4.38
4.45
4.78
4.22
4.01
4.40
4.67
4.73
4.19
4.25
4.04
4.20
5.00
4.43
4.66
4.32
4.49
4.24
4.38
4.61
4.27
4.52
4.52
3.98
4.56
4.56
4.05
4.48
4.16
4.17
4.34
4.37
4.37
4.29
4.20
4.15
4.02
4.38
4.37
4.31
4.58
4.40
4.39
4.14
4.49
4.47
4.11
4.14
4.40
4.13
3.98
4.20
3.89
4.26
4.45
4.31
4.65
4.56
4.59
4.25
4.31
4.23
4.11
4.40
4.34
4.50
4.58
4.25
4.29
4.44
4.30
4.70
4.44
4.18
3.90
4.32
4.39
4.27
4.29
4.28
4.26
4.09
4.39
4.46
4.38
4.42
4.19
3.99
4.43
4.04
4.22
4.57
4.20
4.68
4.43
4.40
4.38
4.19
4.24
4.15
4.48
3.91
4.27
4.35
3.97
4.31
4.51
4.41
4.23
3.91
4.46
4.11
4.48
3.91
3.92
4.41
3.97
3.94
4.24
4.42
4.12
4.16
4.11
4.22
4.66
4.11
4.16
4.09
4.21
4.05
3.78
3.95
4.16
3.73
4.50
4.26
4.23
4.16
4.08
4.19
4.53
4.27
4.24
4.61
4.06
3.89
4.37
4.30
4.27
3.99
4.28
4.30
4.34
4.05
4.47
4.24
4.24
4.09
4.31
4.45
4.36
4.48
4.36
4.37
4.31
4.00
4.58
4.22
4.21
4.44
4.30
4.28
4.51
3.69
4.01
3.89
4.34
4.40
4.30
4.11
4.08
4.14
4.55
4.50
3.87
3.90
4.15
4.13
4.23
4.22
4.26
3.99
4.23
4.48
4.36
4.31
4.10
4.12
4.23
4.37
4.82
4.41
4.06
4.02
4.52
4.04
4.23
4.48
4.13
4.71
4.38
4.29
4.27
4.05
3.61
3.97
4.31
4.28
4.19
4.11
3.90
4.12
4.48
4.47
4.07
3.81
3.70
4.20
4.07
3.81
4.26
4.50
4.27
4.86
4.65
4.88
4.10
4.34
4.30
4.33
4.33
3.97
4.41
4.13
4.48
4.17
4.23
4.35
4.44
4.34
4.19
4.00
4.05
4.07
4.44
4.23
4.29
4.00
4.32
4.23
4.25
3.77
4.22
4.26
4.08
4.30
4.10
4.05
4.38
4.17
4.31
4.23
4.29
4.36
3.88
4.38
4.05
4.11
4.34
3.94
4.28
4.34
4.23
4.31
3.86
4.33
4.11
4.03
4.09
4.44
4.45
3.87
3.94
3.98
4.07
4.37
3.88
4.45
4.26
4.03
4.45
4.47
4.51
4.30
4.04
4.22
4.36
4.01
4.33
4.55
4.06
4.53
4.54
4.56
4.50
4.39
4.77
3.96
4.57
4.38
4.53
4.47
4.61
4.62
4.11
4.66
4.16
4.15
4.17
4.31
4.41
4.11
3.78
4.02
3.31
4.49
3.46
4.28
3.75
4.53
4.17
3.94
4.16
4.45
3.89
4.51
4.38
4.44
4.31
4.05
4.46
4.31
4.05
4.50
4.39
4.50
4.51
4.26
4.46
4.08
4.00
4.24
4.09
4.21
4.36
4.25
4.41
4.26
4.13
4.17
4.19
4.42
4.11
3.88
4.80
4.37
4.29
4.18
4.21
3.98
4.27
4.44
4.42
4.11
4.44
4.27
4.39
4.18
4.27
3.93
4.47
3.94
4.35
4.19
4.11
4.23
4.16
4.03
4.21
4.18
3.88
4.20
4.30
4.22
4.11
3.81
4.33
3.88
4.20
4.06
4.27
4.52
4.31
4.39
4.06
4.28
4.33
4.57
4.22
4.03
4.40
4.29
4.19
3.84
4.19
4.29
4.22
3.98
4.21
3.42
4.17
4.37
4.16
4.43
4.25
4.49
4.20
4.30
4.17
4.03
4.18
4.20
4.23
4.51
3.91
4.43
4.45
4.31
4.36
4.48
4.48
4.32
4.46
4.45
4.27
4.72
4.63
4.00
4.74
4.28
4.36
4.42
4.21
4.34
4.58
4.33
4.41
4.15
4.18
3.94
4.38
4.09
4.22
4.51
4.14
4.57
4.59
4.03
4.42
4.32
4.66
4.38
4.44
4.43
4.68
4.34
4.56
4.48
4.41
4.71
4.17
4.40
4.40
4.05
4.45
4.24
4.23
4.36
4.36
4.01
4.23
4.17
4.31
3.65
4.05
4.59
4.28
4.52
4.52
4.20
4.37
4.50
4.41
4.59
4.45
4.44
4.49
4.53
4.32
4.10
4.33
4.18
4.52
4.35
4.49
4.22
4.39
4.30
4.34
4.51
4.55
4.37
3.93
4.31
4.39
4.70
4.66
4.29
4.12
4.39
4.38
4.34
4.27
4.41
4.16
4.14
4.86
4.09
4.51
4.32
4.12
4.16
4.58
4.67
4.34
4.46
4.41
4.50
4.44
4.56
4.65
4.26
4.23
4.20
4.66
4.35
4.03
4.62
4.84
4.45
4.36
4.33
4.29
4.37
4.81
4.46
4.72
4.54
4.54
4.34
4.85
4.36
4.39
4.44
4.37
4.34
4.43
4.36
4.60
4.24
4.73
4.13
4.05
4.27
4.52
4.75
4.42
4.70
4.47
4.52
4.70
4.57
4.32
4.16
4.50
3.93
3.24
3.40
3.76
4.15
4.24
4.48
4.13
4.70
4.68
4.88
4.97
4.56
4.90
4.78
3.83
4.03
4.58
5.00
4.33
4.62
4.73
4.69
4.25
4.66
4.67
4.29
4.51
4.79
3.87
4.34
4.24
4.59
4.37
4.57
4.51
4.37
3.84
4.27
4.23
4.30
4.19
4.49
4.76
4.37
4.78
4.03
4.39
4.19
4.09
4.44
4.35
4.15
4.41
4.40
4.22
4.55
4.13
4.36
3.66
4.40
4.20
4.19
4.55
4.12
4.33
4.25
4.53
4.14
4.20
3.90
4.37
4.36
4.41
4.47
4.25
4.12
4.73
4.19
4.40
4.64
4.60
4.33
4.51
4.44
4.64
4.63
4.78
4.24
4.29
4.39
4.45
4.57
4.64
4.70
4.60
4.44
4.40
4.35
4.69
4.41
4.95
4.34
4.31
4.81
4.63
4.13
4.00
4.34
4.66
4.74
4.82
3.82
4.27
4.18
4.00
4.22
4.54
4.80
4.51
4.48
4.34
4.31
4.42
4.01
4.09
4.26
3.89
4.18
4.54
4.07
4.59
4.39
4.34
3.92
4.44
4.34
4.29
4.35
4.00
4.53
4.13
3.90
4.40
4.03
4.83
4.14
4.23
4.34
4.36
4.66
4.41
4.85
4.51
4.18
4.10
4.24
4.53
4.04
3.82
4.32
4.07
3.88
3.97
4.29
4.42
4.26
3.96
4.38
4.82
3.96
3.95
4.17
4.10
4.40
3.85
4.26
4.07
3.91
3.99
4.22
3.87
3.97
3.90
3.61
3.70
4.09
4.10
3.40
3.69
4.26
4.21
4.42
4.00
4.12
4.26
4.04
4.81
4.36
4.66
4.45
5.02
4.66
4.71
4.83
3.96
4.30
4.13
4.31
4.44
4.31
4.35
4.46
4.44
4.43
4.21
4.76
4.64
4.99
4.43
4.45
4.17
4.61
4.95
4.38
4.70
4.28
3.90
4.30
4.79
4.56
4.32
4.07
4.35
4.00
4.56
4.40
4.65
4.46
5.05
4.62
4.25
3.92
4.15
3.94
4.20
4.20
3.92
4.28
3.98
3.79
4.49
3.31
4.30
3.89
4.67
4.03
4.26
3.92
4.22
4.08
4.19
4.15
4.67
4.33
4.33
4.65
4.40
3.95
3.66
4.23
3.73
4.12
3.88
4.05
4.39
4.22
4.17
4.21
4.61
4.55
4.94
4.53
4.42
4.64
4.36
4.78
4.28
4.56
4.27
4.92
4.78
4.91
4.45
4.75
4.92
4.84
4.08
4.17
3.91
3.98
3.88
4.02
4.34
4.05
4.29
5.03
4.72
4.94
5.08
5.11
5.17
4.66
4.39
4.64
4.59
4.68
5.17
4.64
4.21
4.34
4.61
4.17
4.53
4.37
4.25
4.75
4.92
4.50
3.91
4.05
4.56
4.56
4.23
4.74
4.57
4.80
4.79
4.68
4.99
4.72
4.54
4.54
4.51
4.83
4.84
4.50
4.76
4.84
4.34
4.26
4.59
4.56
4.63
4.87
4.63
5.06
4.45
4.98
4.81
4.69
4.71
4.47
4.78
4.88
4.80
4.36
4.46
4.73
4.54
4.40
4.53
4.20
4.29
3.92
4.52
4.29
4.61
4.40
4.67
4.72
4.54
4.08
4.84
4.46
4.35
4.57
4.52
4.21
4.34
4.48
4.58
4.51
4.25
4.82
4.66
4.38
4.27
4.53
4.84
4.71
4.43
4.46
4.83
4.80
4.26
4.60
4.57
4.49
4.44
4.34
4.29
4.53
4.30
4.55
4.54
4.31
4.53
4.87
4.45
4.52
4.35
4.23
4.21
4.05
4.38
4.43
4.33
4.44
4.21
4.33
4.38
4.06
4.55
4.51
4.07
4.58
4.46
4.51
4.48
4.36
4.17
4.39
4.60
4.51
4.35
4.16
4.31
4.17
4.42
4.51
4.24
3.98
4.49
4.19
4.64
4.00
4.34
4.33
4.40
3.99
4.50
4.16
4.45
4.17
4.49
4.35
4.35
4.16
4.44
4.19
4.40
4.35
4.16
4.50
4.59
3.99
4.18
4.40
4.22
4.20
4.16
4.03
4.47
4.41
4.60
4.73
4.02
4.09
4.35
4.46
4.93
4.52
4.42
4.40
4.42
4.44
4.69
3.63
4.24
4.16
4.16
4.05
4.09
4.22
4.13
4.13
4.08
4.18
4.59
4.59
4.67
4.81
4.51
4.07
4.72
4.69
4.70
4.43
4.37
4.12
3.86
4.27
3.98
4.54
4.46
4.49
4.65
4.34
4.45
4.34
4.09
3.88
4.06
4.12
4.20
4.50
4.27
4.15
4.28
4.39
4.60
3.84
3.97
4.41
3.99
4.30
3.95
4.15
4.14
4.21
4.09
3.78
4.09
4.43
4.31
3.87
4.02
4.34
4.15
3.93
4.01
4.21
4.30
4.17
4.07
4.44
4.40
4.56
4.15
4.54
4.08
4.36
3.78
4.31
3.91
4.91
4.35
4.33
4.23
4.30
4.00
4.37
3.95
4.34
4.19
3.98
4.08
4.16
4.50
4.34
4.29
4.27
4.22
4.39
4.32
4.07
4.26
4.23
3.88
3.68
4.26
4.28
4.03
4.27
4.00
3.87
4.02
4.15
4.50
4.04
3.95
3.93
4.25
4.05
3.86
4.44
4.22
4.03
4.49
4.06
4.27
4.63
4.36
4.39
3.92
4.13
4.22
4.14
4.45
4.09
4.24
4.09
4.14
4.09
4.14
3.90
4.07
4.22
4.33
3.83
3.86
3.98
4.30
4.18
4.22
4.41
4.38
3.81
4.06
4.25
3.90
3.94
3.72
4.20
4.38
4.25
4.75
4.18
3.99
4.69
4.46
4.16
3.87
4.27
3.67
3.76
3.85
5.01
5.09
4.75
4.71
4.25
4.17
4.16
4.25
4.12
4.71
4.54
4.10
4.26
4.41
4.22
4.45
4.46
4.33
4.43
4.34
4.19
4.61
4.22
4.36
3.99
4.29
4.43
4.34
3.88
4.65
4.32
4.46
4.28
4.40
4.38
4.11
3.99
4.83
4.41
3.81
4.19
4.29
4.36
4.21
3.89
4.55
4.18
3.96
4.43
4.08
4.72
4.17
4.40
4.44
4.21
4.13
4.22
4.09
3.89
4.33
4.30
4.24
3.54
4.34
4.15
4.03
3.89
4.15
3.89
4.07
3.82
4.68
4.08
4.02
3.92
3.98
4.02
3.75
3.93
4.23
4.55
4.03
4.53
4.09
4.12
3.89
3.91
3.87
4.07
4.36
4.62
4.05
3.98
4.36
3.96
4.02
3.98
3.99
4.31
4.46
3.80
4.01
4.34
4.41
4.09
4.55
3.94
3.86
3.87
4.31
4.02
4.04
4.51
4.42
3.92
3.65
4.62
4.10
4.52
4.60
3.95
3.91
4.06
4.15
4.06
4.15
4.15
3.97
4.35
4.31
4.29
4.04
4.28
4.19
4.28
4.59
3.92
4.50
4.02
4.49
3.84
4.11
4.46
4.05
4.39
3.90
4.28
3.98
4.10
4.26
4.25
3.91
4.45
4.35
3.98
4.18
4.07
4.15
4.18
4.18
4.09
4.82
4.44
4.09
4.15
4.40
4.26
4.30
4.36
4.38
4.15
4.28
4.08
4.50
4.03
4.73
4.60
4.15
4.34
4.01
3.64
3.90
4.12
4.07
4.30
4.30
4.57
4.43
4.03
4.05
4.21
4.62
3.89
3.90
4.34
4.07
4.11
4.32
4.39
4.18
4.12
4.51
4.25
4.22
4.15
4.21
4.45
4.09
4.38
4.31
4.05
4.41
4.46
4.12
4.19
4.57
3.96
3.85
4.26
4.28
3.96
4.14
4.34
3.84
4.13
4.20
3.82
4.03
3.99
4.38
4.47
4.21
4.35
4.12
4.01
4.27
4.42
4.35
4.15
4.07
4.16
4.19
3.99
4.05
4.25
4.13
3.99
4.14
3.91
3.88
4.10
4.02
4.33
4.17
4.12
4.47
4.03
4.11
4.31
4.38
3.88
4.28
4.03
4.03
3.98
4.03
4.37
4.21
3.97
4.21
3.76
4.21
3.97
4.28
4.34
4.36
3.73
4.22
4.13
4.27
4.17
4.39
4.08
4.09
4.04
4.22
4.29
4.13
4.08
4.35
4.26
4.32
3.99
4.22
4.22
4.06
4.42
4.16
4.23
4.39
4.09
4.19
4.36
4.34
4.21
3.90
3.72
4.21
3.78
4.25
4.22
4.53
3.97
3.98
4.29
3.96
4.23
4.16
4.37
3.72
4.36
4.34
4.37
4.47
4.18
3.87
4.47
4.12
4.15
4.42
3.94
4.32
4.31
4.28
4.25
4.14
4.40
4.31
4.14
4.22
4.23
4.25
4.04
4.26
4.39
4.55
4.05
4.00
4.63
4.10
4.41
4.04
4.33
3.83
4.26
3.99
3.87
4.11
4.02
4.14
4.31
4.20
4.16
4.16
4.52
4.58
4.29
3.91
4.03
4.43
4.23
4.75
4.26
4.32
4.11
3.96
4.16
4.09
4.15
4.11
4.21
4.22
4.22
4.25
4.39
4.26
4.58
4.58
4.71
4.51
4.50
4.55
4.46
4.72
4.01
4.08
4.66
4.32
4.27
4.01
4.22
4.44
5.05
4.76
4.59
4.22
4.32
4.67
4.54
4.23
4.48
4.44
4.36
4.10
4.00
4.24
4.20
4.35
4.55
4.22
3.15
4.59
5.08
4.52
4.17
3.95
4.49
4.37
4.34
4.21
4.16
4.42
4.67
4.46
4.75
4.89
4.19
4.80
4.42
3.99
4.60
4.82
4.61
4.67
4.62
4.66
4.28
4.17
4.21
4.28
3.69
4.19
4.02
3.89
3.40
4.06
3.76
3.58
4.00
3.69
3.66
4.56
4.48
4.03
4.09
4.22
4.46
4.32
4.10
4.21
4.44
4.21
4.37
4.14
3.77
4.40
4.36
4.48
4.15
4.41
4.40
4.37
4.28
4.89
4.78
4.18
4.75
4.20
4.28
4.44
4.46
4.56
4.49
4.32
4.24
4.32
4.01
4.42
4.01
4.48
4.23
4.45
4.69
4.39
4.35
3.87
4.54
3.89
4.70
4.46
4.28
4.66
4.12
4.15
4.23
4.44
4.62
4.21
4.31
4.25
4.03
4.37
4.47
4.51
4.43
4.51
4.57
4.45
4.39
4.17
4.40
4.41
4.55
4.52
4.41
4.43
4.40
4.22
3.97
4.37
4.11
3.79
4.58
4.27
4.42
3.84
4.40
4.57
4.41
4.32
4.89
4.42
4.46
4.86
4.57
4.69
4.39
4.75
4.92
4.25
4.37
4.48
4.48
4.60
4.35
4.26
4.30
4.29
4.18
4.55
3.73
4.52
4.56
4.60
4.47
4.58
4.10
4.27
4.34
3.83
4.07
4.60
4.51
3.88
4.18
4.22
4.44
4.10
4.47
4.07
4.40
3.99
4.15
4.05
4.70
3.92
4.40
3.97
4.17
4.20
4.43
4.48
4.21
4.45
4.35
4.52
4.68
4.22
4.90
4.18
4.42
3.98
4.16
4.61
4.70
4.06
4.56
4.48
4.31
4.14
3.93
4.02
4.59
4.03
4.44
4.29
4.26
4.43
4.30
4.25
4.08
4.61
3.95
3.94
4.25
4.21
4.34
4.45
4.18
4.44
4.33
4.34
4.07
4.37
4.02
4.40
3.94
4.45
4.00
4.25
3.78
3.27
3.87
4.16
4.16
4.12
4.26
4.26
4.24
4.16
4.50
4.15
4.13
4.00
4.13
4.19
4.11
3.86
4.53
4.45
3.85
4.30
4.47
4.36
4.12
4.46
4.46
3.75
4.10
3.90
3.95
4.60
4.19
4.48
4.28
4.31
4.53
4.03
4.27
4.18
4.03
4.16
3.91
4.18
3.87
4.27
3.98
4.00
4.35
4.17
4.17
4.29
4.19
3.92
4.39
4.16
4.54
4.10
3.93
3.93
4.42
4.05
4.04
4.14
4.21
4.18
3.88
3.94
4.47
4.19
3.86
4.29
4.34
4.75
4.07
4.25
4.18
4.36
3.73
3.67
4.02
4.15
3.82
4.06
4.45
4.22
4.16
4.10
4.27
4.34
4.15
4.31
4.19
4.14
4.29
4.53
4.25
4.32
4.27
4.12
3.91
4.64
4.45
4.44
4.15
4.46
4.18
4.17
4.55
4.51
4.79
4.10
4.10
4.23
4.42
4.17
4.21
4.47
3.82
4.09
4.61
4.30
4.43
4.27
4.02
4.11
4.39
4.33
3.90
4.09
4.12
4.21
4.07
3.85
4.10
4.40
3.97
4.37
3.73
4.24
4.08
3.85
4.13
4.60
4.47
4.19
4.62
4.12
4.01
4.26
4.04
3.90
3.19
3.74
3.59
4.04
4.25
4.39
3.97
4.32
4.72
4.19
3.81
4.14
3.92
4.28
4.22
3.85
4.15
4.03
4.14
4.23
4.35
4.21
4.03
4.22
4.39
4.11
3.89
4.09
4.05
4.24
4.41
4.06
4.32
4.14
3.68
4.29
4.58
4.56
4.57
4.27
4.35
3.83
3.81
3.99
4.35
3.93
4.09
4.17
3.78
4.09
4.56
4.31
4.53
4.56
4.07
4.51
4.43
4.31
3.63
3.99
4.02
3.98
3.65
3.87
3.51
4.18
4.28
4.16
4.38
4.30
4.01
4.09
4.05
4.55
4.65
4.01
4.42
4.26
4.13
4.11
4.34
4.45
4.43
4.94
4.31
4.43
4.19
4.38
4.23
3.84
4.14
4.07
4.04
4.31
4.21
4.04
4.24
4.44
4.12
4.17
4.23
4.18
4.02
4.06
4.15
4.23
3.98
4.01
4.41
4.34
4.18
3.88
3.95
4.48
4.04
4.04
4.49
4.34
4.45
3.96
4.53
4.54
4.06
4.24
4.60
4.61
4.48
4.58
4.27
4.27
4.01
4.16
4.24
4.18
4.32
4.38
4.09
4.58
4.38
4.23
4.31
4.51
4.35
4.28
4.16
4.09
4.03
3.99
4.14
4.38
3.88
4.50
4.31
4.24
4.29
4.10
4.24
4.42
4.50
4.65
4.55
4.41
4.20
4.52
4.43
4.20
3.69
4.38
4.16
4.35
4.35
4.23
4.28
4.34
4.13
4.27
4.54
4.29
4.46
4.51
4.25
4.27
4.15
4.21
4.42
4.36
4.46
4.55
4.31
4.28
4.75
4.71
4.36
4.43
4.53
4.22
3.98
4.34
4.43
4.39
4.33
4.60
4.34
4.38
4.55
4.29
4.67
4.59
4.69
4.41
4.48
4.11
4.35
4.35
4.48
4.44
4.27
4.40
4.28
4.43
4.30
4.19
4.59
4.57
4.13
4.35
4.77
4.02
4.10
4.44
4.52
4.15
4.17
4.34
4.26
4.31
4.29
4.28
4.26
4.17
4.36
4.40
4.36
4.19
4.06
4.12
4.42
4.20
4.26
4.30
4.27
4.31
4.60
4.49
4.31
4.56
4.41
4.41
4.27
3.90
4.42
4.04
3.77
4.09
4.30
4.13
4.45
3.75
4.39
4.32
4.51
4.27
4.30
3.94
3.94
4.42
4.46
4.61
4.49
4.60
4.15
4.57
4.30
4.30
4.33
4.04
3.92
4.19
4.08
4.07
3.88
4.15
4.14
4.24
4.49
4.43
4.18
4.24
4.31
4.46
4.23
4.00
4.44
4.11
4.38
4.37
4.11
4.47
4.60
4.07
4.01
4.45
4.72
4.66
4.50
4.35
4.29
4.43
3.62
3.87
4.05
4.35
4.63
4.13
4.23
3.97
4.10
4.00
4.21
4.48
4.47
4.58
3.97
4.24
4.16
4.09
4.56
4.04
4.12
4.25
4.39
4.01
4.21
4.09
3.79
3.77
4.36
4.51
4.23
4.36
4.02
3.83
4.21
4.24
4.07
4.00
4.18
4.20
4.27
4.33
4.37
4.11
3.89
4.09
4.31
3.95
3.84
4.13
4.00
4.41
4.21
4.17
4.21
3.98
4.28
4.07
4.46
4.03
4.27
4.19
4.52
4.36
3.91
4.07
4.12
3.75
3.77
3.75
4.20
3.97
4.27
4.17
4.19
4.41
3.93
4.24
4.08
4.11
4.03
4.17
3.69
3.93
3.79
4.07
4.13
3.96
4.07
4.34
4.30
4.25
4.17
4.28
3.66
4.29
4.17
4.09
4.27
4.13
4.25
4.01
3.98
4.15
4.00
4.46
4.15
4.21
4.12
4.23
4.43
4.13
4.35
4.29
4.24
4.27
4.23
4.08
4.24
4.24
4.34
3.94
4.35
4.39
4.11
4.44
4.42
3.82
4.47
4.30
4.50
4.22
4.40
4.25
4.20
4.43
4.51
4.40
4.37
4.82
4.43
4.42
4.34
4.54
4.12
3.90
3.94
3.90
4.31
3.87
4.45
4.39
3.96
3.67
4.03
4.14
4.40
4.11
4.13
4.12
3.95
4.17
4.04
4.14
4.05
4.70
4.44
4.27
4.12
4.08
3.92
4.00
4.46
3.93
4.08
4.40
3.99
4.05
4.02
4.27
4.50
4.69
4.20
4.06
4.11
4.03
4.22
3.98
4.10
4.49
4.00
4.34
4.10
3.91
4.15
4.35
4.28
4.08
4.08
3.94
4.29
4.40
4.25
4.36
4.06
4.49
4.23
4.17
4.45
4.27
4.19
4.01
4.64
4.07
4.18
4.69
4.33
4.41
4.38
4.26
4.59
4.31
4.34
4.34
3.99
4.29
4.45
3.95
4.07
4.10
3.91
4.16
3.91
4.12
4.32
4.48
5.02
4.16
4.22
4.53
4.29
4.17
4.61
4.55
4.43
4.70
4.52
4.40
4.17
4.06
4.56
4.62
3.94
4.22
4.67
4.33
3.77
4.56
4.03
4.23
3.94
4.40
4.46
4.97
4.50
4.28
4.23
4.17
4.43
3.99
4.05
4.21
4.30
4.79
4.69
4.21
4.10
4.21
4.21
4.36
4.25
4.17
4.30
4.20
4.33
4.17
4.28
4.27
4.27
4.43
4.35
4.45
4.11
4.05
3.95
4.08
4.27
4.65
4.39
4.09
4.40
4.24
4.48
4.12
4.18
4.05
4.21
4.33
4.11
4.12
4.26
4.33
4.22
4.15
4.13
3.94
3.97
4.28
4.09
4.30
4.09
4.15
4.39
4.31
4.02
4.05
4.59
4.22
4.26
4.59
4.32
4.46
4.95
4.31
4.15
4.23
3.90
4.09
4.38
3.93
3.94
4.02
4.12
4.54
4.44
4.19
3.84
3.92
3.75
3.93
4.24
4.11
3.96
4.25
4.55
4.42
3.68
4.51
4.23
4.43
4.00
4.65
3.75
4.37
4.69
4.58
4.56
4.38
4.31
4.35
4.43
4.32
4.05
4.33
4.38
4.20
4.61
4.15
4.45
4.49
4.29
4.17
4.31
4.24
4.67
4.36
4.38
4.53
4.43
4.59
4.28
4.30
4.55
4.03
4.33
4.05
3.92
4.25
4.42
4.20
4.57
4.28
4.45
4.28
3.94
4.01
4.32
4.24
4.56
4.29
4.15
4.08
4.44
3.88
4.17
4.31
4.46
4.53
4.39
4.71
4.30
3.87
4.29
4.21
3.99
4.17
4.16
4.28
4.13
2.88
4.33
4.54
4.35
4.17
4.83
4.14
4.19
4.01
4.17
4.10
4.46
4.06
4.00
4.22
3.91
4.29
4.39
4.49
4.59
4.61
4.29
4.51
4.09
3.81
4.39
4.18
4.36
4.13
4.11
3.82
4.22
4.31
4.09
4.30
4.34
3.97
4.37
4.21
4.10
3.94
4.21
4.53
4.22
4.15
4.35
4.49
4.33
4.30
4.48
4.70
4.59
4.47
4.40
4.42
4.41
4.22
4.16
4.20
4.10
4.00
4.21
3.77
4.05
4.41
4.06
3.67
4.15
4.09
3.89
4.24
4.08
3.58
4.07
4.18
4.24
4.33
4.46
3.90
4.13
4.34
4.49
4.49
4.11
4.12
4.73
3.95
4.15
4.24
4.24
4.01
3.95
4.01
4.23
4.45
4.25
4.21
4.09
4.28
4.30
4.51
4.33
4.41
4.34
4.46
4.21
4.37
4.42
4.62
3.96
4.52
4.35
4.44
4.66
4.69
4.60
4.28
4.38
4.41
4.45
4.23
4.22
4.60
4.36
4.38
4.74
4.45
4.25
4.76
4.65
4.39
4.49
4.40
4.12
3.97
4.58
4.20
4.32
4.47
4.38
4.64
4.75
4.63
4.36
