2.69
2.24
2.56
2.39
2.27
2.72
2.74
2.19
2.12
1.93
2.40
2.03
2.16
1.89
1.90
2.14
2.75
3.05
2.04
3.11
2.72
2.22
2.79
2.20
3.47
3.23
3.40
3.26
3.38
2.57
2.01
2.08
2.18
2.62
2.19
2.30
2.83
2.01
1.81
1.59
1.42
1.35
2.81
3.68
2.53
3.35
2.80
2.25
2.30
2.87
3.15
2.46
2.58
2.83
2.58
2.38
2.61
2.74
3.96
3.25
2.32
2.57
2.08
2.14
2.76
2.67
2.83
3.07
2.66
2.70
3.69
2.92
2.43
3.09
2.56
2.56
2.61
3.05
3.00
2.93
3.17
3.38
2.77
2.66
2.73
2.83
2.72
2.54
2.55
3.11
3.19
3.33
1.53
3.60
2.67
3.01
2.55
3.19
2.83
2.75
2.65
3.06
2.99
2.79
3.26
3.20
2.62
3.80
2.83
3.35
2.91
2.38
2.70
2.51
3.35
2.85
2.69
2.44
2.11
2.11
1.86
1.34
1.88
2.97
2.95
2.42
1.64
2.91
2.65
2.70
3.29
2.82
3.11
3.07
3.07
2.85
3.27
3.55
2.97
2.70
2.96
3.26
2.77
2.65
3.02
2.28
2.14
2.47
2.32
2.11
2.35
2.47
2.41
2.45
1.88
1.58
2.46
1.47
1.02
1.64
1.64
1.11
1.74
1.81
1.94
1.78
1.76
1.79
1.68
3.24
3.15
3.39
2.87
3.81
3.12
2.97
3.50
3.05
1.89
1.84
1.81
2.34
2.54
1.23
2.57
2.47
2.79
2.30
2.41
2.37
2.85
2.73
2.88
2.70
1.29
1.51
0.78
0.95
1.00
1.03
1.26
2.38
2.28
1.55
1.15
1.18
1.42
1.15
1.21
0.87
1.20
1.07
1.00
1.35
1.77
1.63
0.97
0.90
1.38
2.36
3.85
4.07
3.09
1.59
1.88
1.40
1.96
2.46
2.16
2.47
3.27
2.64
2.97
2.92
2.03
3.52
3.81
3.13
2.97
3.27
3.41
3.51
3.05
3.74
3.72
4.53
4.29
4.65
3.05
1.94
2.57
2.89
3.25
2.53
3.03
2.75
3.27
3.54
3.65
3.91
2.93
3.35
3.30
3.00
2.65
2.75
2.95
3.45
3.74
4.10
3.49
2.31
2.80
2.14
2.63
2.75
1.73
1.43
3.23
2.48
2.53
3.05
2.06
1.66
2.15
2.64
2.62
2.38
2.66
2.55
2.33
1.53
2.08
1.76
2.62
3.00
3.40
3.04
2.85
3.40
3.26
3.74
3.40
4.11
3.36
3.27
3.30
3.17
3.06
3.41
3.36
2.77
2.77
3.32
3.26
3.49
3.02
3.03
3.49
3.17
3.09
2.98
2.92
3.14
2.88
2.90
2.85
2.65
3.01
2.92
3.04
2.99
2.85
2.67
2.84
2.89
3.34
3.13
3.39
3.18
3.31
3.10
3.36
3.15
3.38
3.58
3.56
3.79
3.29
3.10
3.30
3.23
3.65
3.72
3.45
3.62
3.72
3.38
3.56
3.45
3.80
3.33
3.56
3.08
3.13
3.33
3.87
3.35
3.74
3.38
3.95
4.20
3.98
4.14
3.51
3.93
3.60
3.74
3.14
3.31
3.00
3.11
3.74
3.13
3.53
3.35
3.37
3.52
3.38
2.88
3.25
2.99
3.11
3.30
3.89
3.09
2.91
3.27
3.78
3.82
3.41
3.88
3.74
3.19
3.87
3.50
3.96
3.20
4.00
4.03
4.23
4.10
3.59
3.34
3.50
3.91
3.93
3.79
4.54
4.76
4.62
4.47
5.30
4.75
4.62
4.49
3.94
4.42
5.09
4.89
5.23
5.20
4.95
5.05
4.48
4.28
3.89
2.97
3.33
2.95
2.99
3.81
4.40
4.54
4.42
4.41
4.03
4.30
4.24
3.81
3.48
4.45
4.70
4.99
4.67
4.53
4.17
3.99
3.95
3.94
4.02
3.73
4.61
4.29
4.08
4.40
4.18
4.16
4.00
4.14
3.98
4.27
4.26
4.36
4.22
3.17
3.38
3.24
3.50
3.78
4.95
5.06
3.97
4.93
4.84
5.12
5.33
5.60
5.38
4.95
5.51
5.17
5.09
5.42
5.18
5.47
5.90
4.85
4.95
5.06
5.10
4.86
5.09
5.17
5.09
4.87
4.63
5.23
4.73
4.72
4.72
4.79
4.04
4.96
5.63
5.10
5.12
5.15
4.76
4.86
4.86
4.53
4.56
4.84
5.04
5.40
4.86
4.65
5.13
4.75
4.48
4.41
4.32
4.74
5.22
5.04
4.88
4.62
4.82
5.41
4.86
5.33
5.63
5.39
5.39
5.61
5.63
5.30
5.49
5.62
4.96
4.59
4.33
4.69
4.41
4.77
4.64
5.10
5.26
5.29
5.37
5.66
5.05
5.34
5.66
5.33
5.46
4.98
4.38
4.42
4.61
4.35
4.79
5.08
4.91
4.76
5.05
4.76
5.51
4.86
4.84
4.94
4.37
5.13
5.67
5.53
5.12
5.47
5.17
4.87
4.68
4.83
5.76
5.58
5.42
5.19
5.27
5.14
5.34
5.44
5.67
5.53
5.13
5.20
5.47
5.20
5.56
5.80
6.24
5.64
5.53
5.45
5.51
5.53
4.35
4.75
4.82
3.93
4.50
4.75
4.97
4.46
4.24
4.32
4.84
4.81
4.70
5.19
4.93
4.77
5.28
5.32
5.12
4.81
4.99
4.36
4.20
4.72
4.97
5.03
5.03
4.88
5.43
5.25
5.14
5.01
5.32
4.87
4.42
4.91
4.34
5.11
4.86
4.47
4.61
5.07
4.95
4.79
4.36
4.53
4.86
5.32
4.82
5.08
4.47
5.35
5.17
4.24
4.82
4.99
4.75
5.15
4.15
4.30
4.08
5.17
4.84
4.38
4.46
5.18
4.76
4.83
4.78
3.99
4.14
4.57
3.77
4.13
4.68
4.95
4.72
4.66
4.68
4.94
4.66
5.20
5.09
4.89
4.69
4.84
5.06
5.04
4.85
4.82
4.94
5.20
4.24
5.21
5.08
4.25
4.73
5.01
4.67
4.90
5.08
5.19
5.70
5.12
5.04
5.06
5.37
4.89
5.31
5.12
5.00
4.76
4.56
5.18
5.03
5.85
5.41
5.47
5.33
5.36
5.91
5.23
4.99
4.94
4.83
5.36
5.50
4.41
5.19
5.61
5.36
5.26
5.25
5.22
5.26
4.98
5.32
5.25
5.00
5.05
5.61
4.42
4.76
4.73
4.97
4.88
4.63
4.91
4.61
5.20
4.63
4.68
4.41
4.74
4.28
4.48
4.86
4.57
4.56
4.90
4.55
4.78
4.72
4.64
4.64
4.53
4.88
5.09
4.48
5.01
4.93
4.84
4.10
4.02
4.14
4.33
5.38
5.13
5.05
4.79
4.82
4.70
4.71
5.29
5.16
5.38
5.46
5.27
5.40
4.40
5.07
5.03
5.45
4.84
5.27
4.92
4.57
5.33
5.33
4.95
4.95
4.96
5.02
5.36
5.39
5.10
5.29
5.52
5.03
5.47
4.62
4.85
4.34
5.10
4.77
5.41
5.21
4.76
4.76
5.28
4.66
4.95
4.88
4.68
5.02
4.72
5.33
5.12
5.04
5.03
5.17
5.84
5.49
5.22
5.29
4.69
5.25
5.06
5.40
4.51
4.80
5.21
5.39
5.26
5.33
5.11
5.10
4.99
5.07
5.03
5.53
5.27
4.75
5.09
4.93
4.15
4.46
4.50
5.23
4.84
4.62
4.60
4.46
4.40
4.22
4.36
3.95
5.10
4.66
4.76
4.74
4.16
4.55
3.80
4.15
4.18
4.14
4.41
4.65
4.76
4.72
4.72
4.91
4.79
5.00
4.03
3.97
4.44
4.65
4.28
4.64
4.11
4.44
3.46
3.83
4.68
4.69
4.76
5.08
5.30
4.90
5.20
4.98
5.59
5.75
5.45
5.73
5.40
5.36
4.71
4.44
4.97
5.03
4.95
5.08
4.58
4.52
4.65
5.02
4.99
4.85
4.29
4.96
4.58
3.81
4.19
4.17
4.29
4.54
4.66
4.61
4.69
4.11
3.71
3.85
4.58
4.25
4.53
5.09
5.35
5.50
5.20
4.92
5.52
5.16
5.65
5.19
5.14
5.44
4.54
5.01
4.40
4.63
5.17
4.27
4.69
5.37
5.23
5.05
4.58
5.45
4.58
5.09
5.08
4.47
4.87
5.11
5.07
5.13
5.21
5.07
5.13
4.74
4.75
4.87
5.41
5.04
5.09
5.40
5.62
5.17
4.67
4.73
5.28
4.95
5.22
4.75
3.71
3.46
3.64
4.17
4.07
4.61
4.95
4.89
5.10
4.43
4.98
4.42
5.20
5.12
4.57
5.16
5.34
4.59
4.84
4.61
5.12
5.49
4.88
4.87
4.43
4.41
4.74
4.56
4.82
4.83
4.52
4.73
4.90
5.12
4.72
5.29
5.03
4.79
4.41
4.86
4.42
4.74
4.28
4.83
5.27
4.50
4.42
4.71
4.69
5.06
4.99
4.03
4.58
5.61
4.52
4.74
4.21
4.81
3.74
4.19
4.52
4.25
4.67
5.35
5.17
5.44
5.45
4.25
5.40
5.18
5.40
4.23
5.12
4.70
5.37
4.93
4.79
4.64
4.56
4.72
3.86
3.45
4.20
4.24
4.75
4.92
4.52
4.70
4.57
4.48
4.66
4.62
4.47
4.73
4.14
4.54
5.01
5.11
3.90
4.10
4.34
4.74
4.52
4.25
4.41
4.61
4.42
5.06
5.11
4.49
4.70
3.87
4.27
4.35
5.64
5.03
4.61
5.17
5.49
5.27
5.34
4.96
4.83
4.09
5.46
5.65
5.00
4.41
4.11
4.43
4.52
4.04
3.70
3.74
3.25
4.18
4.38
3.81
4.90
4.85
5.14
5.34
4.41
5.21
4.60
5.30
5.15
4.63
5.11
5.09
4.84
5.43
5.24
4.90
5.48
4.53
4.76
4.69
4.64
5.25
4.78
5.21
5.43
5.26
5.10
5.67
5.64
5.53
6.05
5.46
5.46
5.64
5.63
6.11
5.81
5.73
5.12
5.09
4.79
5.13
5.62
5.33
5.45
5.37
5.06
5.39
5.48
5.81
5.42
5.24
5.10
5.28
5.08
5.02
5.41
5.60
5.39
5.16
5.40
5.62
4.54
5.23
5.16
5.52
4.98
5.00
5.78
5.11
5.78
5.67
5.30
5.32
5.73
5.01
5.18
5.29
5.34
5.59
5.49
5.42
5.75
5.06
5.08
5.70
5.21
4.77
5.26
4.77
4.60
4.58
4.70
4.91
5.44
5.71
5.38
5.23
5.51
4.43
4.91
5.25
5.07
4.24
4.61
5.12
5.55
4.71
4.69
4.27
3.79
3.85
4.05
4.23
4.05
4.07
4.30
4.16
4.15
4.10
4.17
4.57
4.41
4.72
4.59
4.32
4.80
4.27
3.89
4.51
4.56
4.65
4.69
4.40
4.23
4.09
4.47
5.02
4.54
4.79
5.02
4.64
4.73
4.43
5.22
4.88
4.83
4.41
4.66
4.37
4.26
4.18
4.04
4.11
4.83
4.24
5.25
5.35
5.45
5.26
5.64
4.70
4.42
3.71
3.52
4.95
4.48
4.62
3.96
4.68
4.47
3.96
5.15
4.12
3.72
4.30
4.67
4.75
4.33
4.70
5.40
4.95
5.40
5.51
5.29
4.77
4.89
4.76
4.40
4.42
4.29
4.52
4.08
4.44
4.30
4.48
4.80
4.38
4.16
4.34
4.35
4.37
4.51
4.39
4.11
4.67
4.26
4.64
4.10
4.22
4.39
4.31
4.09
4.64
4.07
4.46
4.63
5.05
4.81
5.20
4.55
4.83
4.47
4.48
4.55
4.41
4.74
4.87
4.76
4.72
4.38
5.29
4.43
4.20
4.80
4.95
4.62
4.69
4.52
4.69
4.54
4.37
5.21
5.30
4.91
4.71
4.71
5.10
4.49
4.65
4.80
4.62
4.49
4.75
4.70
4.31
4.20
4.32
4.67
4.20
4.21
3.96
4.22
4.60
4.24
4.44
5.05
4.82
4.50
4.46
4.75
4.74
4.63
4.27
4.55
4.78
4.87
4.76
4.34
4.52
4.95
4.28
4.91
4.71
4.12
4.83
4.60
5.66
4.70
4.86
5.20
5.20
5.56
4.70
4.52
4.16
4.13
4.58
4.20
3.92
4.29
4.63
5.26
4.47
4.14
3.78
3.89
3.86
3.81
5.03
5.18
4.38
4.45
4.79
4.24
4.93
5.99
5.69
6.05
5.90
4.92
4.84
5.35
4.98
4.89
4.98
5.15
5.05
4.63
4.55
4.34
5.04
4.76
5.04
4.91
4.92
4.64
4.61
5.21
4.46
4.22
5.08
4.30
5.33
5.10
4.33
4.88
4.65
4.41
4.15
4.60
5.32
4.92
4.94
5.15
4.70
4.80
4.92
4.44
4.39
4.29
4.53
4.69
3.91
3.88
4.40
4.56
4.49
4.81
4.07
4.69
4.86
4.65
4.71
4.07
4.37
4.21
5.05
4.12
4.12
4.29
5.10
4.15
4.47
3.91
4.52
4.23
3.54
4.02
4.31
4.17
4.04
4.06
4.42
4.07
4.60
4.82
4.59
4.73
4.34
3.19
4.00
4.90
4.55
3.94
3.97
4.16
4.54
4.04
4.24
4.09
4.52
4.05
4.01
4.18
3.68
4.04
3.58
3.83
3.66
3.76
3.95
3.81
4.07
4.35
4.21
4.16
4.53
4.30
4.60
4.33
4.15
4.13
4.44
4.49
3.98
3.97
4.42
3.98
4.27
4.23
3.28
4.02
4.80
4.21
3.92
4.51
4.27
4.26
4.21
4.29
4.24
4.46
3.90
3.85
3.76
3.92
4.07
4.35
4.29
4.46
4.20
4.33
4.18
4.05
4.28
3.42
3.79
3.84
3.90
3.97
3.99
4.35
4.14
3.92
3.88
4.08
4.52
4.27
3.93
3.65
3.81
3.68
3.94
3.84
4.31
3.78
3.82
4.09
4.58
4.30
4.11
4.18
4.19
3.88
3.34
3.22
3.22
2.99
3.17
3.38
3.03
4.34
3.54
2.80
4.19
3.34
3.45
3.07
3.23
4.21
5.28
5.41
3.34
3.29
3.33
3.39
3.93
4.09
3.97
4.23
3.95
4.07
3.88
3.65
3.59
4.04
4.03
4.19
3.85
3.68
3.69
3.81
3.18
3.35
3.28
3.00
2.16
2.32
3.32
4.19
2.80
2.95
3.50
3.65
3.46
3.38
3.89
3.87
3.58
3.86
3.62
3.53
3.91
3.62
3.25
3.77
3.76
3.92
3.54
3.80
3.38
3.28
3.69
3.69
3.54
3.14
3.67
3.58
3.24
3.79
3.30
3.41
3.50
3.11
3.50
3.39
2.89
3.16
3.02
3.06
3.42
3.33
3.20
3.14
2.94
2.76
2.23
2.72
2.96
2.75
2.70
2.49
3.17
3.09
1.98
2.24
2.07
2.37
2.41
1.57
2.09
2.26
2.25
2.23
2.18
1.93
2.23
1.94
1.36
1.63
0.97
0.98
1.82
2.79
2.76
2.77
2.04
2.22
2.26
2.38
2.42
2.64
3.38
3.56
3.15
4.25
3.15
3.23
3.18
3.64
2.22
3.00
3.09
3.06
3.32
3.70
3.33
3.21
3.13
3.47
3.27
3.20
3.22
2.79
3.39
2.60
2.23
2.77
3.03
3.12
2.92
2.85
2.90
1.91
2.02
2.47
2.51
2.59
2.75
2.62
2.87
2.51
2.79
2.54
2.54
2.42
2.61
3.05
2.89
2.80
2.41
2.48
2.91
2.72
2.46
2.06
1.44
2.91
2.44
2.57
2.58
3.41
3.35
3.50
4.60
4.24
3.79
4.08
4.11
4.19
4.04
3.97
4.14
4.03
4.11
3.96
3.72
4.07
4.16
3.79
3.89
4.02
3.53
3.86
3.71
3.49
3.90
4.01
4.05
3.47
3.77
3.71
4.22
3.88
4.00
3.75
3.69
3.84
3.51
3.77
3.74
4.13
3.97
3.38
4.18
3.91
3.93
4.29
3.82
3.85
3.86
3.97
3.94
4.13
3.87
3.98
3.99
3.76
4.09
3.76
3.73
4.17
3.84
4.26
4.59
4.10
4.18
4.04
4.06
3.87
4.07
3.84
3.83
3.67
3.74
3.69
4.10
4.11
4.47
3.95
4.08
4.33
4.32
3.80
3.82
3.95
4.56
3.72
4.32
4.02
3.76
3.89
4.01
4.32
3.83
4.60
4.10
4.47
3.86
3.72
4.23
3.95
3.98
4.36
4.29
4.21
4.18
4.84
4.04
3.92
4.29
3.88
4.11
3.90
4.56
4.20
3.91
4.61
4.57
4.39
3.98
4.15
4.60
4.20
4.45
4.37
4.12
4.12
4.39
4.20
4.02
4.07
4.19
4.25
4.60
4.13
3.95
4.37
4.34
3.91
3.88
3.62
3.67
3.83
3.88
3.86
4.03
3.84
3.74
3.81
3.98
4.21
3.82
3.99
4.42
4.01
4.10
3.94
4.37
4.45
4.12
3.99
4.63
4.25
4.19
4.41
3.89
4.06
4.49
4.28
3.84
4.35
4.29
4.42
3.95
3.92
4.11
4.18
4.19
3.81
3.85
4.07
3.74
4.08
3.85
4.02
4.04
3.98
3.97
4.15
4.44
4.30
3.84
3.90
4.20
4.25
4.38
3.83
4.19
3.75
4.29
4.06
4.00
4.28
4.32
3.88
4.15
4.48
3.98
3.67
3.46
3.88
3.46
3.64
3.83
4.10
3.57
4.02
3.59
3.74
3.94
3.79
4.01
3.86
4.08
4.01
3.82
4.38
3.98
3.81
3.85
3.99
3.79
4.30
4.00
3.63
3.74
3.97
3.51
3.70
4.02
4.18
4.10
3.45
3.65
4.24
3.77
3.92
4.08
3.74
4.28
3.86
4.23
3.95
4.48
4.37
4.17
4.13
4.16
4.32
3.79
4.06
4.16
4.01
4.03
3.93
3.53
4.25
4.13
4.05
4.47
4.10
4.31
4.17
3.83
4.19
4.11
4.58
4.32
4.36
4.42
3.77
4.17
3.79
3.84
4.23
3.78
3.31
3.12
3.30
3.34
3.55
3.66
3.58
3.92
3.49
3.66
3.60
4.09
4.19
3.66
3.50
3.97
3.76
3.88
3.78
3.92
3.86
3.92
3.56
3.93
3.82
3.54
3.68
4.13
3.48
3.62
3.41
3.61
3.70
3.52
3.72
3.33
4.17
3.79
3.28
4.10
3.56
4.19
3.86
4.05
3.39
4.10
3.92
3.47
3.62
3.70
3.64
4.04
3.85
3.60
2.99
3.57
3.70
3.77
3.92
3.66
3.63
3.31
4.42
4.26
4.48
4.15
4.03
4.36
3.78
4.33
4.39
4.06
3.89
4.30
3.46
3.48
3.10
2.81
3.07
2.94
2.82
3.17
2.96
3.34
3.14
2.95
3.06
3.19
3.16
3.54
3.58
3.79
4.42
4.24
4.35
4.76
4.26
4.24
3.81
4.18
4.61
4.80
4.19
3.76
4.50
4.08
4.10
3.98
3.90
4.01
3.91
3.76
3.93
3.87
3.70
3.77
4.32
4.66
4.43
4.20
3.94
3.97
3.48
4.41
4.17
4.33
4.39
3.70
4.00
4.64
3.85
3.76
3.58
3.49
4.02
3.89
3.46
4.50
3.90
3.88
4.00
4.05
3.90
4.33
3.89
4.21
3.31
3.91
4.02
4.13
4.28
3.78
3.95
3.93
3.65
3.76
3.91
3.84
3.58
3.75
3.99
4.17
3.69
4.11
3.51
3.64
4.44
3.55
3.70
3.69
3.58
3.95
3.88
3.69
4.09
3.65
3.88
3.50
3.77
3.71
4.16
4.21
4.19
3.95
3.96
3.58
3.73
4.17
3.69
3.97
3.94
3.91
4.00
3.99
4.06
3.85
3.97
3.85
3.77
4.23
3.93
3.25
3.41
3.59
3.55
3.40
3.57
3.42
3.56
3.62
3.70
3.55
3.57
3.82
3.15
3.28
3.89
3.37
3.38
3.37
3.57
3.99
3.56
3.68
3.45
3.75
4.03
4.23
3.78
3.51
3.54
3.67
3.88
4.47
3.95
3.99
4.01
4.44
4.09
4.30
3.75
4.36
3.80
4.58
3.85
3.67
4.27
3.87
4.21
3.98
4.28
3.87
4.00
3.93
3.76
3.86
3.91
4.05
3.81
3.96
4.10
3.72
4.02
3.99
3.82
3.76
3.68
4.11
3.96
4.05
4.32
4.07
4.12
3.93
4.02
3.98
4.67
4.03
3.97
4.26
4.20
4.45
4.24
3.96
4.28
4.11
3.85
3.63
3.84
3.58
3.82
3.80
4.08
3.76
3.61
3.53
3.75
4.47
3.91
4.14
4.34
3.96
4.37
3.91
4.41
4.59
4.01
4.30
4.18
4.24
3.63
3.74
3.67
3.72
4.48
3.22
4.10
3.98
4.70
4.16
4.10
3.95
4.62
4.09
4.28
4.51
4.31
4.41
3.88
4.11
3.89
4.58
3.73
4.43
4.32
4.36
4.35
4.72
3.23
4.55
3.80
4.43
4.18
4.51
4.34
3.56
3.63
4.17
4.14
4.04
4.23
3.91
4.15
3.60
3.94
4.12
4.09
4.02
3.95
4.12
3.87
3.94
4.17
3.76
4.04
3.95
4.09
3.90
4.15
3.94
3.78
4.68
3.93
3.75
3.98
3.83
4.00
3.88
3.70
3.95
4.06
4.28
4.15
4.19
4.37
4.60
4.47
4.52
4.56
4.27
3.92
3.89
4.23
3.98
4.07
4.08
4.27
4.52
4.39
4.22
4.10
3.99
3.96
3.79
4.29
3.76
4.24
4.23
3.91
4.34
4.66
4.38
4.48
4.64
4.51
4.17
4.13
4.16
4.24
4.15
4.07
4.32
3.94
3.97
4.01
4.06
4.19
4.35
4.00
3.85
5.04
4.18
4.21
4.19
3.94
4.02
4.65
3.92
3.52
4.13
3.99
4.03
3.73
4.29
4.48
3.84
4.38
4.25
4.19
4.17
4.45
4.14
4.04
4.40
4.18
4.22
4.11
4.01
4.46
4.39
3.90
3.77
4.40
4.20
3.93
4.27
4.64
3.98
4.47
4.48
4.09
3.87
4.08
4.20
3.97
4.11
4.13
4.15
4.10
3.91
3.77
4.31
4.41
4.10
3.84
4.04
4.09
4.45
4.48
3.94
4.46
4.14
3.95
4.52
4.60
4.47
4.08
3.88
4.29
4.36
3.84
4.09
4.39
3.35
3.83
3.84
3.95
3.97
3.29
3.85
4.08
4.09
3.88
4.14
3.88
4.00
2.32
3.18
2.16
2.63
3.04
3.13
2.74
3.13
2.53
2.27
3.00
2.88
3.76
3.43
3.83
4.32
3.76
4.27
4.34
4.99
4.53
4.71
4.53
4.72
4.40
4.76
4.50
3.67
3.21
2.36
3.51
3.66
3.52
3.44
2.96
2.87
4.01
3.57
4.79
3.72
3.72
3.84
3.79
4.00
3.98
3.95
4.22
4.28
3.86
3.01
3.51
4.01
3.90
4.60
4.88
4.57
4.43
4.30
5.38
5.15
4.07
5.20
4.13
3.31
3.78
3.86
2.94
4.04
4.46
4.51
4.01
4.40
4.28
4.41
4.70
4.85
4.66
4.53
4.60
4.61
4.73
4.67
4.50
4.59
4.48
4.42
3.77
4.09
4.43
4.65
4.35
4.67
4.84
4.71
4.50
4.34
4.71
4.30
3.62
4.41
4.50
3.39
3.63
3.63
4.51
4.61
4.76
4.56
4.44
4.66
4.60
4.76
4.21
5.00
4.37
4.34
3.21
3.75
3.58
3.41
3.65
3.96
4.10
3.54
4.98
4.18
3.46
3.51
3.45
4.06
3.72
4.44
3.86
3.83
4.48
3.79
3.81
3.81
4.09
3.94
3.52
4.37
4.12
4.34
3.99
4.01
3.65
2.78
3.66
4.12
3.39
3.90
3.40
3.51
4.11
5.13
3.38
3.68
3.77
3.79
3.27
2.87
2.70
2.75
3.14
2.97
2.92
2.92
3.99
3.39
2.58
3.69
3.28
2.89
3.48
3.48
3.32
3.58
3.53
3.74
3.12
3.47
3.14
2.82
2.86
3.07
3.35
2.99
3.94
3.19
4.64
5.22
4.92
5.04
3.39
4.15
4.13
4.80
2.61
3.54
4.82
5.42
6.31
5.48
5.15
5.34
5.81
5.32
5.63
5.45
5.62
5.21
5.56
5.80
4.83
5.12
5.98
5.29
4.23
3.93
3.77
4.46
3.79
4.02
4.64
3.97
4.54
4.72
4.50
4.79
4.39
5.13
5.25
4.63
4.79
4.74
4.73
5.39
5.23
5.09
5.41
5.34
5.17
5.31
5.61
5.22
5.56
5.57
4.97
5.43
5.21
5.41
6.02
5.60
5.85
5.24
5.50
5.57
5.44
5.89
5.66
5.62
5.59
5.05
4.66
4.46
4.39
4.64
5.46
5.12
4.64
4.85
4.91
5.43
5.39
5.80
2.59
4.13
4.33
4.17
3.52
4.39
4.23
4.72
2.39
2.20
1.98
2.08
2.48
3.38
3.21
4.04
3.34
4.20
4.58
4.50
4.74
4.00
4.62
4.57
4.72
5.69
5.10
5.30
5.06
4.56
4.65
5.32
5.78
5.29
5.15
5.17
4.56
5.32
5.19
5.90
4.02
5.16
5.49
5.87
5.32
4.53
4.38
5.08
5.15
5.05
4.86
5.21
5.16
5.13
5.08
5.21
4.80
5.34
5.00
4.10
4.19
3.90
3.60
3.33
3.53
4.33
3.70
3.45
3.63
3.79
3.37
3.57
3.76
4.87
4.39
5.31
6.70
5.93
5.44
6.03
6.73
5.06
4.86
4.47
4.71
5.05
4.55
3.30
3.76
4.84
5.36
5.04
4.72
4.59
4.91
5.26
5.14
5.58
4.87
4.54
5.06
4.14
3.84
3.51
3.04
3.42
3.37
3.37
3.67
3.93
4.37
5.83
5.59
5.03
3.92
5.29
5.77
4.64
5.02
5.02
5.36
5.01
5.11
5.11
5.23
4.91
5.42
4.92
4.85
5.20
5.65
5.56
5.15
4.99
4.13
3.64
3.75
4.29
3.83
3.72
3.91
4.58
3.89
4.26
4.70
4.71
3.16
3.68
3.35
3.65
2.65
3.85
4.72
4.81
4.89
5.10
4.85
5.01
4.29
4.52
5.56
5.04
5.47
5.58
5.73
5.03
4.40
5.30
5.22
5.01
5.75
5.32
5.14
4.46
5.10
4.34
4.84
5.42
5.13
5.11
5.31
4.27
3.80
4.65
4.58
5.68
4.96
5.15
3.85
3.48
3.40
4.75
5.24
3.80
4.71
4.44
4.55
4.30
5.09
4.52
4.41
4.71
4.57
5.23
4.84
4.06
5.11
4.34
4.20
5.42
5.39
5.85
5.92
5.55
5.12
5.09
6.08
5.69
5.28
6.05
6.14
5.91
6.08
4.58
5.38
5.20
5.58
5.42
5.14
5.00
5.39
5.08
4.56
5.15
5.34
5.41
5.88
5.90
5.86
6.02
5.66
5.79
5.65
5.28
5.49
5.95
5.73
5.67
6.81
5.69
5.92
5.93
5.60
5.89
6.05
6.16
6.24
5.32
5.31
5.71
5.81
5.22
3.79
4.29
4.50
4.89
5.01
5.46
5.55
5.29
5.56
6.02
5.54
5.64
5.10
5.55
5.74
5.21
4.70
3.65
3.42
4.60
3.73
3.53
3.79
4.13
4.05
3.94
4.41
3.68
2.72
3.01
3.51
4.01
4.06
3.97
3.94
5.82
5.43
4.95
5.06
5.31
4.82
4.94
4.61
4.04
2.59
2.03
1.34
1.95
2.14
2.39
2.12
1.95
2.24
2.08
1.83
1.86
1.63
3.07
1.88
2.94
2.15
2.09
2.35
2.48
1.63
1.39
2.21
1.60
1.77
1.83
1.56
2.24
2.29
1.85
2.80
2.40
2.14
1.87
2.24
2.84
2.46
3.24
3.48
3.25
2.43
1.38
1.72
1.96
2.90
2.04
2.21
2.70
2.05
2.94
1.66
2.10
1.56
2.01
2.34
3.69
4.18
2.71
3.09
2.94
3.95
4.31
4.60
4.50
4.25
4.91
5.10
5.05
5.10
5.27
4.64
4.65
3.94
4.47
4.22
4.98
5.06
4.82
4.47
4.12
4.27
5.01
5.30
5.00
4.77
5.10
4.69
4.64
5.24
5.38
4.94
4.57
4.39
4.25
4.62
5.41
6.09
5.42
5.98
5.49
5.39
5.56
5.77
5.71
5.90
5.34
5.51
6.16
6.34
5.91
5.10
5.72
5.55
6.16
5.47
4.39
4.48
4.88
4.88
4.41
4.42
4.94
4.70
5.00
5.19
5.33
4.48
4.69
5.10
4.81
5.72
4.66
3.84
5.62
5.20
5.28
5.56
6.13
4.79
5.16
4.72
5.73
5.09
4.75
4.04
4.78
5.43
4.10
4.94
4.14
4.32
5.69
6.06
5.85
6.30
5.74
5.48
5.85
5.57
6.57
5.67
5.27
6.11
5.97
5.05
5.90
6.00
6.22
6.44
5.79
6.05
6.69
6.53
6.27
6.64
5.57
5.40
4.99
5.78
5.06
4.06
4.55
4.81
5.00
5.02
4.19
4.99
5.73
5.00
4.96
4.32
4.32
3.20
3.65
3.54
3.95
4.96
4.31
4.53
4.59
5.36
5.03
5.80
5.17
6.18
6.33
6.61
6.60
6.87
7.28
7.72
7.02
6.96
6.32
7.15
6.70
6.27
6.52
6.52
7.00
6.40
6.57
6.19
5.81
6.52
5.81
6.29
7.00
6.47
6.82
7.58
6.37
7.19
6.84
7.42
7.62
7.85
7.58
6.99
6.52
5.66
5.47
5.40
6.09
6.39
6.40
7.61
7.35
7.24
7.70
7.84
7.20
6.81
5.72
5.70
6.18
6.28
6.97
6.79
7.26
7.18
7.03
6.96
6.34
5.28
6.09
6.08
6.70
6.28
6.20
6.47
7.49
6.76
6.05
5.49
6.22
5.71
5.87
5.58
5.74
6.15
5.88
5.29
5.55
6.34
5.83
6.38
5.91
6.23
6.83
5.49
6.28
5.50
5.45
5.60
5.42
5.52
5.27
5.69
5.93
5.56
5.78
6.16
6.74
5.91
5.93
5.53
5.43
5.89
5.34
5.15
5.49
5.25
5.36
5.43
5.29
5.20
5.15
4.94
5.55
5.23
5.03
5.25
5.48
5.31
5.53
5.24
5.23
4.89
4.96
5.32
4.96
5.19
4.89
5.00
5.05
4.86
4.76
4.32
4.67
4.44
4.96
4.89
5.00
5.21
4.41
5.15
4.54
4.67
4.44
5.26
5.11
4.90
5.12
5.07
4.68
4.36
5.00
4.76
4.98
4.54
5.17
4.43
4.64
4.50
3.59
4.73
4.28
3.15
4.28
4.20
3.43
3.06
2.53
4.15
4.29
4.42
4.75
4.82
4.84
5.25
5.63
5.15
4.85
4.84
3.58
4.89
4.70
4.39
4.86
4.47
4.77
4.54
4.54
4.71
4.66
4.34
4.08
4.67
2.81
3.52
3.23
3.99
4.32
2.72
2.53
2.84
2.73
3.23
3.86
4.21
3.72
3.57
3.59
4.20
4.75
4.00
4.09
4.15
3.98
4.82
5.26
3.82
3.37
4.16
4.33
4.93
4.78
5.01
4.94
4.34
4.52
4.88
4.81
4.77
5.41
6.02
5.59
5.46
5.36
5.27
5.34
5.11
4.97
5.27
5.43
5.20
4.92
4.75
5.79
5.88
5.91
5.73
4.96
4.80
4.85
5.45
4.56
5.01
4.81
4.16
4.88
4.07
3.76
4.43
4.77
3.76
4.11
4.33
4.19
3.70
4.12
3.93
3.94
4.24
3.85
4.24
3.84
4.22
3.58
3.67
4.14
3.48
3.79
3.94
4.53
4.27
3.71
3.51
3.60
3.69
3.83
4.14
4.17
4.18
5.94
5.29
4.90
5.46
5.80
5.41
5.71
5.54
5.64
5.87
5.81
5.41
5.47
5.55
5.65
5.72
5.59
5.75
5.25
5.38
5.50
5.72
4.94
5.42
5.46
5.16
5.24
4.36
3.63
4.24
4.28
4.07
4.24
4.10
4.62
4.30
4.39
4.27
4.32
3.70
4.03
4.14
6.30
4.99
4.65
4.24
4.49
4.48
4.51
5.44
5.24
4.95
5.00
4.82
5.18
4.95
4.73
3.98
4.13
4.25
4.62
4.34
4.78
4.26
4.42
4.65
3.73
4.23
4.36
4.74
4.14
3.71
4.03
4.09
4.21
3.90
4.25
4.69
4.64
3.66
3.65
4.40
3.99
3.53
3.99
3.74
3.53
4.35
4.05
4.31
4.37
4.87
4.51
4.97
4.15
4.29
4.10
4.06
4.01
4.39
3.91
4.07
3.95
4.08
3.87
3.85
3.95
4.29
4.32
4.94
4.64
4.42
5.17
4.71
4.33
4.81
4.45
4.57
4.63
4.12
4.67
4.63
4.78
4.21
4.79
4.13
4.55
4.61
4.03
3.60
3.77
3.82
3.61
3.91
3.79
3.93
3.87
3.76
4.40
4.43
3.80
3.76
4.02
3.92
3.97
4.05
3.99
4.33
4.17
4.28
4.14
4.08
4.31
3.74
3.88
3.32
4.22
3.61
3.39
3.67
3.92
3.31
3.63
4.01
3.81
3.74
3.66
3.70
3.64
3.82
3.88
3.82
3.49
3.50
3.56
3.56
3.41
3.66
3.66
3.65
3.57
3.32
3.77
3.44
4.04
3.79
4.09
3.76
3.78
3.85
3.91
3.83
3.53
3.76
4.08
3.28
4.01
5.03
3.63
4.26
3.22
3.34
4.52
4.11
4.11
3.90
3.78
3.43
4.10
3.53
3.35
3.76
3.32
3.45
3.51
3.58
3.47
3.61
3.78
3.85
3.95
3.72
3.83
3.82
3.47
3.62
3.95
4.06
3.54
3.81
4.03
3.71
4.06
4.21
3.49
4.00
3.47
3.25
3.43
3.58
3.72
3.39
3.44
3.50
3.64
3.30
3.39
3.70
3.72
3.87
3.77
4.89
4.82
5.04
4.67
3.95
3.95
4.58
4.71
4.72
3.66
4.22
4.61
3.91
4.49
4.29
4.21
3.74
3.95
3.54
4.22
4.56
4.58
4.65
4.67
4.67
4.49
4.64
4.57
4.64
4.54
4.50
5.08
4.36
5.21
4.89
3.96
3.75
4.31
3.79
3.69
3.81
3.46
3.98
4.52
3.54
3.55
5.00
4.98
5.12
5.27
5.17
4.97
5.39
5.44
5.18
5.44
5.44
5.56
4.88
5.14
5.27
5.35
5.08
4.81
4.76
5.10
5.46
5.78
5.16
4.67
5.39
5.24
5.62
5.06
4.92
5.14
4.94
5.29
4.79
4.67
5.48
4.53
5.18
4.67
4.86
4.30
4.63
4.72
4.49
4.65
5.43
5.10
5.55
6.19
5.69
5.41
5.48
5.37
4.36
5.12
5.27
4.84
4.72
4.17
4.74
4.54
4.57
4.51
4.30
4.64
4.68
4.80
4.74
5.18
5.70
5.53
5.71
5.64
5.29
5.15
5.17
5.39
5.04
5.14
5.73
5.75
5.42
4.89
4.85
4.76
5.23
5.20
5.16
5.28
5.30
5.94
5.18
5.78
5.50
5.46
5.25
5.53
5.71
5.26
4.84
5.04
5.29
5.31
5.32
5.06
4.91
4.89
4.52
4.25
4.34
5.24
5.32
5.18
5.81
5.21
4.65
5.64
6.10
5.94
5.09
5.12
5.03
5.16
5.16
5.53
5.43
5.53
4.71
5.30
5.01
4.84
5.14
4.99
5.02
5.38
5.22
5.18
5.58
5.06
4.65
4.73
4.86
4.34
4.50
5.09
4.91
4.26
4.74
5.01
4.86
4.81
4.59
4.39
4.29
4.47
4.67
4.63
4.91
4.85
4.98
4.49
4.88
5.04
4.88
5.24
5.02
4.80
5.16
4.89
4.96
5.57
5.47
4.79
4.81
4.63
3.68
4.06
4.54
4.01
4.44
3.97
4.36
4.75
4.42
4.79
4.28
4.88
4.51
4.64
4.45
4.89
4.44
4.99
4.95
4.95
4.46
4.01
4.55
4.84
3.84
4.25
3.89
4.36
3.42
3.72
3.94
3.95
4.11
4.03
3.64
4.55
4.07
3.95
4.39
4.09
4.05
4.02
4.40
4.13
4.15
4.28
4.49
4.82
3.93
4.53
4.25
4.02
3.94
4.42
4.43
4.27
4.06
4.80
5.09
4.88
5.05
5.15
4.47
4.48
4.22
4.67
5.01
4.30
4.96
5.04
4.71
4.48
4.90
5.11
4.13
4.49
5.14
3.41
4.44
3.88
4.20
4.85
5.09
5.00
4.44
4.25
4.53
4.78
4.32
4.05
4.42
4.23
4.12
4.01
3.81
3.83
4.61
3.96
4.37
4.65
4.73
4.81
4.84
4.30
3.85
3.74
4.31
4.67
3.90
4.48
4.26
4.43
4.30
4.22
4.80
4.25
3.93
4.15
4.20
4.41
4.41
4.65
5.07
4.22
4.18
4.25
4.18
3.93
4.78
4.52
4.57
4.50
4.40
4.81
4.82
4.87
4.33
4.37
4.29
3.94
4.56
4.27
3.93
4.78
3.77
4.32
4.26
4.18
4.16
4.16
3.87
3.85
3.90
4.13
4.15
4.35
3.73
3.55
4.02
4.63
4.28
4.01
4.25
3.93
4.39
3.82
3.94
4.07
4.24
4.14
4.25
4.25
3.99
3.98
4.09
4.37
4.18
3.95
4.23
4.10
4.13
4.13
4.00
4.30
3.51
3.68
3.61
3.98
4.08
4.57
3.76
3.91
4.44
3.57
4.08
4.01
3.96
4.05
4.09
4.27
4.16
3.93
3.86
3.98
4.26
4.23
4.06
4.23
4.22
4.47
3.76
4.31
4.29
4.34
4.31
4.33
4.23
4.15
4.46
4.50
4.30
4.21
4.20
4.00
4.22
3.75
4.13
4.02
4.14
3.87
3.60
4.38
3.66
3.63
4.11
4.04
4.45
3.80
4.24
4.38
4.70
4.49
4.32
4.29
3.87
4.34
4.04
4.09
3.58
3.23
3.99
4.49
4.38
4.04
4.08
3.53
4.27
4.25
4.32
4.18
4.09
4.25
4.23
4.35
4.71
4.44
4.09
4.30
4.07
4.37
3.87
4.04
4.16
3.95
4.15
3.99
4.28
4.17
4.45
4.27
4.56
4.08
4.64
4.45
4.26
4.38
4.35
4.54
4.44
4.54
3.97
4.28
4.40
3.94
4.43
4.36
4.33
4.46
4.40
4.34
4.27
3.87
4.06
4.16
4.27
4.34
4.63
4.26
3.32
3.12
3.07
2.84
3.13
3.30
3.62
3.35
4.04
3.05
2.93
3.32
3.60
3.59
3.14
3.44
4.26
4.11
3.68
3.56
4.06
