18.31
12.83
12.47
11.39
10.36
8.46
7.57
7.53
9.08
10.27
10.02
10.14
10.00
9.92
9.81
10.89
9.73
10.41
9.69
10.94
12.41
13.03
13.09
12.74
13.07
13.76
13.76
12.28
13.13
12.50
12.67
13.03
14.09
13.32
13.04
12.92
13.21
12.85
12.15
13.03
13.77
11.57
11.83
12.10
11.63
11.95
12.16
12.05
12.17
13.10
10.66
12.15
11.42
9.01
9.55
9.77
11.90
11.02
9.79
10.49
10.79
10.85
10.80
10.55
9.35
9.67
11.51
11.59
11.72
10.67
11.16
10.81
10.72
10.25
12.12
12.18
11.06
11.38
12.79
12.18
13.27
13.05
12.52
13.36
12.87
13.96
12.71
13.83
12.78
12.39
12.47
13.43
12.61
12.60
11.29
12.00
12.32
12.24
12.44
11.53
12.43
12.81
13.37
13.95
13.19
12.60
13.13
14.88
11.61
12.81
13.53
12.69
11.64
10.41
11.84
11.61
10.99
11.09
9.91
11.40
11.48
11.65
11.15
10.54
11.51
11.50
11.61
11.82
12.03
10.56
11.09
10.19
9.94
10.87
12.75
12.57
12.00
11.09
11.11
12.28
13.16
12.10
11.68
12.47
11.94
11.77
11.59
10.59
11.14
11.77
11.32
12.91
13.63
11.35
11.13
11.60
10.84
12.03
13.44
13.26
12.48
13.44
13.40
12.47
12.58
13.69
13.69
13.69
14.78
13.93
14.02
13.13
14.04
13.54
13.07
12.58
13.80
14.02
14.42
13.98
14.38
14.84
12.97
14.19
15.15
14.72
14.62
14.03
13.07
14.11
14.12
13.68
14.49
13.40
14.57
13.83
12.71
14.10
13.65
12.69
12.08
11.73
11.71
12.18
12.34
13.58
14.06
13.36
12.74
13.53
13.72
14.35
13.38
14.53
13.37
12.94
12.84
13.92
12.88
12.70
13.95
13.25
14.18
14.08
13.55
12.97
12.47
12.34
12.62
14.11
13.77
14.04
13.31
13.75
13.76
14.31
13.75
12.74
14.13
13.20
13.39
12.83
13.12
13.13
13.83
12.87
12.40
13.28
11.70
12.35
12.08
12.81
13.34
13.37
12.46
11.88
12.63
11.49
12.64
13.49
13.80
14.10
13.69
13.71
13.38
13.21
13.62
14.08
14.00
13.04
13.10
13.35
12.92
12.63
12.75
14.16
14.11
14.80
14.00
14.53
15.05
15.46
15.82
14.60
14.35
13.82
12.77
13.63
13.99
14.67
14.66
15.32
15.59
15.43
15.54
15.33
15.19
14.85
15.12
14.56
14.07
13.26
14.62
14.36
15.56
15.54
14.40
14.63
14.11
14.47
15.36
12.95
14.56
13.27
13.72
14.45
14.70
15.01
13.48
14.02
13.70
14.45
14.85
12.85
13.24
14.52
14.08
14.98
15.90
14.14
13.90
13.70
14.37
13.26
12.58
13.75
13.82
13.33
12.83
12.77
13.05
12.42
12.08
12.37
13.20
11.82
11.36
12.24
12.53
12.80
13.68
13.57
11.99
12.79
12.68
12.59
11.94
11.00
11.50
13.33
13.52
13.58
12.82
12.85
11.92
11.76
12.47
12.33
11.31
11.54
12.82
11.55
11.93
12.06
12.99
12.49
12.41
13.41
12.20
12.39
13.17
12.37
12.89
12.35
13.97
13.12
12.24
12.49
12.95
13.00
12.72
11.95
12.07
13.04
12.16
12.72
12.82
11.16
12.43
13.00
12.47
13.16
12.68
11.44
12.64
14.04
12.89
13.68
13.22
13.14
13.41
14.18
13.10
13.02
14.12
12.52
13.66
13.49
12.47
12.52
12.45
12.79
12.03
12.47
11.95
12.05
12.96
13.22
12.82
13.25
12.86
12.61
12.89
13.25
14.28
13.09
12.45
13.04
12.63
13.16
13.15
13.49
12.20
13.28
13.64
12.76
12.27
12.65
13.18
13.25
11.78
12.80
13.26
12.69
12.66
13.09
12.24
12.14
13.73
13.27
13.21
11.92
11.84
11.75
10.99
12.41
11.98
12.08
12.15
13.07
12.50
12.60
12.73
12.21
12.39
12.73
12.12
12.11
12.69
12.34
12.37
12.71
12.55
13.90
13.79
11.90
11.98
12.75
12.37
12.15
12.23
13.49
13.60
14.09
12.38
12.64
12.53
12.79
11.76
13.62
12.60
12.49
11.90
13.56
13.37
12.87
11.93
13.08
13.20
12.19
13.59
14.62
15.04
14.08
14.81
14.97
15.52
14.91
14.63
14.81
15.23
15.14
14.84
14.50
14.35
14.79
15.12
14.99
14.98
14.84
14.49
15.33
14.83
15.41
13.65
14.84
15.42
15.83
14.97
15.09
14.62
15.82
14.07
14.60
14.48
14.92
15.01
12.57
12.45
13.88
13.46
12.81
13.22
12.28
14.70
13.92
15.19
14.29
12.08
13.49
13.85
14.24
12.78
13.33
11.29
11.74
12.28
12.38
12.23
12.82
12.27
12.55
12.25
11.89
12.79
11.94
12.49
14.16
13.96
14.09
13.37
14.22
15.02
14.66
15.17
15.13
14.58
14.74
13.87
14.58
13.84
14.08
14.90
14.51
15.16
14.58
15.36
13.79
14.89
14.32
14.03
13.75
13.69
13.69
12.75
14.86
14.26
14.35
14.13
14.82
14.85
14.61
15.09
14.37
13.80
14.47
14.70
15.51
15.29
15.79
16.06
16.11
15.48
15.77
15.97
15.40
15.66
15.03
14.67
15.16
14.34
14.50
14.49
14.67
13.21
14.44
15.09
14.48
13.88
13.78
14.63
15.16
16.12
16.42
15.03
15.22
14.32
14.99
16.41
14.92
15.69
14.62
15.17
16.26
14.31
15.01
14.72
14.95
15.79
15.06
15.50
15.67
14.26
14.94
16.27
15.84
15.52
15.44
16.06
15.27
16.10
14.66
15.60
15.35
14.65
15.02
15.29
14.61
14.63
14.41
14.63
13.59
14.40
13.03
13.82
14.35
13.73
14.08
14.04
14.33
15.40
14.90
14.01
14.55
14.49
14.40
15.43
14.75
14.63
14.01
14.04
15.19
14.66
14.77
15.19
15.06
15.51
14.61
14.76
14.90
15.08
14.80
14.72
14.50
14.80
13.91
16.09
15.63
15.60
15.36
15.24
15.28
14.44
15.03
14.26
14.14
13.82
14.60
14.09
15.19
14.88
13.44
14.45
15.12
15.14
15.08
14.65
14.86
14.17
14.69
15.44
14.47
14.78
14.28
14.50
14.69
14.80
14.29
14.41
14.51
14.21
15.21
15.26
15.06
14.86
14.62
14.30
14.07
13.93
14.90
14.66
14.12
14.61
14.30
14.30
14.65
15.39
14.47
13.58
14.20
12.57
12.66
13.19
13.07
13.83
13.17
13.46
14.05
13.77
12.70
12.44
12.98
12.99
13.61
13.41
13.99
13.62
13.25
13.61
12.81
13.49
13.98
14.35
13.54
12.47
13.87
12.84
12.86
14.26
13.27
13.76
14.94
15.03
14.60
14.93
14.22
14.35
14.57
13.99
14.07
14.52
14.47
14.46
14.23
13.91
15.08
14.05
14.35
14.42
14.35
14.27
14.61
14.25
14.60
13.17
14.05
13.98
13.72
14.79
13.98
14.03
14.36
14.50
14.34
14.56
13.46
13.33
12.49
12.87
13.57
12.25
12.71
13.21
13.50
14.69
14.23
14.74
13.39
12.79
13.75
14.04
14.32
13.38
13.48
14.03
14.06
14.46
14.81
14.90
13.84
14.87
14.74
13.79
15.10
14.07
15.47
14.59
14.58
14.31
13.53
13.48
13.39
12.15
13.11
12.04
12.11
12.88
11.59
12.02
11.33
14.60
14.58
15.05
14.88
15.40
15.56
15.78
14.33
14.42
15.38
15.19
14.73
15.07
15.34
14.86
15.15
14.40
15.64
15.39
15.16
14.90
14.71
14.99
15.42
15.98
16.07
15.34
14.34
15.00
14.44
16.32
15.91
16.36
15.65
16.43
16.59
17.59
16.16
16.40
14.72
15.09
15.48
16.28
16.07
14.81
15.25
15.50
16.37
15.62
16.31
14.89
14.64
15.12
15.25
15.41
15.50
16.86
16.57
16.30
16.31
16.69
15.31
13.68
14.99
16.41
15.93
15.28
15.74
15.86
15.36
15.78
16.03
14.90
15.19
16.14
15.20
16.00
15.41
16.34
16.15
16.19
15.44
15.02
15.02
15.33
15.67
16.58
15.94
15.15
15.44
14.64
14.82
14.99
15.01
15.18
15.10
14.35
15.05
15.20
14.66
14.69
14.85
14.77
14.68
15.01
13.80
14.71
14.73
15.20
14.63
15.04
14.69
14.94
14.66
15.40
15.47
14.80
14.70
13.91
15.85
15.19
15.49
14.97
15.63
14.52
15.39
14.83
15.07
14.94
14.47
14.50
14.63
15.02
15.54
15.50
15.06
15.30
15.30
15.49
14.18
14.86
15.16
15.57
16.02
16.41
15.85
16.13
15.23
16.20
15.64
14.91
14.88
15.73
15.21
15.94
15.90
15.68
15.68
16.31
16.89
17.00
15.35
16.37
16.06
15.33
15.32
16.08
15.19
15.11
15.31
15.04
15.46
14.53
14.97
14.65
15.38
14.66
14.77
14.80
14.36
15.97
15.00
14.97
14.50
14.51
15.84
16.04
16.91
16.77
16.13
16.92
15.27
16.54
16.13
14.79
15.54
16.22
16.75
15.63
16.13
16.13
14.62
15.10
15.44
14.31
15.90
14.60
15.30
15.27
15.31
15.84
15.46
15.72
15.05
15.16
15.36
16.66
15.66
16.07
14.92
16.20
15.26
15.35
15.99
15.63
15.44
15.34
15.47
16.43
14.79
15.98
16.38
15.68
15.55
16.00
16.01
16.70
16.35
16.88
16.75
16.52
16.39
15.66
15.92
15.07
15.83
17.11
16.50
16.87
16.71
15.78
16.77
15.95
17.62
16.42
16.00
16.11
16.42
15.85
16.30
15.52
15.68
15.24
16.01
16.32
16.58
15.63
15.27
14.60
15.90
15.21
14.65
15.23
15.48
15.69
15.97
15.80
15.72
15.69
16.44
15.94
15.57
16.17
15.84
16.07
16.10
16.50
15.94
16.12
16.49
15.61
15.92
15.85
15.45
16.24
15.50
16.45
16.07
16.26
15.85
15.41
16.71
15.91
16.63
17.23
16.75
16.64
16.15
16.28
17.45
16.27
16.74
16.29
15.84
16.68
15.91
15.87
15.53
16.09
15.83
15.56
15.49
16.02
15.80
16.15
16.59
16.97
15.31
15.49
16.84
15.95
14.26
16.17
15.34
15.57
15.90
16.35
15.99
15.71
16.07
15.44
16.90
16.21
15.56
16.45
16.12
16.34
15.85
16.38
16.57
17.56
16.27
17.03
16.02
15.10
16.25
15.85
15.09
15.30
15.13
15.22
15.62
14.74
15.55
16.62
16.94
16.05
16.17
16.69
18.16
15.93
15.41
15.82
14.73
14.64
16.34
14.86
14.56
14.04
14.24
15.18
14.67
13.70
15.83
16.46
15.04
15.52
17.15
15.93
15.56
16.12
16.36
14.59
14.73
14.90
14.17
14.93
14.71
14.43
15.36
15.61
14.34
15.04
15.86
13.88
14.50
15.97
16.10
16.03
16.40
16.76
16.48
16.06
15.29
15.11
15.17
16.18
17.35
16.38
14.70
14.16
14.52
14.36
14.67
14.96
14.62
14.23
15.17
14.92
14.41
14.72
15.29
15.13
14.85
15.42
14.56
15.29
15.55
15.31
15.22
15.15
15.49
15.45
15.32
14.23
14.12
16.03
15.57
15.88
15.12
14.75
16.02
15.98
15.16
16.25
15.63
14.76
13.50
14.21
12.75
14.66
13.51
14.69
13.72
13.42
13.79
12.99
14.06
13.03
13.84
14.51
14.25
13.90
13.15
14.74
12.03
14.39
14.91
15.35
15.74
15.60
16.07
14.99
14.86
14.04
14.01
13.48
15.04
14.63
14.93
14.44
14.51
15.78
15.90
15.41
15.51
14.59
16.17
15.25
15.72
15.48
14.43
15.31
15.44
15.66
15.00
16.04
15.22
15.24
15.94
15.65
17.34
15.80
15.70
15.73
15.36
15.25
14.91
15.93
16.04
15.39
15.51
15.29
15.05
14.50
15.42
15.05
14.95
15.54
14.58
13.52
14.04
14.51
14.66
15.50
14.90
15.01
14.83
14.81
15.14
14.80
14.94
15.24
15.09
14.52
15.10
14.67
14.81
15.49
15.08
15.81
15.31
15.12
15.20
15.15
15.27
15.58
14.93
15.44
14.72
14.86
14.89
16.09
15.23
15.63
15.55
15.62
16.51
14.95
14.38
15.45
15.26
14.72
15.61
15.61
14.95
15.39
15.68
15.38
14.99
15.41
15.71
15.17
14.85
15.09
14.95
15.39
14.50
15.29
15.66
15.62
15.07
15.20
15.76
15.42
14.49
15.77
14.98
15.79
15.99
14.97
15.53
15.80
14.55
15.02
15.36
15.41
15.83
16.37
15.39
15.96
15.33
15.92
15.11
15.19
15.14
15.09
14.59
15.33
15.91
15.87
15.59
15.98
15.96
15.55
15.76
16.11
15.32
15.18
15.07
15.25
16.06
15.60
15.13
14.72
15.07
15.29
15.75
15.28
15.02
15.29
15.38
15.81
14.88
15.13
14.88
14.79
16.16
14.45
14.81
15.60
15.22
14.64
15.87
15.14
15.29
15.69
15.27
16.23
15.62
15.82
15.65
15.54
15.05
16.51
15.57
16.62
15.43
15.29
16.24
16.34
15.87
15.73
15.31
15.48
15.46
14.81
15.34
15.40
16.50
16.67
16.89
16.21
15.57
15.78
16.09
16.26
17.03
16.17
15.46
15.70
15.36
15.94
15.24
15.39
15.49
15.20
15.52
15.39
15.41
15.05
15.41
15.07
15.43
15.92
15.21
15.77
15.82
15.37
15.40
15.35
14.76
15.12
16.03
16.37
15.60
16.08
15.92
15.41
16.52
15.47
15.91
14.19
14.62
15.26
15.78
16.46
16.65
16.26
15.98
15.96
15.34
15.15
15.69
16.28
16.19
15.54
16.13
15.79
16.20
15.28
15.24
15.50
15.62
15.85
15.11
14.68
14.89
14.81
15.99
15.11
15.28
15.24
15.70
16.22
15.89
15.78
15.63
15.97
14.59
15.17
15.08
15.56
15.79
15.69
15.89
15.43
16.33
16.29
16.20
15.93
16.38
15.79
15.83
14.90
16.29
14.86
15.41
15.04
15.59
15.51
15.46
15.04
14.45
15.54
14.95
15.75
15.28
15.00
15.96
15.67
16.26
16.20
15.79
15.49
15.08
15.71
15.79
15.95
14.66
16.04
15.61
15.20
15.40
15.22
15.28
16.02
16.09
15.79
15.74
15.94
15.72
15.05
15.07
15.61
14.38
15.15
14.89
16.34
15.17
14.27
14.42
14.74
14.82
14.99
14.69
14.51
14.78
14.45
15.17
15.17
16.03
15.68
15.67
15.48
16.29
15.92
16.17
15.52
15.99
15.31
15.02
15.52
16.19
15.72
15.35
15.24
16.18
16.26
15.51
16.46
15.92
15.84
15.98
15.82
15.86
15.64
15.58
15.34
15.26
15.92
15.44
15.80
14.77
15.76
15.44
16.19
16.01
15.93
15.62
15.72
16.06
16.53
15.81
14.87
15.75
14.81
16.14
15.08
16.08
15.09
14.45
15.62
15.67
16.37
15.95
15.93
15.46
16.18
16.42
15.51
15.91
15.97
16.20
16.20
16.62
16.06
15.46
15.33
16.02
15.91
16.64
15.81
15.95
16.18
16.10
16.89
15.24
16.49
16.02
15.62
15.71
16.10
15.82
15.64
15.47
16.02
15.92
15.81
16.65
16.44
17.24
16.81
16.22
16.35
15.38
16.47
15.57
17.34
17.79
17.68
16.25
17.38
15.82
16.78
16.06
16.74
15.71
16.89
15.38
15.06
16.15
14.73
15.76
15.32
15.63
14.97
15.84
14.51
14.49
14.52
15.54
14.96
14.95
15.78
15.31
15.97
16.24
14.74
15.22
14.90
15.28
15.04
15.12
16.19
14.66
15.22
15.78
15.06
14.83
15.12
15.36
14.65
14.38
14.68
15.43
16.44
16.67
16.41
16.06
16.17
16.47
15.78
15.70
14.80
14.67
14.11
14.60
14.23
14.09
15.64
13.90
13.62
14.24
14.68
14.20
13.98
14.56
14.60
14.07
14.61
14.30
14.95
15.10
14.96
14.07
13.64
14.06
14.46
13.72
15.17
15.07
15.30
15.85
15.24
14.69
14.90
14.33
14.90
14.74
14.89
14.30
13.58
14.58
13.71
13.94
14.52
14.38
13.95
14.57
14.22
14.81
14.60
14.83
15.01
14.67
14.92
15.17
15.38
14.51
14.04
15.12
14.54
15.44
16.15
15.36
15.83
15.05
15.59
16.10
16.58
16.49
16.30
17.53
17.24
17.39
16.07
16.86
16.80
15.43
16.28
15.83
16.44
16.42
17.37
17.49
16.53
16.91
16.73
16.69
17.18
16.65
16.58
16.30
16.89
16.51
16.60
16.82
16.85
16.93
16.28
15.65
15.95
16.65
15.78
16.43
16.68
16.68
16.78
16.46
16.78
16.84
17.13
17.14
15.72
17.06
17.18
16.97
16.92
16.05
17.24
16.34
16.86
16.43
16.05
16.08
16.01
16.23
15.98
15.80
16.22
16.45
16.79
16.23
17.05
16.92
16.44
16.63
16.09
16.27
16.64
16.72
16.50
16.07
16.51
16.36
16.43
16.21
15.86
15.89
16.40
16.54
16.64
16.16
16.84
16.12
15.74
16.91
15.66
15.93
17.05
16.30
16.56
16.42
16.30
15.47
15.51
16.59
16.24
15.84
15.72
15.94
16.53
16.52
15.40
15.63
16.01
17.55
16.29
17.11
16.55
16.75
17.85
17.29
17.12
17.08
16.71
16.67
16.11
16.51
16.63
16.97
16.76
16.52
17.21
16.98
17.25
16.84
16.54
17.11
17.17
17.87
16.83
16.56
17.15
17.98
17.73
17.79
17.04
17.10
17.11
16.88
17.81
17.27
17.05
16.02
16.77
16.76
16.52
16.31
16.55
16.45
16.79
17.17
17.36
16.74
16.36
16.39
16.71
16.50
16.82
16.90
16.40
16.04
15.99
16.43
15.80
15.47
17.13
16.62
17.18
16.80
16.83
16.70
17.07
15.94
16.55
17.46
16.44
17.10
16.16
16.68
16.14
16.42
16.69
16.35
15.88
16.50
16.22
16.49
15.38
15.71
15.79
16.33
16.28
16.66
17.12
17.04
16.89
17.11
17.42
16.19
16.78
16.92
16.02
15.99
16.53
15.81
16.35
16.05
15.22
16.36
15.37
15.22
15.49
15.77
15.82
16.06
17.52
16.24
16.55
15.90
15.91
15.72
16.35
15.52
16.04
16.13
16.69
14.48
15.50
16.22
15.58
16.56
14.91
15.57
15.50
15.81
15.62
16.14
15.19
15.28
15.95
16.52
15.89
15.80
15.09
15.75
16.37
16.12
16.83
16.45
16.31
16.25
16.27
16.84
16.42
17.11
15.91
16.18
16.13
17.68
16.15
16.89
15.10
15.04
15.20
16.23
16.21
15.79
16.09
16.50
16.34
16.44
16.46
16.06
17.03
16.07
15.53
16.80
16.33
15.28
16.95
16.14
14.74
15.67
15.15
14.91
15.61
15.92
15.71
16.55
16.21
15.53
16.38
15.80
16.07
16.08
14.99
16.52
16.88
16.17
15.87
16.42
16.00
14.97
15.59
16.43
16.57
15.78
15.15
16.00
15.96
16.09
15.68
15.40
15.85
15.44
15.75
15.77
16.16
15.97
16.13
16.31
16.01
15.08
15.20
15.22
15.07
16.36
15.84
16.34
15.53
16.02
15.22
15.90
15.41
15.85
16.03
15.55
15.38
15.67
15.56
15.92
15.76
16.02
15.08
14.83
14.84
15.09
15.53
15.32
16.00
15.46
15.91
15.42
15.17
15.97
14.81
15.54
15.16
15.28
15.42
15.76
15.83
15.86
15.04
15.83
16.82
15.91
15.39
16.40
15.85
15.98
15.32
16.21
16.40
15.90
15.45
15.75
15.94
16.21
15.59
16.26
15.31
15.31
15.30
15.56
15.90
16.12
16.61
15.99
15.64
15.02
15.31
14.55
15.82
15.89
15.76
15.79
15.15
16.38
15.58
15.51
16.32
16.20
15.27
16.41
16.22
15.92
15.97
14.86
16.38
16.36
16.75
16.46
15.84
16.29
16.73
15.54
16.20
16.18
15.99
16.19
15.65
15.67
15.49
15.22
16.28
15.87
15.81
15.83
15.86
15.87
15.90
15.75
15.68
15.99
15.85
15.27
15.79
15.65
16.70
15.58
16.30
16.10
16.12
15.95
15.98
16.70
15.44
16.96
15.66
15.79
15.05
15.50
15.31
15.16
15.85
16.26
15.75
15.83
15.77
15.75
15.87
16.09
15.86
14.99
15.19
15.95
16.33
16.02
15.92
16.12
16.01
16.31
16.41
15.54
15.81
15.92
16.43
17.34
15.85
15.77
15.62
16.31
16.21
16.35
16.33
16.38
16.21
16.00
16.10
16.67
16.40
16.32
16.82
16.62
15.14
15.19
16.04
15.57
15.72
16.44
16.49
17.10
16.08
16.52
16.20
15.85
16.96
16.65
16.88
16.42
16.55
16.40
16.06
16.79
15.43
15.81
15.65
16.29
15.95
15.50
15.15
16.04
16.81
16.00
16.45
16.63
16.84
16.16
15.77
16.45
16.48
16.59
16.61
16.18
15.79
16.20
15.06
16.05
16.08
15.63
16.45
15.51
15.72
16.33
17.32
16.15
16.48
16.65
15.37
16.21
15.46
15.80
15.93
16.10
15.71
15.07
15.44
15.64
16.04
15.76
16.75
15.91
16.00
15.97
15.62
16.50
16.43
16.10
15.13
16.43
15.79
16.11
15.95
16.24
16.55
16.03
16.13
16.37
17.00
16.10
16.62
15.62
15.58
16.59
15.76
16.12
16.39
16.64
16.16
17.14
16.55
16.21
17.00
16.34
16.10
15.87
16.73
15.98
16.07
16.58
15.63
16.51
15.86
15.83
16.50
16.29
16.39
14.82
15.60
15.86
15.88
15.57
15.59
16.40
15.99
15.64
15.13
15.38
16.24
16.22
16.62
15.84
16.61
15.67
16.06
15.41
16.59
15.84
16.27
16.94
15.68
15.48
16.68
16.29
15.96
16.20
16.01
16.14
15.50
15.85
16.75
15.92
15.67
15.14
16.34
16.41
15.80
16.09
16.36
15.90
16.22
16.11
16.95
16.37
16.52
15.29
15.93
16.62
15.66
16.02
16.28
15.95
15.81
15.94
16.19
15.55
16.29
15.71
16.16
16.48
16.08
16.72
16.28
16.06
16.15
16.64
16.02
16.31
16.29
15.72
16.18
16.13
16.22
15.99
16.08
16.03
16.36
16.11
16.07
16.63
16.41
15.99
15.92
16.71
16.37
15.78
16.08
16.00
16.98
14.97
16.33
16.59
16.66
16.97
16.80
16.36
16.50
16.12
16.61
15.96
16.63
15.90
16.09
15.94
16.21
16.83
15.76
16.31
15.80
16.41
15.96
16.30
16.99
16.47
16.32
16.37
16.62
16.58
15.62
15.57
15.35
15.74
15.53
16.97
15.84
16.11
15.96
16.60
15.85
16.19
16.06
15.86
16.29
15.83
15.91
16.06
15.96
16.63
15.47
15.85
15.53
16.00
15.15
15.76
16.64
16.09
15.86
16.32
16.06
16.34
16.04
16.32
16.04
16.31
16.29
16.49
16.68
16.96
16.76
16.25
15.55
15.58
16.31
15.99
15.45
16.36
16.08
15.70
16.43
16.08
16.59
16.40
16.48
16.50
15.78
15.91
15.90
16.13
14.89
15.22
15.37
15.44
15.87
16.17
15.16
15.42
14.48
14.69
15.51
15.19
16.04
14.88
15.29
14.90
15.10
14.98
14.68
14.49
14.07
15.14
15.48
15.56
16.20
15.78
15.07
14.93
15.77
15.67
14.78
15.54
15.38
16.26
15.86
15.16
15.64
14.82
14.56
14.58
14.04
14.72
14.72
15.23
14.94
15.85
14.58
14.95
14.64
15.19
15.33
14.01
14.61
14.46
14.63
13.86
15.06
15.58
13.98
15.48
15.01
15.46
14.76
15.70
15.35
15.90
14.71
15.47
15.38
15.66
14.63
15.37
14.57
14.48
14.86
15.10
14.53
14.30
14.13
14.93
15.13
14.93
15.52
15.14
14.61
14.32
15.09
14.14
14.60
14.91
15.31
15.49
14.89
14.88
14.55
15.03
15.06
14.84
15.51
15.39
14.92
15.16
15.48
14.34
15.61
15.15
15.53
15.28
14.69
14.80
15.60
15.18
14.50
15.71
14.32
13.80
14.56
14.72
15.09
15.43
15.40
14.22
14.17
15.01
15.31
14.35
14.45
14.03
14.52
14.30
14.26
14.31
15.22
15.05
15.17
14.78
15.94
16.50
15.50
15.43
15.57
15.58
14.69
14.51
14.30
15.61
15.99
14.91
14.21
14.83
14.47
14.87
13.95
14.44
14.14
14.15
14.84
14.63
14.75
14.08
14.42
14.28
14.47
15.05
15.16
14.23
14.40
14.72
14.17
14.47
14.15
13.72
13.87
14.31
14.95
14.80
13.31
13.54
14.92
14.82
14.99
15.51
15.10
15.25
15.38
15.52
14.82
14.80
14.61
14.57
14.90
14.74
14.41
15.11
14.68
14.94
15.46
14.47
14.17
14.20
14.59
14.63
14.66
14.86
14.40
14.70
14.42
14.69
14.63
13.87
14.77
13.92
14.76
14.44
15.13
14.99
15.42
13.97
14.90
14.10
14.61
15.43
14.24
14.87
14.01
14.09
14.67
14.13
14.93
14.07
14.66
13.92
14.18
14.00
14.25
14.62
14.56
15.90
13.82
15.49
15.30
15.39
15.90
15.62
15.63
16.06
15.49
14.94
15.65
15.54
15.31
15.85
16.46
15.26
15.30
15.10
15.04
14.28
14.59
14.32
14.37
13.47
14.62
14.91
13.98
15.16
15.12
14.45
14.58
14.78
14.86
14.40
15.14
14.81
14.67
14.52
14.32
15.29
14.70
14.47
14.64
14.68
15.36
14.93
14.53
14.98
14.89
14.26
14.71
15.92
15.01
15.33
14.41
15.16
15.14
15.05
14.60
15.00
15.14
15.61
15.35
15.76
15.27
14.43
14.24
15.47
14.57
14.22
13.22
15.21
14.67
15.04
14.84
14.45
14.90
14.60
14.43
14.49
14.00
14.38
13.95
15.17
14.84
14.67
14.15
13.44
14.38
15.38
14.85
15.28
14.98
15.12
15.20
14.94
14.87
15.16
14.91
14.55
14.67
14.25
14.89
14.43
14.53
15.51
15.19
14.89
14.84
14.88
14.28
14.46
14.58
14.43
14.63
14.78
14.89
15.49
15.01
14.62
15.47
14.27
14.98
14.64
15.16
14.48
14.45
14.80
13.96
14.62
14.33
14.06
14.67
14.64
15.01
15.36
13.68
14.83
15.12
14.77
14.38
14.75
15.27
14.27
14.34
14.84
14.77
14.63
15.01
14.67
13.75
14.05
14.44
13.77
13.47
13.84
14.23
13.70
14.31
13.21
14.11
13.67
13.38
13.47
13.06
14.11
13.61
14.67
13.87
14.09
13.10
14.12
13.62
14.43
12.98
12.98
13.12
12.99
13.32
13.41
13.45
14.14
14.57
14.28
13.71
13.38
14.18
14.16
13.81
14.07
12.78
13.12
14.13
12.85
13.94
14.32
14.57
14.05
13.15
14.00
14.98
13.94
13.43
14.09
13.62
14.74
14.03
13.62
14.02
13.96
13.98
14.33
13.85
13.72
14.69
15.01
14.27
14.26
14.02
13.60
14.03
14.33
14.36
13.90
14.00
14.46
15.07
15.08
15.12
14.49
14.82
14.82
14.72
14.79
14.64
14.70
14.60
14.36
14.50
14.18
14.21
14.82
14.11
14.53
14.43
14.66
13.66
14.89
13.67
14.50
14.57
14.69
13.53
14.32
14.43
14.03
14.79
14.15
13.85
14.13
14.54
14.65
14.33
14.35
14.12
14.55
13.28
14.49
14.00
13.96
14.59
14.30
12.99
14.54
13.31
14.08
14.01
13.76
13.18
14.03
13.89
13.63
14.45
13.91
14.26
15.27
14.21
13.76
14.36
13.92
14.38
13.84
13.92
14.12
14.38
13.47
14.59
13.68
14.21
14.69
13.83
13.99
13.81
13.99
14.16
14.45
14.86
13.94
13.92
13.43
13.83
13.57
13.73
14.12
14.34
13.76
14.26
14.01
13.68
14.39
14.48
14.11
13.57
13.89
13.28
13.86
13.54
14.22
14.22
13.72
13.92
13.45
14.25
13.90
13.86
14.01
13.73
14.09
13.88
14.41
14.69
14.94
14.11
14.00
14.45
14.86
13.68
14.60
13.75
14.55
14.55
13.80
14.33
13.25
13.75
13.90
13.62
14.09
13.99
13.77
14.36
14.65
14.39
14.56
14.33
14.08
13.94
14.31
13.77
14.36
14.32
14.44
14.01
14.83
14.82
14.48
13.81
13.74
14.55
13.74
14.41
14.08
13.90
14.13
13.72
14.22
13.98
14.29
13.99
14.24
13.98
14.26
13.97
14.16
13.92
14.06
14.09
13.97
13.87
14.95
14.16
14.70
14.05
14.44
15.09
14.11
13.83
13.95
14.19
14.30
14.11
13.69
14.24
14.23
14.46
14.32
14.09
13.04
14.18
14.09
14.52
13.98
14.12
13.82
13.41
13.65
14.02
13.82
14.32
13.94
14.12
13.93
13.02
14.03
14.03
13.44
14.45
13.87
13.58
13.38
13.95
13.76
14.03
14.29
14.54
13.33
13.50
13.37
14.00
13.79
14.10
13.91
14.48
14.41
14.08
14.03
13.62
14.01
13.48
13.21
13.99
14.30
14.23
13.93
14.31
14.30
14.39
14.28
13.83
14.11
13.71
14.09
14.32
13.91
14.09
14.18
14.19
14.47
14.54
13.66
14.10
13.87
14.62
14.56
14.11
13.74
13.78
14.39
14.90
14.57
14.21
13.91
14.36
13.29
14.53
15.09
13.75
15.66
14.93
14.93
14.48
14.03
14.21
14.45
14.85
13.80
15.37
14.84
14.98
15.80
14.35
14.63
14.95
14.94
13.88
14.29
15.02
14.22
14.97
15.08
15.20
14.70
15.28
14.75
14.52
14.62
13.84
14.74
15.54
14.90
14.88
14.94
14.42
14.74
14.47
14.28
14.43
14.37
15.20
14.40
14.37
14.58
15.08
14.71
14.68
14.95
16.24
15.35
14.65
14.66
14.87
14.38
12.83
13.56
14.03
14.21
14.07
15.02
14.08
14.93
14.19
15.07
14.75
14.13
15.27
15.29
14.59
14.73
15.31
13.93
14.15
14.61
14.03
14.30
14.81
14.00
13.82
13.99
14.45
14.83
14.12
14.17
13.91
13.90
13.68
14.66
14.91
14.51
14.50
14.00
14.64
14.51
14.32
15.09
14.44
14.31
14.35
14.65
13.71
14.28
14.45
14.47
14.03
14.69
13.87
14.55
14.44
15.08
14.39
13.77
14.59
14.64
14.40
15.01
15.10
14.41
14.28
14.72
15.02
14.41
15.32
15.10
13.29
14.19
14.49
14.65
14.03
14.48
14.07
14.22
14.63
14.49
14.81
14.56
13.92
14.29
14.79
12.81
14.41
14.42
14.27
13.69
14.05
14.27
13.11
14.80
14.24
14.68
14.38
14.31
14.96
14.71
14.15
14.04
14.42
14.81
14.92
14.36
14.41
13.91
14.17
14.07
14.23
13.85
14.25
14.50
13.82
14.39
13.83
14.20
13.68
13.70
13.39
14.11
13.81
13.66
13.89
14.26
14.65
14.26
13.73
13.99
14.15
13.98
13.82
14.90
14.13
13.89
13.88
13.62
13.76
14.17
14.40
14.01
14.26
13.65
13.40
13.88
14.31
14.38
14.06
14.03
14.79
15.17
14.41
15.08
13.79
14.65
15.11
14.28
14.52
15.07
14.08
14.67
14.73
14.60
14.87
15.28
14.85
14.39
14.17
15.52
14.76
15.00
14.28
13.76
13.49
14.25
14.58
13.77
13.61
14.66
13.82
14.32
14.49
14.33
14.73
15.40
15.47
14.28
14.62
13.69
14.10
14.64
13.58
14.11
14.01
14.12
14.17
13.69
13.46
14.12
14.34
13.37
14.53
14.06
13.93
13.81
13.80
13.44
13.46
14.87
14.94
14.89
14.32
14.12
14.25
14.39
14.33
14.07
14.25
14.55
14.27
14.56
14.80
14.51
14.49
15.01
14.25
13.98
15.42
14.45
14.99
13.98
14.83
14.43
15.42
14.60
14.02
14.32
14.43
14.09
14.01
14.11
14.02
14.01
13.89
14.10
14.08
14.23
14.28
14.45
14.25
15.37
14.85
15.72
14.61
14.40
15.07
15.16
14.96
14.84
15.04
15.50
14.23
14.18
14.32
14.34
13.94
14.41
14.24
14.10
14.14
14.51
15.03
14.75
14.73
15.00
14.78
15.19
14.41
15.44
14.53
14.90
15.04
14.83
14.54
13.75
14.00
14.73
14.38
13.47
13.55
14.18
13.40
14.40
13.15
14.39
13.52
15.16
13.88
13.85
14.84
14.66
15.42
14.31
14.71
14.34
14.13
14.91
15.06
14.65
14.73
14.66
14.76
15.20
14.59
14.50
14.14
13.94
14.47
14.71
14.84
15.59
15.13
14.72
14.51
14.54
15.10
15.77
15.05
14.86
15.10
15.54
14.95
15.43
14.23
15.02
15.22
14.59
14.52
14.95
14.90
15.77
13.86
15.19
14.78
15.61
14.73
14.48
14.87
14.66
13.90
14.94
15.02
15.03
15.32
14.77
15.47
15.31
15.23
14.83
15.81
15.90
14.65
14.48
14.01
14.73
14.07
14.81
15.22
15.38
15.56
14.69
15.00
15.18
14.13
13.37
14.75
14.83
15.55
14.18
14.93
14.89
14.54
15.07
15.36
14.75
14.72
14.95
14.94
15.87
15.50
15.19
14.68
13.65
14.57
14.52
14.96
14.46
14.35
14.30
14.65
14.91
13.89
14.67
14.91
14.67
14.39
14.50
14.41
14.37
14.58
15.00
14.23
14.22
14.07
13.80
14.46
13.98
14.45
14.21
14.24
13.92
14.54
14.40
14.91
14.23
13.95
14.95
14.32
14.61
14.91
14.90
14.60
14.49
15.19
14.63
15.37
14.13
14.99
15.24
14.96
14.29
15.28
14.10
14.40
14.94
14.71
14.58
14.11
14.99
14.46
13.93
15.28
14.34
15.04
15.01
15.98
14.79
14.84
14.11
13.98
14.53
14.68
14.64
13.96
14.44
15.31
15.60
15.13
15.28
14.79
14.93
14.84
15.21
14.43
14.25
15.86
15.09
15.46
15.08
14.69
14.85
15.80
15.12
15.17
15.42
15.10
14.53
14.49
14.88
14.15
14.61
14.92
15.07
14.91
14.45
14.56
14.22
14.31
14.66
13.96
15.17
14.56
15.05
14.95
14.80
14.50
15.20
15.21
15.08
15.18
14.65
13.93
14.31
13.67
13.77
14.36
15.19
14.66
15.19
14.62
14.38
14.21
14.69
14.34
14.30
14.08
13.99
15.90
14.96
13.95
14.72
13.79
14.30
14.56
15.09
15.07
15.42
14.02
14.34
14.44
14.18
14.58
15.17
15.00
14.34
14.49
14.00
14.48
14.17
14.25
13.73
14.23
14.58
13.84
15.14
14.47
15.05
13.94
14.69
14.85
13.41
13.98
14.22
13.97
14.05
13.71
14.02
14.14
13.60
13.54
14.06
14.61
14.17
14.28
14.19
14.46
14.32
14.39
14.69
13.69
13.98
14.03
14.11
14.82
14.05
14.65
14.37
14.08
13.92
14.77
15.13
14.67
14.48
13.59
15.07
15.27
14.39
14.59
13.87
14.16
13.69
13.35
13.94
14.53
14.08
14.58
14.43
14.34
14.98
14.05
14.39
13.48
13.80
14.17
14.48
14.85
14.92
15.15
14.20
14.11
13.76
13.85
14.45
14.57
13.73
13.66
14.32
14.10
14.58
13.82
14.38
14.11
14.63
14.75
13.45
13.45
12.83
13.80
14.42
14.60
14.33
15.13
14.47
14.02
13.68
14.39
15.29
14.13
14.19
14.19
14.07
13.73
14.18
14.29
14.22
14.27
14.50
13.96
14.86
14.46
14.88
14.64
14.77
14.34
13.75
14.35
14.92
14.26
14.22
15.28
14.75
14.57
14.84
14.66
14.02
15.29
14.70
14.60
14.53
13.84
14.19
15.03
14.70
14.18
14.27
14.10
15.13
14.01
14.85
14.71
14.84
14.48
14.65
14.62
15.43
15.53
15.87
14.50
15.10
15.04
13.89
13.99
15.11
14.32
14.51
14.21
15.17
14.48
15.26
15.09
13.66
15.68
14.27
15.49
15.48
13.94
14.52
15.17
14.49
14.96
14.82
14.88
14.38
14.59
15.38
15.00
16.40
14.97
15.39
15.66
15.24
16.64
15.58
14.31
15.08
14.78
15.12
15.14
14.73
15.70
14.51
14.07
14.88
14.78
14.61
15.13
15.79
15.00
14.97
15.40
15.31
15.10
15.05
15.10
14.62
14.72
15.48
14.89
14.44
14.89
14.19
14.58
15.00
15.18
14.80
15.19
15.76
14.47
15.00
14.46
15.38
14.71
15.53
14.67
14.94
15.14
15.03
14.74
14.51
15.33
14.92
14.63
13.79
14.63
15.00
15.05
14.38
14.93
14.86
15.26
15.38
14.03
14.53
14.11
15.23
14.95
14.80
14.48
15.14
14.61
15.33
16.13
15.66
14.53
15.11
15.40
15.47
15.23
14.65
15.35
14.81
15.37
14.12
14.43
15.11
15.50
14.60
13.42
14.84
14.85
14.10
14.91
14.77
14.73
15.06
14.99
15.62
15.54
15.19
15.22
15.35
14.72
14.50
15.19
16.02
14.96
15.25
16.31
15.07
13.81
15.15
15.24
15.31
15.20
15.86
15.37
15.16
14.56
15.78
15.85
16.21
15.00
14.80
15.67
15.67
15.60
13.82
15.06
13.70
13.11
13.44
14.41
14.90
14.30
14.07
14.34
14.42
13.71
13.75
14.48
13.92
14.95
14.04
13.61
12.92
13.98
14.00
14.14
14.23
14.10
13.83
14.41
13.79
13.98
13.62
14.08
14.24
14.55
14.21
13.90
14.12
14.11
14.41
14.64
14.11
13.90
14.00
14.73
14.14
14.62
13.38
14.62
14.71
14.24
14.98
14.24
14.64
14.43
13.99
13.98
13.52
13.75
12.93
13.64
13.80
13.22
14.05
14.06
13.45
13.89
13.60
14.09
13.24
13.46
13.42
13.18
13.74
13.81
13.83
14.91
14.31
12.77
12.76
13.61
13.92
13.12
13.39
13.49
12.87
13.85
14.05
14.85
13.97
14.73
13.75
14.03
14.32
14.08
13.81
14.05
13.75
13.61
13.46
14.23
14.33
13.83
13.85
13.85
14.60
14.01
14.44
13.86
13.55
13.26
13.94
14.03
14.08
14.58
13.17
13.73
13.67
14.06
14.96
14.54
13.24
13.87
13.77
13.87
13.61
13.49
13.56
12.40
12.40
13.20
12.96
13.24
11.93
