6.40
8.14
7.35
7.05
6.49
7.21
7.87
7.96
6.93
7.27
7.40
6.07
5.26
5.83
4.43
5.37
6.03
4.54
6.59
6.19
5.76
5.32
4.97
5.66
6.42
6.57
5.41
5.84
7.58
7.90
8.27
7.15
7.28
7.91
7.07
7.11
7.45
6.73
6.78
7.52
6.78
6.22
6.86
7.11
7.04
7.13
7.03
7.09
6.99
6.88
7.26
6.98
7.41
7.56
7.41
7.28
7.35
8.03
7.48
7.45
7.20
7.00
7.57
6.55
7.88
7.72
7.55
7.54
8.13
7.59
8.34
7.67
8.51
8.35
8.55
7.56
8.15
7.93
8.69
8.59
8.55
8.55
7.62
6.82
7.98
7.56
8.36
8.05
7.46
8.32
8.38
7.76
8.97
7.60
7.97
8.03
6.98
7.43
7.32
7.89
7.79
7.66
8.00
7.61
8.00
7.76
8.54
7.55
7.14
7.47
8.06
7.27
7.21
7.57
7.90
7.36
6.55
6.22
7.13
6.07
6.17
6.39
6.96
7.19
7.14
6.93
7.29
7.43
7.01
7.81
7.23
8.02
7.98
7.72
7.12
7.63
7.53
6.74
8.03
7.93
8.16
7.50
7.26
7.61
6.79
8.35
8.34
7.92
7.96
8.06
8.84
7.35
7.44
7.55
6.67
7.33
7.40
7.60
6.93
7.67
7.31
7.75
7.40
7.13
8.16
7.72
7.73
8.23
7.49
7.36
6.79
7.50
6.70
6.87
7.23
7.18
7.22
6.85
7.08
7.26
7.11
7.52
6.82
6.79
6.98
6.97
7.65
6.58
6.86
6.21
7.01
7.42
6.95
6.16
5.74
6.05
6.40
7.74
6.46
6.97
7.17
7.00
7.06
7.29
7.16
7.85
7.23
7.34
7.05
7.09
7.19
7.01
7.65
6.90
7.13
6.96
6.73
6.97
6.46
6.52
6.38
7.43
7.55
7.17
7.58
7.87
6.95
6.98
7.10
6.72
7.93
7.12
7.57
7.25
7.36
7.12
7.01
7.25
7.03
7.09
7.65
7.41
6.95
7.36
7.00
7.73
7.70
7.38
8.25
7.38
7.12
7.35
7.45
7.07
6.89
7.17
7.38
7.77
7.39
7.54
7.37
7.97
7.59
7.84
7.65
7.59
7.63
8.04
7.17
7.25
7.56
7.63
7.34
7.30
8.06
7.04
7.93
7.46
7.71
7.44
7.21
7.48
7.32
7.27
7.89
7.81
7.99
7.63
7.16
6.80
7.17
7.13
7.44
7.72
7.65
7.03
7.64
8.15
7.83
7.52
7.67
7.21
6.50
7.22
6.69
7.57
7.61
7.84
7.69
7.22
8.29
7.52
7.58
7.09
8.19
7.56
7.22
6.39
7.74
6.54
6.71
6.61
6.15
6.91
6.83
6.35
7.04
7.37
6.66
7.77
7.86
7.03
6.28
6.76
7.23
6.88
7.58
7.84
8.16
6.57
8.68
8.12
7.44
7.65
7.89
6.71
7.63
7.77
7.63
7.21
8.26
7.06
7.43
7.55
7.18
7.14
7.67
7.13
7.36
7.18
7.78
7.72
7.25
7.41
7.83
7.36
7.41
7.00
8.35
7.52
7.81
6.97
7.55
6.72
7.71
7.03
9.01
7.81
8.51
8.32
8.84
7.88
8.19
8.18
7.54
7.05
7.41
7.69
8.05
8.07
7.14
7.25
7.85
7.49
8.48
7.62
7.68
6.80
7.60
7.69
7.87
7.35
7.42
8.60
7.05
7.82
7.18
7.67
7.77
7.86
7.19
7.33
7.35
7.05
6.87
7.06
7.45
6.81
7.01
6.63
6.33
6.86
7.01
6.86
8.07
7.29
7.83
7.92
8.10
8.54
8.24
7.82
7.54
7.60
7.28
8.02
7.35
7.14
7.66
7.35
8.36
7.45
7.58
7.95
8.57
7.31
7.73
7.44
7.42
7.21
7.85
7.62
7.68
8.34
7.52
7.83
7.71
8.16
7.74
7.65
7.30
7.83
7.67
7.90
7.82
7.78
7.43
7.01
6.96
6.64
6.74
6.77
7.02
6.73
7.27
7.39
6.78
7.43
8.44
7.86
8.13
7.80
7.98
8.60
7.27
7.41
7.57
7.51
7.67
8.06
7.78
7.37
8.24
7.49
8.05
7.86
7.66
7.67
8.32
8.14
7.76
8.13
8.02
8.10
7.37
7.56
7.67
7.55
7.86
7.44
7.36
6.81
6.95
7.22
7.28
6.58
7.17
6.80
6.75
7.01
6.67
6.01
6.45
6.99
6.39
7.47
7.37
7.39
6.96
7.17
6.98
7.06
7.25
6.80
6.78
6.81
7.30
7.03
6.88
7.27
7.78
8.04
6.96
7.06
6.83
7.43
6.50
7.16
7.28
7.73
6.89
7.21
6.86
7.05
6.98
7.38
6.96
6.65
6.91
6.63
7.30
7.28
6.87
7.45
7.07
6.72
7.27
7.53
7.51
7.39
7.02
7.09
6.63
6.64
7.49
7.80
8.34
7.81
8.11
6.92
8.09
7.26
7.84
7.67
7.68
7.98
8.01
7.73
7.78
7.70
7.56
7.00
7.78
7.27
7.09
6.87
7.05
7.02
7.29
7.91
7.32
7.84
8.18
8.60
7.62
7.93
7.78
7.66
8.34
7.65
7.79
8.44
7.97
8.10
8.12
8.24
8.26
7.81
7.84
7.92
7.87
7.63
8.35
8.06
7.98
7.77
8.04
8.20
7.93
7.40
7.16
7.39
6.70
7.39
7.07
7.06
7.32
7.62
7.24
7.68
7.73
7.23
7.55
7.53
7.30
7.49
7.00
7.24
7.24
7.60
7.01
7.21
7.06
7.12
7.41
7.02
6.91
7.79
7.79
7.75
7.20
8.23
6.94
7.16
7.63
7.03
7.43
7.14
6.47
6.53
6.96
6.70
7.58
8.41
7.35
8.06
7.65
7.54
7.53
7.08
7.73
6.92
7.77
7.51
7.63
6.87
7.14
6.76
8.08
7.12
7.25
7.05
7.20
7.48
8.20
7.64
8.05
7.82
7.78
7.31
6.92
6.53
7.89
8.06
8.16
8.47
8.03
6.90
7.29
6.73
6.81
7.17
7.39
7.78
7.16
7.47
8.32
7.45
7.47
7.11
6.83
7.03
6.98
7.50
7.76
7.19
7.24
7.47
7.92
7.74
6.95
7.56
7.26
7.73
6.86
7.62
6.72
7.90
6.83
7.65
8.27
6.91
7.00
6.89
6.85
6.75
6.97
6.81
7.13
7.02
7.40
7.39
7.35
7.10
7.36
6.69
7.07
7.37
7.26
7.04
6.97
7.92
8.46
7.89
7.29
7.71
7.73
7.83
7.94
7.99
7.92
7.87
8.15
7.09
8.04
7.90
8.19
7.83
7.64
7.45
8.12
7.41
8.06
7.24
7.57
7.43
8.05
7.84
7.49
6.59
7.21
7.10
6.50
6.81
6.78
6.75
6.81
7.11
7.01
7.24
7.16
6.82
6.90
6.67
6.71
7.18
7.59
6.63
7.55
7.85
7.70
7.33
6.57
6.86
6.31
6.88
6.94
7.03
6.99
6.56
6.76
6.96
6.86
6.81
6.50
6.71
6.93
7.13
6.29
6.97
6.89
7.08
7.15
7.74
7.75
7.88
7.62
8.15
7.06
7.10
7.10
6.75
7.05
6.96
6.33
7.02
7.17
6.74
6.71
6.72
6.76
6.85
6.56
7.03
6.49
6.42
7.43
6.69
7.34
7.19
7.81
7.76
8.00
7.81
7.76
7.49
8.59
7.61
7.42
7.59
7.72
7.78
7.72
7.76
7.62
7.05
8.21
7.48
8.11
7.94
7.99
8.23
7.54
7.53
7.40
7.42
7.64
8.23
7.81
7.45
7.29
7.37
7.63
7.22
7.66
8.18
7.74
7.52
7.76
7.98
7.94
7.38
7.28
7.51
7.34
7.57
7.24
7.95
6.92
7.25
7.72
7.61
7.12
7.81
7.35
7.54
6.85
7.80
7.13
7.33
7.12
6.91
7.23
7.60
7.34
7.35
7.84
7.71
7.81
7.48
7.48
7.41
6.98
7.16
7.67
7.36
7.64
8.18
8.03
6.85
7.61
6.93
7.61
7.77
7.25
7.05
6.79
8.16
8.37
7.29
7.45
7.68
7.18
7.72
7.76
7.29
7.11
7.12
6.58
7.03
6.95
6.50
6.00
6.88
7.11
7.50
7.25
6.90
7.14
6.53
6.84
6.88
6.54
6.61
7.24
5.68
5.77
5.95
6.78
6.35
5.85
6.11
6.00
5.79
6.05
6.12
6.33
6.09
6.56
6.40
6.73
6.77
6.68
6.23
5.91
5.72
6.04
6.10
6.24
6.27
5.83
6.04
6.52
7.25
6.77
6.93
6.42
6.28
6.11
7.01
7.94
6.96
7.62
7.22
6.65
6.57
7.07
6.69
6.54
6.24
6.48
6.78
6.56
6.61
6.20
6.16
6.71
7.04
6.35
6.42
6.53
6.28
5.87
5.79
6.17
6.42
6.21
6.39
6.42
6.41
6.42
6.37
5.82
6.34
6.19
7.11
6.86
6.71
7.16
6.82
6.00
6.50
6.88
7.25
6.33
6.96
6.58
6.30
6.29
5.52
6.07
6.73
6.50
5.90
5.79
6.69
6.18
6.66
6.87
6.78
6.48
7.26
6.19
6.95
7.03
6.63
6.88
6.72
6.66
6.34
6.63
6.61
6.86
6.92
6.88
6.60
6.97
5.80
6.25
7.08
6.60
6.11
6.77
6.29
6.74
6.85
6.86
6.71
6.30
6.20
6.63
6.58
7.05
6.75
6.65
6.70
6.63
5.84
6.35
7.06
6.81
7.35
7.05
7.32
6.27
6.83
7.17
6.78
6.28
6.40
6.29
6.36
6.61
6.08
6.05
6.41
6.17
6.14
6.66
6.19
5.54
6.20
6.70
6.26
5.94
6.50
6.33
6.21
6.28
6.53
6.48
6.35
6.21
5.91
6.48
6.27
6.41
6.96
6.00
6.39
6.59
6.22
7.17
6.34
7.09
6.94
6.22
6.79
6.86
6.90
6.82
6.19
6.69
6.80
7.07
6.36
6.33
6.85
6.70
6.11
6.49
6.72
6.80
6.67
6.31
6.41
5.97
6.55
6.48
6.27
6.13
6.83
6.18
6.83
6.53
7.10
6.64
6.77
6.51
6.77
6.33
6.55
6.84
6.83
6.93
6.77
6.90
6.10
6.76
6.80
7.34
7.49
7.20
7.08
7.10
7.06
6.95
6.84
6.83
6.67
6.54
6.86
6.76
6.89
7.10
6.23
6.92
6.52
6.63
5.99
6.04
6.25
6.17
6.30
6.22
6.63
5.79
6.30
6.86
6.25
6.58
6.75
6.24
5.76
6.27
6.48
6.60
5.96
6.12
6.13
7.15
6.69
6.22
6.01
6.17
5.99
6.23
6.36
6.85
6.75
7.13
6.66
6.35
6.48
6.23
6.30
6.27
6.32
6.34
5.84
6.02
6.78
5.93
5.82
6.02
5.86
5.62
5.91
6.12
5.51
5.73
5.48
6.19
5.83
6.81
6.33
6.56
6.61
6.69
6.80
6.58
5.87
5.99
6.11
6.53
5.86
5.73
5.90
5.98
5.96
6.26
6.02
5.98
5.94
6.15
6.58
6.75
6.50
6.51
6.35
6.08
6.39
6.39
6.99
6.25
6.59
6.32
6.31
6.51
6.36
6.78
6.08
6.57
7.49
6.92
6.83
6.62
6.98
6.83
6.93
6.60
6.77
5.97
6.15
6.42
6.97
7.02
6.58
6.56
7.30
6.38
6.96
6.65
6.48
7.00
6.96
6.95
6.37
6.84
6.69
6.62
6.50
6.44
6.69
6.52
6.87
7.17
6.11
6.80
6.29
6.74
6.11
6.65
6.05
6.63
6.67
6.52
6.81
6.60
6.64
6.56
6.39
6.66
6.41
6.62
6.33
6.75
5.51
5.86
5.93
6.32
5.98
6.15
6.50
6.34
6.60
6.38
6.73
5.89
6.14
6.76
6.23
6.45
6.03
5.99
6.23
6.04
6.22
6.50
5.98
6.40
6.09
6.42
5.77
6.52
6.52
6.71
5.79
5.31
6.57
6.38
6.27
6.24
6.70
6.28
6.07
6.89
7.03
6.72
6.61
6.57
6.32
6.69
6.24
6.51
6.51
6.92
6.53
6.97
6.57
6.92
6.77
6.00
6.38
6.23
6.01
5.75
5.97
6.78
5.89
6.42
6.09
6.26
6.51
6.18
6.32
6.69
5.92
6.04
7.08
6.02
6.35
6.25
6.41
6.42
6.57
6.79
6.40
6.64
6.91
6.36
6.11
6.62
6.76
6.08
6.19
6.22
6.01
6.54
5.73
6.67
6.55
6.06
6.15
6.70
6.29
6.34
6.40
6.53
6.71
6.07
5.78
5.92
7.13
6.76
6.62
6.92
6.99
7.12
7.46
7.11
7.57
7.22
6.80
6.62
6.90
7.21
7.92
7.59
7.41
7.12
7.59
7.47
7.47
7.53
7.31
7.76
8.33
7.58
7.48
7.66
7.56
7.54
6.92
7.59
7.22
7.73
7.42
7.43
7.59
7.87
7.22
7.91
8.06
7.02
7.36
7.27
7.78
7.66
7.63
7.07
7.13
7.38
7.04
7.75
6.96
6.66
7.79
7.14
7.27
7.31
7.18
7.15
6.40
7.20
6.52
6.98
6.95
6.20
6.53
6.54
6.56
6.87
6.45
6.83
7.19
6.83
6.06
6.89
7.30
7.02
6.77
7.35
7.03
7.32
6.88
6.57
7.51
7.43
7.08
7.00
6.93
7.27
6.95
6.73
6.13
7.01
7.42
6.96
6.16
6.05
6.85
7.16
6.71
7.46
6.18
6.43
7.18
6.67
6.54
7.04
7.18
7.02
6.98
6.36
6.53
7.19
6.17
6.38
6.11
6.50
6.50
6.16
5.90
6.39
6.35
6.28
5.96
5.86
6.58
6.44
6.26
6.35
6.41
6.98
5.88
6.14
6.66
5.87
5.98
5.70
5.80
5.90
6.33
5.80
5.88
6.11
6.26
5.84
5.70
5.19
5.81
6.16
6.17
6.08
5.89
6.38
5.92
6.33
5.91
6.39
6.48
6.62
6.07
6.12
6.33
6.83
5.77
6.15
6.01
6.26
6.02
6.37
5.99
6.02
6.25
5.80
5.88
5.67
5.97
5.96
6.03
6.00
5.84
6.23
5.57
5.75
6.46
6.00
5.50
5.43
5.35
5.82
5.38
5.06
6.09
5.81
5.93
5.97
5.61
5.99
5.78
5.97
6.13
6.34
5.98
5.30
5.81
5.76
5.89
6.29
6.18
5.55
6.84
6.07
6.23
6.34
6.04
6.55
6.71
6.35
6.26
6.89
7.20
6.94
6.46
7.33
7.17
6.52
6.79
6.72
6.52
6.31
6.43
6.52
6.38
6.47
6.49
6.83
6.84
7.08
6.49
6.65
6.50
6.92
6.84
7.30
7.05
6.54
6.25
6.52
6.72
7.60
7.56
6.14
5.91
5.71
6.01
5.93
6.25
5.76
6.54
6.52
5.94
5.70
7.33
7.38
6.42
7.07
7.77
5.82
5.99
5.90
6.78
7.33
6.64
6.54
6.08
6.24
6.32
5.44
6.19
5.59
5.31
6.05
5.67
6.21
5.33
6.39
5.76
5.45
6.19
6.30
6.65
5.95
6.03
5.94
5.61
5.81
6.00
5.57
5.78
5.62
5.39
5.65
6.18
5.57
6.29
5.92
6.14
5.42
5.61
5.79
6.00
5.77
6.12
6.86
5.74
6.06
6.06
5.61
5.42
5.90
5.97
6.06
6.12
6.00
6.12
5.71
5.84
6.41
5.94
6.49
6.05
6.13
6.58
7.04
6.93
7.18
7.16
5.95
5.89
5.71
6.00
7.46
6.47
7.05
6.88
5.93
6.97
6.92
7.99
7.77
7.22
6.18
6.94
7.11
7.23
7.29
7.30
7.30
7.33
7.11
6.23
6.90
6.99
6.96
6.78
7.19
7.58
6.56
6.77
6.68
7.71
7.55
7.48
7.62
7.23
7.48
7.18
6.91
6.29
6.68
7.03
7.51
6.53
6.89
7.55
6.64
6.84
7.19
7.45
6.75
7.07
7.07
6.61
6.37
7.00
6.49
6.88
6.80
6.08
6.71
7.14
7.02
6.44
6.08
6.73
6.93
7.16
7.23
7.42
7.60
8.46
8.54
7.25
7.88
8.15
7.39
8.03
7.24
6.64
7.19
7.49
7.41
8.26
7.80
7.85
7.16
6.98
8.10
8.71
8.51
8.05
7.32
7.13
7.49
8.50
7.80
8.04
7.50
7.61
7.43
7.48
7.20
7.54
8.02
7.38
7.81
6.61
7.71
7.76
8.81
7.17
7.21
7.39
7.92
8.02
7.65
8.29
8.03
7.45
6.22
7.10
6.27
7.57
7.80
7.82
8.12
8.47
8.25
8.23
8.30
7.93
7.37
7.21
6.94
6.56
6.54
6.91
6.55
6.96
7.52
7.56
7.63
6.64
6.95
6.69
7.21
7.88
7.32
8.58
7.77
7.00
7.18
7.18
7.55
6.49
7.11
7.75
6.74
7.22
7.06
6.19
8.15
7.38
7.46
7.56
6.62
7.34
7.21
7.60
7.27
7.76
7.85
7.97
7.09
8.42
6.94
7.22
7.19
7.63
7.81
7.31
6.61
7.63
7.90
7.40
6.46
7.96
7.29
7.42
7.36
7.33
7.19
7.99
7.16
7.09
6.67
6.10
7.09
7.45
7.14
7.46
6.78
6.54
6.96
7.19
6.32
6.88
6.92
7.09
6.63
8.23
6.87
6.47
6.24
6.09
6.04
6.12
6.01
6.53
6.04
6.63
6.66
6.44
5.98
6.14
6.51
6.99
6.55
6.33
6.61
7.01
7.72
6.92
6.98
7.04
7.89
7.09
6.80
6.33
7.43
5.56
6.33
6.52
6.56
6.47
6.23
6.66
7.07
6.71
6.01
7.12
6.80
6.53
6.34
6.67
7.04
6.12
7.16
6.92
7.05
6.74
7.21
6.05
6.12
5.65
6.47
6.13
6.47
6.27
6.31
6.72
6.18
6.91
6.93
6.24
6.11
6.43
5.59
6.31
6.69
6.57
6.24
5.85
6.62
7.20
7.15
6.41
6.46
7.33
6.80
6.52
6.95
6.44
6.23
6.03
6.56
6.29
6.75
6.52
6.64
7.35
7.07
7.29
7.00
7.23
7.43
7.06
7.09
6.53
6.69
7.09
7.27
6.40
6.24
7.60
7.90
7.27
6.95
7.29
7.27
7.40
6.94
7.31
6.52
6.49
6.66
7.30
6.49
6.51
6.65
6.43
7.27
7.04
6.89
6.68
6.59
6.78
6.61
7.29
6.50
6.70
6.38
6.82
7.28
7.04
6.59
6.31
5.61
6.12
6.03
6.67
6.47
6.82
7.03
7.23
6.04
5.97
5.85
6.40
6.48
5.93
5.63
6.91
6.38
6.67
6.64
6.60
6.52
6.42
5.62
5.63
6.38
6.08
5.62
5.68
6.06
5.57
6.06
6.22
6.51
6.74
7.17
7.36
6.72
6.05
6.53
5.88
6.13
6.59
6.03
5.92
6.26
6.16
6.19
6.09
5.88
6.01
5.99
6.07
6.33
5.83
6.27
6.34
5.89
5.84
6.05
6.55
6.63
6.08
6.36
6.06
6.16
6.07
6.63
6.40
6.49
6.19
6.34
7.00
6.11
6.22
6.52
6.35
6.34
6.18
6.24
6.78
6.43
6.13
7.05
7.26
7.46
7.49
7.76
7.13
7.57
7.37
7.48
7.87
6.30
7.21
7.26
6.79
6.70
7.10
6.50
6.67
6.74
6.70
6.88
6.75
6.57
6.94
6.29
6.47
6.81
6.82
7.29
7.32
7.42
7.70
8.08
7.88
7.50
7.31
7.38
7.11
8.17
7.70
6.87
7.55
7.21
6.73
6.65
6.77
6.80
6.60
7.14
6.96
7.75
7.47
7.30
7.31
7.13
7.16
8.02
7.40
6.90
7.27
7.43
7.81
7.60
7.37
7.04
7.11
6.91
7.37
7.46
7.20
6.96
7.88
8.01
7.62
7.70
7.85
6.88
8.41
7.27
7.07
7.74
6.82
6.52
7.34
7.34
7.14
7.35
7.44
6.79
7.59
7.95
7.06
6.21
7.28
6.36
6.29
6.45
6.41
6.44
6.64
6.56
6.50
6.41
5.81
6.82
7.09
6.81
6.29
6.64
7.12
6.65
7.30
6.65
7.78
6.80
7.85
7.19
6.96
7.83
8.31
8.42
8.33
8.28
8.85
8.14
8.45
7.65
8.49
8.72
7.97
8.22
8.33
8.45
7.70
7.99
8.12
7.94
8.44
7.96
8.76
9.23
8.05
9.20
8.37
7.84
9.19
8.88
8.79
7.58
7.28
6.45
7.32
7.53
8.52
7.68
8.67
7.24
7.66
8.28
9.29
7.99
7.72
7.91
9.37
7.92
8.59
8.57
7.70
7.13
7.38
9.22
8.65
7.74
8.30
7.09
6.56
6.73
8.12
7.48
7.36
7.89
8.15
7.61
7.48
7.01
7.37
6.84
7.91
7.49
7.41
6.90
8.69
7.60
7.51
7.80
7.36
7.60
7.77
7.22
7.70
8.30
7.90
7.07
6.92
7.18
7.64
7.69
7.36
7.34
6.80
6.32
7.68
6.62
6.92
6.94
7.84
6.63
6.66
7.91
7.78
8.08
8.22
7.65
7.17
7.27
6.76
7.43
7.74
7.63
8.63
7.97
8.50
7.95
8.03
9.49
9.00
9.16
8.73
8.41
8.05
9.18
8.69
8.55
8.70
8.35
8.35
8.11
8.30
8.54
8.79
9.43
8.99
8.12
8.63
9.00
8.48
8.52
9.03
9.13
9.09
8.74
8.74
8.93
8.96
9.02
9.11
8.71
8.97
9.14
8.80
8.40
8.52
8.55
8.83
8.98
8.62
8.69
7.97
8.46
9.03
7.75
8.27
8.48
9.33
8.85
8.91
9.40
9.46
8.74
9.04
8.21
8.07
8.17
8.76
8.57
9.19
8.19
8.33
8.23
7.95
7.86
7.86
8.06
8.08
7.21
7.56
7.31
7.25
7.65
7.36
7.86
7.51
8.02
8.81
8.62
9.24
9.60
7.65
7.45
7.90
7.67
7.61
7.03
7.85
7.83
8.08
8.39
8.16
9.50
8.70
9.51
8.29
7.03
6.95
7.26
8.08
6.56
6.15
6.34
6.70
6.91
7.22
8.01
8.02
7.74
9.50
9.89
8.82
9.95
9.64
9.81
9.90
9.43
8.72
9.15
9.28
9.67
9.05
8.81
8.69
7.60
7.13
8.06
8.44
8.18
7.37
8.02
7.89
7.99
8.54
7.96
7.93
7.79
7.08
7.64
7.81
7.70
7.85
7.72
7.31
7.09
7.78
7.53
7.44
7.82
8.33
8.73
7.30
7.52
8.35
9.57
8.63
8.64
9.09
9.45
9.08
9.21
9.02
8.73
8.98
8.34
8.66
9.32
9.49
8.97
8.30
8.81
8.17
8.17
8.41
8.95
8.47
8.29
7.68
7.62
7.41
8.18
7.29
7.37
7.66
6.62
6.32
8.07
7.03
7.22
6.98
7.47
7.23
6.63
6.64
6.62
6.40
6.53
7.24
7.06
7.29
6.28
5.98
6.82
7.06
6.87
6.08
6.90
7.01
6.01
6.46
6.67
6.49
6.60
6.93
6.42
6.65
6.81
6.72
6.11
6.51
6.32
6.61
7.54
6.85
7.68
7.21
6.69
6.87
6.04
6.60
6.71
7.05
6.47
6.36
7.35
6.81
6.62
6.81
7.90
8.67
7.60
7.45
7.70
7.98
7.18
7.96
7.53
7.42
8.19
7.70
7.79
7.98
7.89
8.05
7.67
7.90
8.69
8.84
9.31
7.96
7.97
7.67
8.01
7.76
8.03
7.85
8.16
8.63
8.08
8.01
8.74
8.43
8.66
9.10
8.22
9.46
8.43
9.27
9.29
9.00
8.60
8.82
8.68
9.30
9.23
9.16
9.22
9.59
8.55
9.26
8.70
8.56
7.08
8.26
8.05
7.44
7.10
7.27
7.03
7.31
7.07
6.32
6.60
6.20
7.20
7.07
6.53
6.49
6.99
6.86
6.90
6.37
6.13
6.08
6.79
7.04
7.26
7.67
6.66
6.52
6.74
7.24
6.53
6.54
6.71
6.57
6.53
6.46
7.40
6.66
6.61
7.21
6.81
7.35
6.39
6.71
7.14
6.20
6.84
6.40
6.61
6.84
7.06
6.58
6.55
6.24
6.65
7.14
6.00
6.28
6.90
7.28
7.00
7.86
6.41
6.66
5.86
6.76
6.50
6.07
6.46
6.79
7.28
7.77
6.98
6.11
6.46
7.12
7.33
5.84
6.96
6.54
6.03
6.62
5.86
5.96
6.07
5.81
5.91
6.95
6.32
6.57
6.54
7.05
6.96
7.23
6.96
6.78
7.22
6.92
7.17
8.08
7.97
7.73
7.25
6.80
6.36
6.55
6.96
6.44
6.92
6.22
6.63
6.40
5.42
5.32
5.91
6.73
6.55
6.23
6.20
7.12
6.72
5.89
6.77
6.64
6.07
7.59
7.48
7.72
7.34
7.13
7.30
6.89
7.91
7.01
7.07
6.45
7.34
7.54
7.42
7.69
6.96
7.55
7.60
7.21
7.80
8.10
7.44
7.50
8.24
7.39
7.69
8.00
8.05
8.18
7.96
7.64
7.31
7.96
6.62
6.95
6.23
5.57
6.05
6.61
6.21
6.11
6.16
5.93
5.93
6.03
6.34
6.76
7.07
7.08
7.45
7.30
7.47
7.18
7.12
7.07
6.66
7.18
7.03
7.48
7.35
7.70
7.22
7.86
7.56
7.64
7.70
7.52
7.23
7.63
7.37
7.05
7.52
6.66
7.45
6.74
7.03
7.17
7.09
6.70
7.23
7.24
7.11
7.27
7.58
6.41
7.66
7.04
7.48
7.69
7.18
6.49
6.92
7.00
7.09
7.03
6.62
7.10
7.13
7.72
6.96
6.64
7.16
6.73
6.86
6.89
7.19
6.46
6.98
6.56
6.64
7.33
7.40
7.28
7.28
6.98
6.89
7.11
7.00
6.60
6.75
6.34
6.31
6.72
6.67
6.15
6.73
6.57
6.78
7.18
7.79
7.26
7.95
7.82
7.43
7.95
7.23
7.21
7.81
7.99
7.58
8.19
7.56
8.85
8.82
8.52
8.12
8.46
8.59
8.00
8.52
7.44
7.75
7.53
8.00
7.85
7.98
7.84
7.80
7.83
8.64
8.23
8.06
7.72
8.27
7.55
7.03
7.61
7.65
7.83
7.86
8.31
7.78
8.20
7.20
7.44
7.42
8.14
7.51
8.34
8.15
7.48
8.02
7.82
7.75
7.15
7.67
7.47
8.02
8.26
8.02
8.08
8.45
8.59
7.91
7.62
8.02
8.38
8.12
8.31
7.95
8.59
8.69
8.45
8.29
8.43
8.82
9.12
8.40
8.25
8.20
9.75
8.77
8.50
9.04
8.20
8.57
8.67
9.18
8.64
8.74
9.69
9.41
8.79
8.73
7.97
8.73
8.89
9.56
8.93
9.60
9.84
10.19
10.01
10.10
9.32
9.72
10.09
9.24
9.70
9.31
9.63
9.93
10.53
9.77
9.88
10.55
10.23
9.94
10.04
9.76
9.46
9.61
9.76
8.61
7.91
8.70
8.78
9.46
8.58
8.53
9.96
10.00
9.41
9.95
10.54
9.35
9.14
8.69
9.08
7.95
9.09
7.92
8.51
8.80
8.28
8.77
8.77
9.15
8.46
8.95
8.92
8.30
8.76
8.99
9.37
9.42
9.50
9.54
8.94
8.95
9.86
9.35
8.54
8.04
8.51
7.90
8.55
8.44
7.97
8.67
8.47
7.52
8.04
8.14
7.52
8.08
7.43
9.49
8.90
8.72
8.93
9.37
9.17
9.32
9.55
9.22
9.30
8.72
8.83
8.86
8.28
8.59
9.00
8.86
9.38
8.77
9.23
8.90
8.96
9.10
9.15
8.07
8.09
7.78
8.30
8.06
8.17
8.98
8.72
9.20
8.35
8.41
9.13
8.61
9.14
8.85
8.98
8.81
9.14
8.65
8.86
8.84
9.07
7.96
8.71
9.14
9.30
9.51
9.02
9.28
9.43
9.31
8.91
9.71
8.54
8.66
8.74
8.96
9.26
8.20
9.13
8.05
9.10
8.35
8.87
9.53
9.16
9.11
9.29
9.75
9.46
8.93
8.95
8.95
9.35
9.44
8.97
8.51
9.53
8.36
9.36
9.75
9.10
9.54
9.60
9.74
8.94
9.61
9.68
9.54
9.56
9.53
9.14
9.78
9.67
8.88
9.54
9.17
9.30
8.86
9.21
8.69
9.63
9.46
9.10
9.33
9.00
9.95
9.20
8.73
8.74
8.10
9.80
9.43
8.99
9.40
9.96
9.85
10.14
10.05
8.87
9.00
9.30
8.98
9.36
8.98
8.85
9.25
10.24
9.97
10.02
9.45
9.85
9.75
9.31
9.60
8.95
9.50
9.41
9.22
9.11
9.46
9.83
9.51
9.37
9.39
9.60
9.59
9.46
9.46
9.19
9.58
9.82
9.65
9.31
9.66
9.08
9.17
9.88
9.02
9.64
9.90
9.31
8.80
8.50
8.52
8.84
8.92
9.15
8.89
8.99
8.76
9.10
10.11
9.02
8.85
9.74
8.85
8.64
8.61
8.85
9.14
9.47
8.79
8.44
8.66
9.01
9.39
9.12
9.74
8.98
9.22
9.59
9.21
8.28
8.74
9.53
9.19
8.44
9.74
9.40
9.25
8.23
8.30
7.76
8.43
8.57
8.97
8.51
9.25
8.76
8.81
8.00
8.17
9.17
8.81
9.16
9.54
9.67
8.79
8.63
8.55
8.80
8.50
8.54
8.34
9.01
9.26
8.61
8.52
8.13
7.72
8.43
8.16
8.48
9.07
9.05
8.59
8.35
8.43
8.52
8.70
8.92
8.70
9.19
8.78
7.88
8.03
8.83
9.04
9.04
9.45
8.87
8.31
8.38
9.20
9.07
9.10
8.74
8.89
8.94
8.64
9.06
9.67
9.60
9.59
9.52
9.55
8.54
8.02
8.61
9.13
8.95
9.23
8.86
8.94
9.34
8.29
8.84
9.21
9.46
8.06
9.04
8.95
9.40
9.26
8.33
8.61
8.94
9.34
9.50
8.53
9.00
9.32
9.14
9.13
8.32
8.27
7.96
8.32
7.73
7.83
8.14
8.61
8.14
8.36
8.19
7.87
7.66
7.91
8.37
8.06
8.33
8.20
7.79
7.58
7.94
8.17
7.99
8.49
7.98
8.66
8.63
7.83
8.34
8.06
8.80
8.50
8.06
8.74
8.51
8.62
7.83
7.93
8.13
7.73
8.74
8.42
7.88
8.52
7.55
8.29
8.88
9.27
8.67
8.73
8.83
8.63
8.15
8.39
8.65
8.44
8.71
9.22
9.13
8.36
8.52
8.74
8.46
8.52
8.66
8.83
7.86
8.13
8.03
8.64
8.47
7.59
8.13
7.76
8.55
8.13
8.32
8.36
8.40
8.34
8.91
8.56
9.37
7.88
8.86
9.17
8.60
8.63
8.11
8.55
8.22
8.25
7.87
7.89
8.31
8.31
7.86
7.80
7.99
7.93
8.49
8.02
8.02
8.16
7.18
8.01
7.67
8.16
7.88
8.24
8.19
7.51
8.03
7.94
8.28
7.66
7.82
8.14
8.89
8.21
8.50
8.52
8.42
8.62
8.44
8.26
8.41
8.88
8.56
8.00
8.64
7.89
8.36
8.25
8.52
8.13
8.31
8.59
8.85
8.34
8.65
7.63
9.42
8.54
8.26
8.36
8.22
8.19
8.01
8.71
7.97
8.61
8.10
8.32
8.18
8.40
8.69
8.86
8.19
8.27
8.48
8.72
8.78
8.90
8.80
8.44
8.75
8.42
8.69
8.70
8.61
9.76
8.83
8.72
8.22
9.33
9.24
8.84
8.98
8.86
9.37
8.92
8.75
9.39
9.01
8.56
8.82
8.46
8.72
9.21
9.14
8.55
7.79
8.99
8.57
8.64
8.41
8.14
8.91
7.79
8.02
8.06
8.13
7.35
7.94
8.24
9.02
7.79
8.07
8.22
7.53
7.88
7.27
7.56
7.29
7.69
8.12
8.20
8.10
7.63
7.74
6.83
7.32
8.66
8.60
7.88
7.00
7.20
8.24
8.34
7.78
7.21
8.70
8.79
8.56
8.12
8.58
8.27
8.20
8.65
7.57
8.62
6.84
8.69
8.32
8.25
8.86
8.09
8.63
8.17
8.94
8.93
8.13
7.88
7.43
8.13
7.90
8.41
8.75
7.85
8.27
7.75
7.78
8.17
8.90
9.04
8.78
8.34
8.97
9.72
9.47
9.75
8.96
8.71
8.71
9.16
9.23
9.50
9.56
9.30
8.86
8.53
7.43
7.54
8.62
7.89
8.10
8.14
7.92
8.33
8.81
7.42
7.92
8.09
8.16
7.93
7.98
8.30
8.62
7.96
7.93
7.70
6.86
6.29
6.94
6.55
6.64
5.96
7.57
7.54
8.41
9.01
9.23
8.32
8.00
8.76
8.28
9.09
9.33
9.04
7.61
8.61
7.52
8.57
6.91
8.62
7.71
8.14
8.67
8.91
8.38
8.96
7.93
8.34
8.80
8.82
8.49
8.28
8.99
7.85
8.99
8.43
8.28
7.48
8.00
7.27
6.92
7.63
8.94
8.41
7.46
8.50
8.56
8.80
9.26
10.29
9.70
9.44
9.89
7.73
8.98
8.78
8.60
8.88
9.26
9.67
10.20
11.03
11.60
10.76
10.99
11.53
11.49
10.94
10.07
11.91
11.72
11.04
12.14
10.12
11.67
11.59
11.45
10.44
10.72
10.80
11.20
11.35
10.82
11.58
11.85
12.40
10.82
10.26
11.48
11.69
11.95
11.35
11.81
11.01
9.81
9.86
8.76
8.79
7.46
7.33
7.99
8.45
8.94
9.39
7.01
8.97
8.60
8.49
8.70
8.50
8.09
7.59
9.18
8.54
8.83
8.62
9.56
8.62
7.49
8.18
8.54
8.77
6.34
7.61
7.78
7.50
7.76
6.88
7.24
7.34
8.11
7.64
7.04
6.79
7.06
6.79
7.86
7.34
6.98
9.49
8.54
6.93
7.60
9.10
7.64
8.23
7.38
7.30
8.48
7.68
7.72
7.59
7.96
7.90
7.14
7.07
7.52
6.73
7.74
7.88
7.91
8.17
7.98
8.14
8.29
8.94
9.07
8.93
7.98
8.32
8.63
8.95
8.44
7.88
7.78
7.73
8.83
8.19
7.23
7.22
7.76
7.79
8.01
7.69
7.68
7.62
7.62
7.17
7.28
7.80
7.99
9.73
8.08
8.55
7.73
7.90
7.37
7.79
7.63
7.40
7.68
7.41
7.30
7.03
7.16
7.67
7.03
7.27
7.06
7.49
7.52
7.85
7.58
7.70
7.76
7.97
7.88
7.65
7.90
7.16
7.70
7.52
7.20
7.11
7.67
7.29
8.02
6.81
6.89
7.13
7.30
7.28
7.17
7.24
7.24
7.51
7.12
7.84
7.28
7.10
6.99
6.86
7.18
7.21
6.97
6.94
7.04
7.54
7.14
6.75
7.23
6.74
6.83
6.55
7.31
7.48
8.34
7.22
7.14
7.89
7.86
8.92
8.06
7.81
8.00
8.14
8.54
7.90
8.17
8.40
7.95
7.78
8.20
8.92
8.49
8.50
7.95
8.02
8.19
8.56
7.50
8.39
8.35
8.21
8.35
8.13
8.54
8.17
8.27
8.33
7.74
8.04
8.04
7.75
9.02
8.12
8.45
8.71
8.48
8.92
8.92
8.88
8.46
8.57
8.82
9.17
9.36
9.41
8.65
8.79
8.66
7.86
8.53
8.40
9.82
8.33
8.56
8.64
8.57
8.64
8.75
9.29
8.78
9.55
9.50
8.91
8.44
8.90
8.60
8.75
9.20
8.70
8.07
8.14
8.34
8.57
8.52
8.70
9.04
10.04
9.86
9.34
9.19
8.48
8.32
7.99
7.87
8.46
8.77
8.09
7.93
8.93
8.94
9.23
7.96
8.41
9.33
8.38
8.61
8.72
8.15
8.10
7.95
8.12
6.92
8.13
8.16
7.62
7.48
8.72
7.55
8.19
8.12
8.76
8.63
8.14
7.87
8.70
7.68
9.21
8.63
8.79
9.18
8.39
8.10
7.95
8.38
8.28
7.83
8.27
8.42
7.60
8.14
8.24
8.55
7.82
8.66
8.12
7.94
8.34
7.38
8.34
8.86
9.08
8.66
7.90
7.79
7.70
8.03
7.77
7.88
7.27
8.63
7.42
7.77
7.83
8.38
7.43
9.31
9.00
9.06
8.30
7.76
8.09
7.97
8.62
8.75
8.97
8.77
8.52
8.04
9.28
9.20
9.30
8.82
8.45
8.59
8.73
8.83
8.42
9.27
8.48
8.73
8.41
7.62
8.89
8.62
8.96
8.15
7.50
8.20
8.37
7.99
7.83
8.27
7.80
8.28
8.45
7.91
7.86
7.99
8.06
8.37
8.38
8.18
7.94
8.08
8.03
7.79
7.79
8.11
7.66
8.72
8.69
7.88
8.60
8.05
8.55
7.89
8.38
8.47
8.47
8.37
7.99
8.81
8.09
8.31
8.42
8.63
7.60
7.42
8.66
7.74
8.01
8.86
8.51
8.62
8.86
8.46
8.67
8.89
8.74
8.23
8.79
8.56
8.30
8.79
8.41
8.36
7.95
8.38
8.06
8.43
8.30
9.18
8.43
8.48
8.45
8.17
8.22
8.30
8.40
7.75
7.27
7.71
7.54
8.04
8.03
8.32
8.87
8.87
8.41
8.96
8.57
8.72
8.83
8.66
9.01
8.38
8.88
8.72
8.50
8.86
8.99
8.50
9.13
8.68
8.60
8.53
8.49
9.57
8.34
9.10
9.26
8.80
8.51
8.50
8.72
8.35
8.57
10.14
10.38
9.88
9.56
8.83
8.41
8.47
8.46
8.40
9.29
8.86
8.33
8.56
8.52
8.86
8.16
8.74
8.47
9.04
8.67
8.68
8.31
8.34
8.97
8.17
8.84
8.38
8.32
8.74
8.24
9.19
8.03
8.62
8.11
8.84
8.05
8.78
7.89
8.45
8.09
8.45
8.18
8.37
8.61
8.38
7.75
7.72
8.17
7.64
7.74
8.25
8.07
8.25
8.56
8.81
8.02
8.11
8.42
8.20
8.15
9.04
9.73
8.67
8.22
8.80
7.96
8.26
8.53
8.49
8.61
9.09
8.75
7.81
8.88
7.83
8.44
8.24
8.54
8.92
8.67
8.50
8.39
8.17
8.21
8.23
8.72
8.12
8.16
8.38
8.01
7.97
8.08
8.43
8.65
8.30
7.29
8.14
8.03
7.79
8.08
8.14
7.87
8.31
8.16
8.94
9.03
8.10
7.99
8.40
8.06
7.90
8.22
7.96
7.90
8.19
7.94
8.65
8.20
8.40
8.27
8.06
8.30
8.75
7.97
8.25
8.46
8.12
8.60
7.99
8.84
8.10
8.27
8.31
