6.57
5.59
4.45
5.27
5.29
5.24
5.06
4.68
5.17
5.67
5.80
5.79
6.37
7.22
5.23
5.80
5.95
6.09
6.62
6.30
5.70
5.50
5.39
5.85
5.41
5.34
7.25
5.65
4.76
4.17
5.27
5.02
4.15
4.05
4.24
3.54
3.52
3.95
4.06
3.33
3.06
4.55
3.85
4.17
3.90
4.16
4.06
5.65
3.79
3.92
4.33
3.74
4.86
4.96
6.41
6.74
7.09
6.10
6.25
6.12
6.57
5.45
4.98
4.85
5.05
5.56
3.54
4.47
4.13
5.09
4.08
3.86
4.46
4.88
4.99
5.21
4.39
4.25
4.23
4.40
4.08
4.14
4.92
4.66
5.42
5.43
5.30
4.83
4.97
4.88
5.02
4.77
4.62
5.54
5.64
4.80
4.57
5.29
5.66
5.29
4.91
5.03
6.09
6.18
5.60
5.45
6.44
5.04
4.88
4.56
4.40
4.33
4.92
4.80
5.93
6.01
6.06
5.64
4.54
3.95
5.01
5.22
3.97
5.31
3.94
4.24
3.64
4.02
3.85
4.33
4.96
4.28
3.88
3.84
4.19
4.03
4.37
4.55
4.03
4.29
5.11
4.64
3.99
3.95
4.66
4.73
5.45
3.88
5.29
4.41
4.22
4.51
4.35
3.91
5.33
5.19
5.08
5.95
4.24
5.36
4.80
6.03
6.07
5.50
4.03
5.00
4.20
4.79
5.47
3.72
5.00
4.19
4.56
5.97
5.62
5.84
3.83
6.42
5.34
4.71
4.80
5.32
4.70
5.49
5.99
4.99
5.11
5.56
5.12
5.08
4.72
6.90
6.17
5.47
5.74
6.49
5.63
5.89
5.72
4.69
5.28
6.47
6.20
6.03
4.65
5.02
5.37
5.72
6.79
6.48
6.39
7.02
6.76
6.60
6.49
6.12
5.79
5.95
5.80
5.72
5.70
5.39
5.95
6.79
5.85
5.97
5.05
6.51
5.33
4.64
5.18
5.52
5.55
4.98
4.39
5.70
5.06
6.03
4.11
5.28
5.29
5.05
4.55
4.65
5.02
5.14
4.23
4.36
4.95
4.17
4.72
4.12
5.20
5.04
4.44
4.33
4.28
4.92
5.22
5.55
5.11
4.43
4.26
3.91
4.31
3.55
3.85
4.87
4.23
4.56
5.53
5.66
5.37
5.58
5.03
5.16
4.76
4.36
4.32
3.98
3.88
4.54
5.23
3.67
4.78
5.51
5.62
6.50
6.49
6.29
6.61
7.20
6.89
6.61
6.51
6.40
5.62
5.46
6.13
5.04
5.27
5.33
4.61
5.37
5.60
5.32
5.69
4.89
5.44
5.65
5.45
6.35
5.96
6.30
6.73
6.33
6.26
6.25
6.24
6.04
6.16
6.88
6.11
6.31
5.66
6.06
6.22
6.29
6.02
6.75
6.59
5.84
6.68
6.70
6.13
5.90
5.22
6.66
6.78
5.92
6.21
6.58
6.26
6.17
6.97
6.23
6.26
6.24
6.50
6.24
5.98
6.14
7.23
6.48
6.46
6.81
6.19
7.37
6.80
5.87
7.00
6.62
6.49
7.03
5.88
6.38
6.46
6.55
6.94
6.77
6.95
5.25
6.53
6.81
6.17
6.29
6.41
5.92
5.96
4.98
5.45
5.65
5.63
5.92
6.66
5.37
5.64
5.32
5.53
5.59
5.65
5.35
5.21
4.37
4.06
5.18
6.54
6.95
6.21
6.34
6.31
5.04
5.80
4.94
6.15
5.92
6.98
6.13
7.25
6.92
5.91
6.06
6.03
5.70
5.91
5.97
5.84
6.36
6.66
6.79
5.88
5.68
6.25
5.54
5.47
5.58
5.92
4.18
4.31
4.39
3.16
4.71
5.54
5.75
5.54
5.04
5.46
4.72
4.69
4.68
4.95
4.56
5.00
4.49
4.98
5.28
5.07
4.81
3.84
4.22
4.67
4.35
4.04
4.30
4.17
4.40
4.49
4.56
4.42
4.87
5.00
4.91
4.47
5.34
5.11
4.91
5.29
5.08
5.55
4.50
4.70
4.83
4.18
4.76
4.51
4.27
4.20
4.54
4.93
4.64
4.11
4.33
4.24
4.66
4.38
5.05
4.72
4.75
4.42
4.19
4.88
4.96
4.09
4.50
4.73
4.20
5.01
5.14
5.06
4.75
5.29
4.87
5.28
5.43
5.35
5.21
5.22
5.10
4.64
5.33
5.25
4.93
5.14
5.06
5.20
4.37
4.79
4.03
4.87
5.05
5.63
4.98
5.23
4.72
5.64
5.70
6.06
5.28
5.35
5.82
5.95
6.27
6.07
5.85
5.76
5.40
5.59
5.85
5.99
5.45
6.02
6.46
5.66
6.07
5.51
5.91
6.82
5.78
5.84
6.07
5.61
5.84
5.88
5.74
5.93
5.47
5.52
5.59
5.40
5.16
5.61
5.59
5.61
5.91
5.35
5.08
4.95
4.97
5.14
4.99
5.04
5.48
5.29
5.77
5.49
5.32
5.78
5.36
5.40
5.79
5.22
4.72
5.29
5.50
4.96
4.93
5.34
5.32
5.22
4.93
5.37
5.14
5.57
5.63
5.52
5.19
4.61
5.28
5.09
5.86
5.63
5.32
5.66
5.52
6.00
5.76
7.22
6.18
5.45
5.04
5.58
5.49
4.92
4.98
4.76
4.72
4.52
4.31
4.40
4.38
4.19
4.56
4.50
4.39
4.31
4.06
5.07
4.81
4.40
4.12
4.40
3.93
4.62
4.72
4.39
4.64
4.80
4.36
4.63
5.45
5.16
4.94
4.89
5.02
4.90
4.48
4.51
4.49
5.07
5.11
5.14
4.99
5.76
4.94
5.23
5.27
5.08
4.97
5.24
4.99
4.32
3.89
4.04
3.72
4.03
4.13
3.76
3.61
3.89
3.83
3.62
4.15
3.95
3.45
4.05
4.09
3.75
4.79
3.82
4.72
5.50
5.12
5.11
5.28
4.85
5.42
6.52
5.89
6.06
5.52
4.73
3.40
4.32
3.32
3.85
4.24
3.88
3.91
3.88
3.60
2.92
3.95
3.80
4.03
4.38
4.42
4.28
4.12
4.37
4.61
4.18
4.04
4.51
4.28
3.82
3.94
4.50
3.90
4.18
3.96
4.24
4.00
4.53
4.91
6.48
6.33
6.99
6.97
5.72
6.34
5.96
6.13
6.29
6.49
6.26
5.44
5.33
5.23
4.90
5.46
5.07
5.73
6.09
5.82
6.16
5.48
5.81
5.09
6.50
6.31
6.21
5.98
5.83
5.70
6.57
5.79
5.54
6.28
5.20
4.92
5.83
5.76
6.24
6.24
6.21
7.07
6.75
6.20
6.71
6.29
6.70
5.94
6.65
6.04
6.26
6.27
6.63
6.27
5.79
5.29
5.57
5.86
6.36
5.91
5.41
5.57
6.04
6.26
6.73
5.70
5.45
5.88
5.48
5.50
6.21
5.96
5.70
6.51
6.15
5.98
5.65
5.96
5.07
5.54
6.45
5.22
5.89
6.02
5.49
5.67
5.21
5.72
5.82
5.56
5.46
6.63
6.78
6.61
6.56
6.58
5.85
6.16
6.07
6.28
6.13
6.31
7.04
6.90
7.28
7.40
6.51
6.48
6.13
6.16
6.40
6.24
6.43
6.21
5.87
5.98
5.31
6.46
6.46
6.64
6.70
6.80
6.90
6.00
6.36
6.51
5.50
4.86
5.32
5.20
6.20
5.39
5.13
5.53
5.64
6.04
6.79
6.25
5.91
5.51
6.20
5.64
5.46
5.32
5.23
5.54
5.17
5.12
5.31
5.95
5.24
5.45
5.37
4.42
4.86
4.82
4.83
5.12
5.53
5.39
4.80
5.03
5.79
5.24
5.63
4.29
5.79
4.66
4.11
4.11
3.71
5.01
5.24
5.70
5.51
5.21
4.53
5.07
5.35
5.28
4.97
5.38
5.23
5.45
5.40
5.85
5.73
5.66
5.71
5.49
5.55
5.20
4.57
5.37
4.79
4.54
5.50
5.35
5.72
5.71
5.21
5.84
6.01
5.76
4.89
5.69
5.89
6.01
5.59
6.00
5.22
5.83
6.06
6.04
5.71
5.52
5.77
6.11
6.69
6.59
6.38
6.15
5.98
6.59
6.79
6.37
6.37
5.84
6.36
6.19
6.45
6.77
6.69
6.15
6.24
6.40
6.96
6.30
6.01
6.34
6.72
5.98
6.67
7.04
7.22
7.47
7.36
7.57
7.09
6.52
7.58
7.23
6.60
6.48
5.91
6.46
6.66
6.21
6.02
6.45
7.12
6.55
6.55
6.41
7.12
7.12
7.27
7.02
7.05
6.65
7.08
6.76
7.11
6.47
6.92
6.72
7.09
6.64
6.55
6.05
6.45
7.30
7.63
5.22
3.84
4.37
3.17
4.82
4.13
3.02
3.55
3.38
4.80
3.90
5.08
4.88
4.41
3.80
4.08
4.86
4.81
4.71
3.72
3.81
4.04
4.34
4.23
3.95
3.82
5.25
4.99
4.97
5.05
4.93
5.07
4.92
4.94
4.85
4.13
4.98
4.21
4.21
4.48
4.33
4.56
3.63
3.95
3.51
3.92
4.07
4.12
3.94
4.23
4.10
4.42
4.12
4.30
3.64
3.32
3.65
3.05
3.14
3.27
4.20
3.05
3.98
3.94
4.00
3.86
4.65
4.29
3.99
4.19
4.10
4.43
4.24
3.90
3.98
3.74
4.11
4.75
3.89
4.27
4.54
4.04
3.82
3.97
4.63
4.25
4.12
4.04
4.08
4.17
4.34
4.19
4.71
4.36
4.22
4.25
4.38
4.46
4.02
4.17
4.06
3.66
3.63
3.50
3.06
3.71
3.87
3.59
3.63
3.85
4.04
3.88
4.21
4.28
4.55
4.28
4.37
4.31
4.33
4.41
4.35
4.59
4.23
3.93
3.76
3.96
4.18
4.28
4.00
3.78
3.93
4.14
4.72
4.11
3.90
4.28
3.97
3.94
3.81
3.77
4.01
4.16
4.10
3.78
4.09
3.86
4.17
3.94
3.67
4.53
4.46
5.17
4.29
4.39
4.28
4.13
4.51
4.05
3.84
4.98
4.09
4.33
5.01
5.21
4.91
4.53
4.46
3.40
4.00
4.38
4.25
4.35
4.75
4.89
4.65
5.44
4.78
4.05
3.95
5.21
4.38
4.53
4.58
4.03
4.40
4.61
4.32
5.19
5.44
5.25
5.04
5.25
4.99
5.01
4.79
4.59
4.95
4.45
4.37
4.35
5.29
5.13
5.13
5.28
5.20
5.32
5.39
5.26
5.33
4.95
5.19
5.35
5.24
5.79
5.32
5.14
5.37
5.27
5.32
4.77
5.50
5.50
5.88
5.59
5.26
4.63
5.34
5.36
5.53
5.06
5.07
5.13
4.64
4.98
5.06
4.92
5.30
4.63
5.61
5.23
5.37
5.32
5.93
5.43
5.31
5.01
5.26
5.44
5.57
6.08
5.77
5.40
5.66
5.68
4.92
5.50
5.23
5.34
5.23
5.54
5.68
5.66
5.24
5.42
5.50
5.23
5.43
5.66
5.59
5.42
5.55
5.45
5.69
5.84
5.76
4.87
5.68
5.25
5.70
5.61
5.28
5.21
5.40
5.71
5.45
5.41
5.63
4.95
5.01
4.60
5.63
5.43
5.65
5.11
5.27
5.17
5.83
5.51
5.43
5.37
5.31
5.20
5.25
5.40
5.44
5.67
5.47
5.26
5.31
5.25
5.73
5.04
4.66
4.44
4.35
4.31
4.47
4.60
4.72
5.60
5.44
5.50
5.80
5.73
5.63
5.35
5.51
5.74
5.87
5.80
5.44
5.21
5.07
5.40
5.15
5.18
5.28
5.35
5.25
5.26
5.34
5.38
5.39
5.39
5.38
5.20
5.34
6.04
5.49
5.12
5.45
5.62
5.09
5.40
5.19
5.84
5.43
5.29
5.44
4.84
4.96
4.79
5.40
4.68
5.21
5.54
5.09
5.31
5.30
5.17
5.07
5.30
5.32
5.04
5.26
5.30
5.59
4.98
5.02
4.88
5.08
5.11
5.00
5.27
5.23
5.19
5.47
5.05
5.21
4.86
4.30
4.21
5.24
5.37
5.12
4.82
4.95
5.13
5.27
5.10
4.88
5.37
4.81
5.02
4.95
5.44
5.23
5.50
5.17
5.28
5.22
5.03
5.06
5.18
5.45
5.31
5.58
5.64
5.73
5.42
4.87
5.28
5.25
5.26
5.04
4.83
5.17
4.88
5.10
4.84
4.90
4.54
5.03
4.79
5.15
5.20
5.11
4.76
5.02
4.92
5.06
4.89
4.78
4.95
4.67
5.13
5.02
5.00
5.38
5.38
4.85
5.54
5.93
4.86
5.18
4.87
4.62
4.71
5.91
5.83
5.73
4.63
4.74
5.35
4.82
5.48
5.14
4.88
5.00
4.80
5.71
4.58
4.82
4.90
4.52
4.23
5.47
4.58
4.43
3.74
4.01
4.11
4.21
4.55
5.18
4.95
4.88
4.74
5.09
4.54
5.24
4.68
4.34
4.48
4.15
4.55
4.17
4.08
4.57
4.43
4.13
4.44
4.31
4.68
4.59
4.50
4.48
4.81
4.44
4.30
4.20
3.90
4.51
4.04
4.15
4.37
4.85
4.15
4.51
5.07
4.82
4.84
4.73
5.18
5.26
5.09
4.46
4.12
4.18
4.04
4.23
4.18
4.26
4.24
4.12
4.45
3.70
3.92
3.54
3.92
4.52
3.60
3.76
4.77
5.07
4.25
4.31
5.19
3.32
4.19
5.32
5.40
5.38
4.09
4.92
5.35
3.26
3.30
3.06
3.49
3.34
2.91
3.49
3.13
3.59
3.95
3.85
3.55
3.76
3.76
3.71
3.78
3.71
3.26
3.17
3.61
3.38
3.39
3.84
3.39
3.89
3.45
3.70
3.79
3.49
3.52
3.69
3.52
3.78
3.53
3.54
3.38
3.18
3.11
3.13
3.00
2.97
3.34
3.15
3.48
3.46
3.50
3.58
3.67
3.61
3.42
3.52
3.37
3.60
3.34
3.17
3.22
3.20
3.42
3.42
3.44
2.93
3.47
3.50
3.64
3.21
3.22
3.23
3.73
3.53
3.40
3.61
3.30
3.02
3.35
3.25
3.55
3.18
3.31
3.28
3.14
3.40
3.37
3.25
3.34
3.16
3.52
3.54
3.42
3.97
3.44
3.35
3.03
3.58
3.67
3.55
3.57
3.67
3.35
3.53
3.47
3.18
3.39
3.49
3.31
3.42
3.69
3.38
3.45
3.67
3.76
3.69
3.70
3.48
3.02
3.51
3.35
3.44
3.25
3.22
3.33
3.30
2.90
3.11
3.08
3.25
3.39
3.21
3.42
3.24
3.45
3.39
3.40
3.19
3.09
3.47
3.37
3.60
3.20
3.39
3.25
3.16
3.03
3.18
2.98
3.85
3.06
3.50
3.54
3.50
3.32
3.60
3.16
3.58
3.05
3.49
3.46
3.41
3.39
3.45
3.42
3.86
3.44
3.40
2.92
2.83
2.78
2.99
3.14
3.17
3.16
2.98
2.88
3.02
3.24
3.49
4.03
3.82
3.79
3.02
4.09
3.34
3.18
3.29
3.99
3.32
2.89
3.71
3.86
3.95
4.14
4.26
4.30
4.05
3.80
4.09
4.07
3.83
4.38
5.10
4.88
4.29
3.86
3.92
4.71
4.30
4.07
4.24
3.77
3.42
3.99
3.94
4.24
4.55
3.95
4.64
4.63
4.72
4.20
4.25
4.41
3.79
4.33
4.62
4.36
4.12
4.45
4.13
4.39
3.72
4.37
3.90
3.67
3.74
3.10
3.89
3.27
3.13
3.38
2.73
4.11
4.39
4.35
4.22
4.05
4.25
4.03
3.94
3.78
4.67
4.36
4.56
5.05
4.97
5.07
4.75
4.75
4.99
5.06
5.08
5.08
4.77
4.84
4.60
4.35
4.93
4.53
4.45
5.01
4.36
4.64
4.72
4.52
4.62
5.00
4.76
4.13
4.43
4.92
4.44
4.63
4.28
4.46
4.71
5.03
4.54
4.55
4.97
4.31
4.93
5.33
5.40
5.09
5.00
4.78
4.23
5.44
5.21
4.69
4.99
4.51
4.86
5.12
4.85
5.26
4.65
4.99
4.57
5.32
4.85
5.01
5.79
5.80
5.57
5.39
4.99
5.18
4.94
5.08
4.68
5.27
5.19
4.70
4.22
4.72
4.51
5.08
5.28
5.31
5.24
4.96
5.26
4.61
4.91
5.08
5.06
5.31
5.38
4.83
5.30
5.64
5.26
5.16
4.70
4.61
4.34
3.80
3.59
4.10
3.96
3.91
3.45
3.26
4.20
5.02
4.77
4.46
4.56
4.57
4.41
3.95
4.43
4.11
4.06
4.38
4.18
4.71
4.40
4.72
4.54
4.40
3.98
4.64
3.84
4.04
4.39
4.28
4.46
4.37
4.63
4.12
4.49
4.81
4.41
4.59
3.77
4.91
4.38
4.55
4.61
4.64
4.86
4.70
5.06
4.68
4.69
4.50
4.85
4.82
5.18
4.59
5.10
5.01
4.92
5.10
5.68
5.36
5.59
5.74
5.77
5.79
5.83
5.72
5.73
6.01
4.66
3.81
3.56
4.12
4.79
5.65
5.52
5.64
6.10
5.53
5.80
5.35
5.39
5.67
5.13
4.94
3.91
4.26
4.28
4.33
3.98
4.55
3.98
4.24
4.31
4.47
4.29
4.18
4.08
3.83
3.92
3.91
4.44
4.24
4.04
4.03
4.51
4.28
4.59
3.79
4.24
4.41
4.58
4.48
4.22
4.11
4.58
4.59
5.23
5.01
5.40
5.23
5.31
6.37
5.75
5.28
5.72
4.93
5.03
5.04
4.72
5.19
5.68
5.42
5.69
6.78
6.23
5.68
5.80
5.58
5.79
5.48
5.18
5.29
4.92
4.84
4.82
5.45
4.86
5.95
5.33
5.42
5.03
5.00
5.06
4.89
4.94
4.09
5.12
4.93
4.58
4.74
5.14
4.51
4.30
5.38
5.61
4.87
4.31
4.74
5.44
5.22
4.55
3.88
4.05
4.38
4.60
5.03
4.42
5.14
4.50
4.24
5.58
5.90
5.11
5.88
5.67
6.09
5.18
5.56
4.84
5.50
5.89
5.17
5.10
5.32
5.45
6.01
5.96
5.62
5.56
5.75
5.57
5.28
5.35
5.73
4.53
5.24
5.00
5.41
5.33
5.93
4.99
5.07
4.90
4.52
5.10
5.47
5.16
5.46
5.59
4.82
5.58
5.91
5.59
6.80
6.23
6.28
6.06
6.25
7.18
6.67
7.79
6.91
6.86
6.14
5.83
7.38
6.11
7.23
7.03
5.60
5.27
6.02
4.98
5.10
5.78
5.14
5.52
5.46
5.05
5.46
5.76
5.50
5.52
5.04
5.97
5.37
5.39
6.02
6.29
6.40
6.28
5.83
6.06
6.43
6.64
5.93
7.51
6.20
6.84
5.79
6.34
5.08
4.65
5.66
5.41
5.65
5.36
4.43
4.51
4.75
3.97
4.45
5.43
5.09
5.64
5.19
5.51
5.73
4.88
5.55
6.18
5.98
5.17
5.82
5.11
5.16
5.64
6.05
6.59
5.35
5.71
5.91
6.39
6.15
6.56
7.16
6.54
6.46
6.82
6.66
6.66
7.20
6.80
7.20
7.08
7.51
6.82
7.02
6.90
6.45
6.64
6.20
6.44
5.87
5.99
7.09
6.67
5.93
6.03
5.85
6.01
5.63
5.16
4.24
4.97
5.11
5.51
5.53
5.32
5.66
4.01
5.61
5.65
4.67
4.59
4.48
5.43
5.78
7.00
7.33
6.94
6.92
5.59
5.25
6.28
5.67
6.49
5.33
6.29
5.35
5.25
4.86
5.68
5.13
5.41
6.15
5.94
4.85
5.59
5.62
7.19
4.70
5.00
6.82
4.86
5.42
5.00
5.08
5.65
5.51
5.36
5.85
5.37
4.67
4.85
4.68
4.51
4.67
4.81
5.01
4.59
4.84
4.29
4.08
4.32
3.40
3.73
3.39
3.63
4.27
3.53
4.02
3.45
3.93
3.19
3.57
4.23
3.38
3.59
3.30
3.97
3.60
3.37
3.85
3.65
4.02
4.14
3.82
4.27
3.87
3.49
4.15
4.14
4.52
4.01
4.44
4.33
3.80
3.00
2.53
2.32
2.34
2.57
2.86
2.60
2.58
2.82
2.79
2.44
2.45
2.84
2.80
3.05
2.10
1.54
2.89
2.12
1.49
1.78
1.74
1.32
1.31
1.37
1.20
1.27
0.83
1.01
1.07
1.03
0.89
1.10
1.05
1.00
0.79
0.80
1.14
1.07
0.98
1.38
0.91
0.87
0.84
0.86
0.88
0.82
0.85
0.82
0.88
0.84
0.77
0.93
0.78
0.77
0.85
1.04
1.37
1.38
0.96
1.69
1.95
1.74
0.80
1.10
0.93
0.82
1.23
1.94
2.19
1.40
2.03
1.18
1.29
0.94
0.69
0.87
0.80
0.71
0.97
1.17
1.26
0.53
0.69
1.30
1.22
0.91
0.93
1.11
0.93
0.91
0.90
1.08
0.98
1.14
1.27
1.10
0.91
1.14
0.99
1.39
1.34
1.09
1.01
1.04
1.28
1.16
1.06
1.28
1.08
1.30
1.30
1.10
1.22
1.00
0.94
0.82
0.86
0.69
0.76
0.65
0.92
0.94
0.87
0.99
0.72
0.86
1.37
1.07
1.10
1.01
0.94
0.92
0.94
0.93
0.92
0.94
1.60
1.24
1.20
1.19
1.22
1.35
1.11
1.00
0.99
0.80
0.82
1.17
1.19
1.23
1.24
1.34
0.82
1.25
1.38
1.00
1.36
1.09
1.05
1.33
1.15
1.12
1.08
1.13
1.33
1.21
1.23
1.18
1.07
0.90
0.91
1.12
1.17
1.20
1.32
1.24
1.23
1.07
1.18
1.22
1.19
1.24
1.23
0.81
1.41
1.04
1.37
1.22
1.05
1.12
1.02
1.23
0.75
0.88
1.01
1.00
0.78
0.79
0.80
1.06
1.03
1.02
1.00
0.73
0.74
0.86
0.57
0.61
0.69
0.59
0.81
0.93
0.98
0.66
0.61
0.64
0.83
0.72
0.87
0.81
0.92
1.30
0.86
0.82
0.83
0.91
0.91
0.85
0.79
0.82
0.68
0.65
0.82
0.76
0.90
0.78
1.18
1.05
0.68
0.58
0.87
0.66
0.65
0.65
0.87
0.55
1.15
0.71
0.87
0.71
1.10
0.97
1.10
1.08
1.00
0.74
0.85
0.96
0.98
0.85
0.89
1.13
1.15
1.10
0.74
0.93
0.69
0.84
0.94
1.00
0.77
0.83
0.67
0.67
0.73
0.78
0.55
0.64
0.72
0.65
0.75
0.90
0.93
0.74
0.57
0.68
0.69
0.62
0.68
0.99
1.14
1.22
0.89
0.78
0.79
0.81
1.05
0.90
1.02
0.87
0.68
0.94
0.75
0.72
0.75
0.68
0.79
0.67
0.66
0.86
0.66
0.78
0.75
0.77
0.70
0.70
1.03
0.62
0.53
0.77
0.93
0.64
0.65
0.81
0.66
1.10
0.91
0.69
0.54
0.59
0.62
0.74
0.61
0.57
0.67
0.66
0.83
0.68
0.59
0.65
0.59
0.75
0.69
0.74
0.71
0.56
0.61
0.88
1.00
0.61
0.69
0.61
0.63
0.75
0.71
0.62
0.75
0.71
0.70
0.87
0.69
0.82
1.04
0.79
0.74
0.85
0.86
0.61
0.64
0.84
0.67
0.67
0.79
1.01
1.12
1.22
1.25
0.84
0.98
0.64
0.71
0.80
0.59
0.70
0.84
0.77
0.99
0.80
0.61
0.78
0.89
0.71
0.68
0.75
0.79
0.74
0.75
0.65
0.63
0.72
0.61
0.93
0.89
0.62
0.68
0.81
0.68
0.67
0.81
1.13
0.65
0.80
1.23
0.76
0.85
1.20
1.16
1.06
1.06
1.00
1.01
0.99
1.12
1.22
1.52
1.29
1.07
0.93
0.92
0.71
0.59
0.77
0.77
0.84
0.85
0.89
1.25
1.51
0.80
0.69
0.71
0.98
1.06
1.24
1.18
1.08
1.13
1.02
1.37
1.28
1.42
0.92
0.98
1.16
1.12
1.38
1.08
1.02
0.97
1.47
1.43
1.10
1.24
1.14
1.35
1.08
0.82
1.23
0.94
1.31
1.05
1.03
1.14
1.05
1.59
1.13
1.13
1.12
1.11
1.13
1.17
0.93
0.96
1.35
1.21
1.37
1.27
1.47
1.49
1.07
0.93
0.98
0.96
0.78
0.66
0.64
0.72
0.94
0.94
0.67
0.67
0.64
0.77
0.71
0.84
1.22
1.18
0.86
0.79
0.70
0.78
0.91
0.67
0.63
0.99
1.04
0.75
0.69
0.82
0.66
0.58
0.70
0.59
0.64
0.65
0.62
0.54
1.06
0.87
0.89
0.68
0.99
0.94
0.83
0.73
0.84
0.59
0.83
1.09
1.08
0.94
1.00
0.91
1.00
0.70
0.82
0.93
0.88
0.80
0.77
1.10
1.16
0.84
1.00
1.21
1.02
1.08
1.28
0.97
1.00
1.22
0.94
0.95
1.23
1.06
1.35
1.51
1.89
1.66
1.44
1.08
1.46
0.88
0.89
1.12
1.31
1.13
1.15
0.95
0.97
1.23
1.19
1.08
1.10
1.34
0.86
1.08
0.92
1.27
1.26
0.95
1.05
1.05
0.94
0.95
1.18
0.96
1.01
0.91
0.87
0.80
0.89
0.97
1.15
1.33
0.96
0.87
0.93
0.81
0.92
0.91
1.11
0.87
0.98
0.83
0.90
0.79
0.96
0.82
0.75
0.64
0.72
0.68
0.79
1.09
0.78
1.00
0.63
0.92
0.78
0.82
1.03
1.01
0.78
0.61
1.14
1.01
0.97
1.00
1.20
0.79
0.98
0.61
1.05
0.97
0.92
1.10
0.83
0.70
0.88
0.94
0.74
0.88
0.63
0.77
0.78
0.84
0.96
1.02
1.11
1.18
1.11
0.96
1.20
1.09
1.13
1.20
1.18
0.98
1.24
1.30
0.69
0.79
1.16
0.72
0.75
0.89
0.91
1.05
1.13
0.93
0.96
1.02
1.30
0.84
1.01
1.11
1.21
1.29
1.10
1.22
0.98
1.00
0.94
0.91
1.26
1.16
1.05
0.94
1.35
1.18
1.36
1.36
1.18
1.13
1.09
1.24
1.37
1.56
1.29
1.38
1.37
1.16
1.09
0.98
1.22
1.14
1.39
1.15
1.17
1.31
1.37
1.16
1.21
1.23
1.57
1.34
1.34
1.30
1.27
1.25
1.19
1.09
1.04
0.97
0.97
1.16
1.49
1.07
1.20
1.27
1.25
1.25
1.06
1.09
1.37
1.26
1.41
1.07
1.34
1.14
1.30
0.96
0.82
1.00
0.89
0.72
1.16
1.06
1.09
1.05
0.99
0.98
1.16
0.98
0.93
1.21
1.13
0.85
0.99
1.02
0.93
0.85
1.01
1.09
0.92
1.01
0.85
0.77
0.87
1.03
1.13
1.04
0.90
0.87
1.32
1.44
1.42
1.38
1.51
1.38
1.25
1.45
1.72
1.27
1.18
1.46
1.53
1.37
1.10
1.21
0.87
0.92
1.09
1.11
0.88
0.89
0.95
1.06
0.94
0.97
0.81
0.84
1.11
1.04
0.97
1.01
0.78
1.19
0.94
1.03
1.00
1.10
0.93
0.77
1.00
1.04
0.98
0.99
1.11
1.13
1.01
1.04
0.94
1.09
0.97
0.99
1.01
1.05
1.12
1.12
1.11
1.37
0.90
1.26
0.87
0.74
0.88
1.02
1.22
0.82
0.72
0.78
0.74
0.90
1.09
1.23
1.13
0.74
0.81
1.00
0.89
0.87
0.95
0.98
0.90
1.25
1.33
1.29
1.20
1.27
1.27
1.21
1.33
1.47
1.39
1.40
1.39
1.45
1.47
1.34
1.42
1.49
1.28
1.48
1.43
1.25
1.30
1.18
1.31
1.55
1.08
1.26
1.19
0.97
1.15
1.03
1.13
1.18
1.17
1.08
1.08
1.05
1.07
1.01
1.19
1.06
0.84
0.93
1.19
1.02
1.09
1.24
1.39
1.45
1.27
1.48
1.27
1.49
1.38
1.35
1.42
1.44
1.08
1.15
1.05
1.05
1.21
1.21
1.02
0.99
1.42
1.17
1.09
1.24
1.47
1.30
1.25
1.38
1.39
1.44
1.58
1.54
1.46
1.33
1.20
1.50
1.55
1.52
1.58
1.45
1.48
1.44
1.62
1.38
1.53
1.40
1.63
1.73
1.36
1.65
1.58
1.41
1.46
1.61
1.72
1.59
1.52
1.52
1.42
1.54
2.03
1.63
1.43
1.54
1.54
1.54
1.51
1.56
1.40
1.55
1.49
1.57
1.48
1.29
1.47
1.62
1.45
1.56
1.48
1.36
1.67
1.49
1.54
1.40
1.47
1.51
1.65
1.55
1.38
1.57
1.66
1.45
1.48
1.57
1.39
1.57
1.40
1.52
1.62
1.60
1.52
1.52
1.58
1.46
1.50
1.37
1.64
1.47
1.55
1.63
1.49
1.50
1.56
1.57
1.51
1.46
1.46
1.56
1.44
1.33
1.57
1.53
1.43
1.48
1.44
1.43
1.62
1.38
1.53
1.49
1.68
1.45
1.60
1.63
1.43
1.26
1.59
1.56
1.53
1.55
1.40
1.56
1.57
1.44
1.42
1.49
1.28
1.49
1.52
1.52
1.41
1.45
1.41
1.62
1.61
1.63
1.51
1.50
1.51
1.43
1.63
1.42
1.47
1.80
1.53
1.59
1.45
1.41
1.19
1.48
1.44
1.55
1.41
1.55
1.42
1.58
1.45
1.50
1.60
1.73
1.69
1.79
1.57
1.26
1.67
1.45
1.39
1.64
1.51
1.82
1.44
1.49
1.48
1.36
1.77
1.62
1.60
1.43
1.35
1.69
1.57
1.55
1.47
1.61
1.58
1.70
1.50
1.76
1.67
1.74
1.60
1.46
1.42
1.52
1.51
1.66
1.86
1.58
1.86
1.59
1.65
1.76
1.41
1.51
1.70
1.69
1.55
1.71
1.73
1.72
1.67
1.51
1.55
1.51
1.46
1.44
1.54
1.60
1.74
1.96
1.69
2.21
1.64
1.68
1.59
1.46
1.48
1.74
1.40
1.38
1.36
1.51
1.49
1.53
1.51
1.68
1.39
1.55
1.17
1.18
1.02
1.01
1.03
0.96
0.89
0.80
1.13
0.92
1.04
0.93
0.90
1.05
0.89
0.95
0.87
1.00
1.05
1.09
0.93
1.09
0.99
1.08
0.95
0.99
1.04
1.14
1.15
0.95
0.93
1.10
0.97
1.13
0.96
0.86
0.91
1.02
1.13
0.87
1.01
0.95
1.08
1.05
1.12
1.09
0.96
0.92
0.86
0.87
1.45
1.36
1.45
1.41
1.61
1.87
1.09
0.97
0.74
0.82
0.96
0.82
1.14
0.82
0.77
0.81
0.92
1.16
0.87
0.96
0.96
0.99
0.83
0.88
0.91
0.85
1.09
0.89
1.19
1.07
1.10
1.09
1.16
1.04
0.74
1.09
1.03
1.33
1.36
1.16
1.11
1.40
0.89
1.05
1.01
1.12
1.16
1.15
1.67
1.34
1.55
1.28
1.40
1.16
1.59
1.66
1.27
1.17
1.20
1.36
1.13
1.39
1.20
1.75
1.63
1.16
1.31
1.45
1.25
1.21
1.19
1.08
1.30
1.25
1.05
1.03
0.84
1.08
1.14
1.27
1.18
1.14
0.98
1.19
1.07
1.07
1.11
1.04
0.83
1.10
1.00
0.93
0.82
1.14
0.83
1.04
1.43
1.44
0.94
1.07
0.95
1.18
0.90
1.16
1.03
1.17
1.50
1.22
1.37
1.31
1.33
1.58
1.34
1.41
1.36
1.30
1.20
1.14
1.21
1.52
1.57
1.42
1.34
1.69
1.39
1.95
1.56
2.06
1.91
1.49
1.74
1.85
1.97
1.65
1.97
1.45
1.88
1.84
1.51
2.01
1.75
1.37
1.39
1.52
1.63
1.57
1.22
1.40
1.54
1.36
1.43
1.45
1.82
1.67
1.41
1.60
1.40
1.38
1.57
1.69
0.97
1.17
1.64
1.55
1.69
1.75
1.80
1.28
1.55
1.70
1.43
1.51
1.37
1.33
1.43
1.46
1.59
1.38
1.45
1.56
1.19
1.51
1.03
1.54
1.71
1.33
1.12
1.33
1.21
0.85
1.19
1.47
0.95
1.71
1.08
1.69
1.25
1.11
1.03
1.15
0.81
0.99
0.98
0.93
1.78
1.20
1.12
1.17
1.27
1.37
1.22
1.19
1.37
1.25
1.56
1.16
1.36
1.29
1.55
1.06
1.21
1.44
1.18
1.30
1.18
1.26
1.47
1.19
1.42
1.52
1.34
1.62
1.61
1.15
1.37
1.48
1.16
1.13
1.18
1.14
1.22
1.30
1.33
1.38
1.80
2.26
1.73
1.46
1.46
1.13
1.23
1.47
1.59
1.52
1.61
1.61
1.40
1.71
1.64
1.75
1.31
1.34
1.32
1.28
1.46
1.63
1.35
1.10
1.34
1.38
1.65
1.51
1.45
1.41
2.12
1.51
1.47
1.63
0.94
1.73
1.79
1.88
1.31
1.40
1.70
1.69
1.32
1.22
1.52
1.01
2.04
1.91
1.65
1.67
1.43
1.46
1.78
1.32
1.06
1.14
1.53
1.22
1.15
1.84
1.73
1.29
1.15
1.35
1.78
2.11
1.60
2.36
2.38
2.09
2.18
1.96
1.99
2.11
3.06
2.49
2.27
1.65
1.96
3.12
2.51
3.03
2.52
3.01
3.14
2.62
2.36
2.23
2.63
2.57
2.06
1.95
1.58
1.48
2.12
1.86
2.02
2.42
1.81
1.54
1.47
1.40
2.18
1.70
1.85
2.32
1.70
2.01
1.52
1.84
2.16
1.77
2.00
2.05
2.02
2.35
1.42
1.99
1.70
1.63
1.79
2.34
1.98
2.22
1.48
2.37
2.10
2.35
2.28
1.94
2.51
2.23
2.43
2.56
2.48
2.45
2.58
2.58
2.61
2.61
2.06
1.85
1.66
1.80
1.75
2.11
1.84
1.91
1.66
1.77
1.60
1.81
2.04
1.93
1.84
1.57
1.61
1.59
1.59
2.25
2.45
2.49
1.47
2.46
2.50
1.88
2.38
2.32
2.21
2.02
1.87
1.66
2.03
1.95
1.86
2.04
2.11
1.77
2.63
2.67
2.42
2.48
2.76
2.71
2.41
2.26
2.44
2.43
1.73
2.23
2.17
1.55
1.78
1.97
1.77
1.73
1.69
1.62
1.87
1.95
1.70
1.50
1.59
1.67
1.73
1.77
1.76
1.79
1.73
1.84
1.76
1.91
1.44
1.74
1.94
1.79
1.85
1.91
1.73
2.28
1.96
1.92
1.80
1.50
1.60
1.78
1.46
1.60
1.85
1.83
2.23
2.00
1.70
1.79
1.91
1.16
1.27
1.63
1.28
1.97
1.40
1.53
2.30
1.87
1.70
1.50
1.24
1.20
1.22
1.54
1.62
1.60
1.86
1.64
1.63
1.86
1.62
2.02
1.98
2.30
2.49
2.56
1.93
2.17
1.59
2.71
3.02
2.54
2.79
2.37
2.37
2.63
3.08
2.66
3.39
2.82
1.65
2.10
1.64
2.15
2.44
2.41
2.33
2.37
1.61
1.83
1.93
1.53
1.84
2.03
1.73
1.60
2.48
2.50
2.79
2.63
2.33
2.32
2.16
1.90
2.25
1.92
2.13
2.43
2.20
2.68
2.48
2.39
2.02
1.57
1.95
1.97
1.68
2.03
1.95
1.89
1.83
1.37
1.85
1.89
1.70
1.87
1.75
1.34
1.89
1.63
1.98
1.98
1.83
1.91
1.74
1.62
1.39
1.71
2.06
1.85
2.04
1.83
1.27
1.39
1.29
1.28
1.40
1.81
1.00
1.11
0.87
1.25
1.26
1.00
1.35
1.84
1.37
1.08
1.28
0.96
1.22
0.93
0.68
1.08
0.96
1.09
0.79
1.32
1.35
0.97
0.76
0.95
0.90
1.08
1.28
0.87
1.17
1.57
2.01
2.07
2.17
1.72
1.83
2.58
2.48
2.93
2.29
2.42
2.23
2.60
2.66
2.45
2.52
2.50
1.93
1.89
1.80
2.36
1.28
1.50
1.71
1.43
1.26
2.00
1.67
2.07
1.78
2.51
2.15
2.42
1.64
1.79
1.89
2.19
1.89
1.58
1.63
1.71
2.12
1.40
1.63
1.76
1.72
1.32
1.54
1.35
1.64
1.41
1.90
2.62
2.92
2.90
2.95
2.82
3.21
3.40
2.67
2.99
3.33
3.18
3.28
3.62
3.41
3.46
3.12
3.06
2.91
3.42
2.30
2.36
2.38
2.71
2.75
2.28
2.74
2.48
2.62
2.47
2.56
2.17
2.59
2.57
2.90
2.71
3.12
3.52
2.91
2.22
3.21
2.88
2.72
2.65
2.93
3.56
3.66
3.22
2.97
2.35
3.00
3.12
3.62
2.74
2.41
3.16
2.54
2.75
3.24
2.74
2.24
2.67
2.50
2.75
3.06
2.74
2.74
3.20
3.52
3.23
2.97
2.82
2.88
2.46
1.98
1.78
2.23
1.76
1.64
2.44
1.97
1.78
2.02
2.06
1.91
1.80
2.15
2.42
2.83
2.57
2.61
2.28
2.15
2.53
2.38
2.19
2.73
2.72
2.45
3.06
3.38
3.51
3.58
3.60
3.12
3.29
3.20
2.96
3.22
2.87
2.62
3.08
2.72
3.34
2.60
3.06
2.89
2.97
2.81
2.86
2.95
3.02
2.88
2.62
2.81
2.85
3.04
2.88
2.66
2.91
3.05
2.50
2.34
2.58
3.03
2.40
2.92
2.69
3.01
2.55
2.96
3.10
2.59
3.01
2.69
2.75
3.36
3.12
3.38
3.27
3.30
3.24
3.13
2.68
2.86
2.59
2.64
2.67
3.03
2.36
2.46
2.40
2.69
2.75
3.13
3.08
3.13
3.07
2.86
2.64
2.69
2.92
2.92
3.01
2.75
2.98
2.94
3.05
2.84
2.84
2.91
2.78
2.66
2.03
2.62
3.19
3.31
2.89
3.28
3.10
3.20
2.90
3.33
3.13
3.12
3.33
2.87
3.43
3.12
2.70
3.35
3.14
2.94
3.00
2.91
2.91
2.44
3.19
3.11
2.47
3.18
2.71
2.74
3.01
2.90
3.02
2.92
3.09
3.33
3.48
3.30
3.16
3.10
2.84
3.40
2.95
3.11
3.58
2.80
3.38
3.06
3.16
3.12
2.95
2.97
3.19
2.27
2.23
2.50
2.26
2.14
1.71
2.45
2.71
2.90
2.62
2.70
3.35
2.97
3.40
3.29
3.44
3.01
3.62
3.33
3.20
2.99
3.03
3.48
2.76
3.19
3.10
3.08
3.18
3.31
3.10
3.25
3.12
2.93
2.97
3.07
3.31
2.93
3.30
2.97
