3.41
4.14
4.09
4.05
3.87
3.96
3.88
3.33
3.62
3.57
3.32
4.11
3.46
3.83
3.77
3.60
3.69
3.63
3.74
3.97
3.36
3.63
3.64
3.38
2.96
3.76
3.42
3.36
3.67
2.42
2.36
2.72
2.48
3.05
3.51
3.13
3.32
2.90
3.40
2.82
3.06
3.30
3.24
3.63
2.87
3.38
3.25
3.55
3.56
3.56
3.47
3.46
3.44
3.57
3.42
3.57
3.55
3.32
3.53
3.39
3.38
3.69
3.73
3.24
3.43
3.05
3.05
3.49
3.52
3.59
3.21
2.84
3.23
3.11
3.16
3.16
3.12
3.00
3.32
4.03
3.08
3.05
2.82
3.12
3.27
3.03
2.87
2.76
2.97
3.16
3.05
3.19
2.99
2.78
2.73
3.29
2.83
3.16
3.01
3.40
3.11
2.83
2.93
2.68
2.62
2.52
3.30
3.55
3.84
2.77
3.76
3.56
4.54
5.36
4.87
4.80
4.28
3.95
3.87
4.40
2.68
3.64
3.60
3.86
4.51
4.58
3.52
4.39
3.49
3.06
3.84
3.63
4.81
3.12
4.10
4.35
3.37
4.35
3.68
4.17
4.25
4.37
4.50
3.42
3.97
4.19
3.30
3.75
4.72
3.32
3.72
2.68
2.60
3.34
3.64
2.96
3.17
3.84
3.82
3.24
4.09
3.90
3.96
3.32
2.84
2.69
3.66
4.48
3.68
4.01
4.11
3.85
3.62
3.36
3.38
3.81
3.87
3.84
3.34
3.25
3.77
3.64
3.24
3.33
2.98
3.45
4.23
3.64
2.57
3.49
3.12
3.82
2.93
2.82
3.13
3.52
4.30
3.42
3.56
3.40
3.66
3.58
3.69
4.06
4.16
4.20
2.87
3.32
3.24
2.61
3.59
3.01
2.95
4.22
3.12
3.27
3.42
4.37
4.20
3.78
4.39
4.83
4.87
4.11
3.55
4.14
3.94
4.00
3.65
3.50
3.88
3.87
2.33
4.47
3.58
2.65
2.07
3.60
3.26
3.06
2.55
3.12
3.16
2.81
3.79
3.81
3.99
4.11
3.18
3.79
3.58
3.28
3.62
3.89
3.86
3.44
3.25
3.93
3.17
3.46
3.06
3.61
4.11
4.13
4.15
4.00
3.45
3.38
3.98
3.64
3.87
3.61
3.84
3.20
3.82
3.12
3.09
3.46
3.52
3.75
2.95
3.55
3.77
3.56
3.81
3.36
3.81
3.88
3.79
3.50
3.54
4.59
3.81
3.49
3.69
3.85
3.39
3.47
3.22
3.69
3.42
3.45
3.49
3.52
3.38
3.60
3.65
3.73
3.74
3.55
4.25
3.93
3.87
3.40
3.28
3.79
3.64
3.63
3.61
4.14
3.77
3.51
3.89
3.78
4.05
3.92
4.16
4.04
2.96
3.08
3.23
3.56
3.68
4.01
4.30
3.53
3.52
4.52
4.26
4.43
4.15
3.51
4.64
4.25
3.89
4.45
4.05
3.94
3.81
3.88
3.83
4.26
3.84
4.35
4.16
4.29
3.68
4.44
4.17
4.13
3.88
3.56
3.69
3.59
3.91
3.79
4.22
3.92
4.29
3.52
4.03
4.07
3.46
3.90
4.11
3.92
4.37
4.34
3.76
3.86
4.16
4.19
3.79
4.01
3.09
1.95
1.64
1.67
1.29
1.71
3.21
2.40
2.53
2.11
2.56
2.93
2.35
2.44
2.25
3.48
2.89
3.46
2.21
2.67
2.07
3.62
4.39
3.80
2.82
4.12
5.08
2.75
3.12
3.24
3.30
1.91
2.59
2.81
3.69
3.62
3.72
2.88
3.17
4.35
4.43
4.60
4.49
3.49
4.42
5.00
3.92
4.60
4.25
4.95
4.12
4.08
3.17
3.73
4.09
4.69
3.41
2.62
3.15
3.34
2.91
3.86
2.55
2.90
3.79
2.27
2.07
3.09
3.04
2.88
1.90
2.52
2.20
2.73
2.13
2.56
2.41
2.24
2.30
2.03
2.42
2.52
2.24
2.29
2.67
2.26
2.31
2.21
3.54
3.99
3.20
3.81
4.15
3.52
3.17
3.32
3.46
3.09
3.25
3.70
2.93
3.04
3.05
3.56
4.81
4.21
3.90
2.83
2.84
2.92
2.56
3.09
2.69
2.50
1.49
1.68
2.36
1.66
1.45
2.38
1.84
1.76
3.04
2.35
2.35
2.04
3.11
3.05
2.35
4.39
3.98
5.23
4.72
4.55
3.29
3.57
3.41
2.82
2.13
2.06
2.11
2.33
3.23
2.26
1.45
1.59
3.12
1.84
1.64
1.25
1.49
1.64
2.28
2.34
2.21
1.59
1.42
0.99
1.80
3.49
3.88
1.92
1.24
3.17
3.67
3.29
3.12
2.87
2.04
2.67
3.39
3.66
3.37
3.35
2.96
3.42
3.38
2.79
3.14
2.21
1.81
2.26
1.86
3.19
2.77
2.42
2.32
1.57
1.88
1.99
1.55
2.15
3.89
3.02
4.32
3.99
4.80
4.42
2.39
3.56
1.99
1.82
1.56
2.90
3.22
3.18
3.65
2.26
2.55
2.32
3.56
2.24
1.81
3.06
3.65
1.40
1.19
1.04
1.27
1.30
1.32
2.04
1.86
2.25
1.87
2.12
1.90
1.35
1.35
1.60
1.17
1.51
3.36
3.11
2.04
1.17
1.56
1.49
3.17
3.82
3.24
3.34
2.39
2.20
1.45
1.88
1.55
1.93
1.97
2.73
2.83
2.39
2.68
2.23
3.61
3.18
4.28
4.61
4.83
4.35
4.12
4.61
4.36
4.55
4.72
5.04
4.46
4.80
5.14
4.85
4.73
4.50
5.17
5.13
5.49
5.21
4.97
3.84
4.68
4.41
5.37
4.34
4.60
4.84
4.78
4.73
5.09
5.03
4.79
5.09
4.75
5.36
5.38
5.02
4.78
5.12
4.23
4.71
4.96
3.31
4.56
4.93
4.83
5.02
4.57
5.10
5.02
6.49
5.28
4.59
4.54
4.64
4.50
3.98
3.87
3.93
3.96
4.17
4.39
4.55
5.26
4.91
4.02
4.50
4.44
4.29
5.23
4.58
4.43
4.70
5.12
5.62
5.70
5.66
4.89
3.68
4.95
4.95
4.31
4.29
4.77
4.06
4.54
4.97
4.33
4.08
4.27
4.25
4.50
5.08
4.24
5.56
4.04
3.75
3.90
4.18
4.34
4.91
4.98
4.90
4.35
3.68
3.56
4.77
5.95
4.68
5.21
5.24
5.01
5.29
5.65
4.60
4.87
5.53
4.77
4.65
5.14
4.84
4.52
5.06
5.19
5.16
4.12
4.83
4.56
4.76
4.10
4.90
4.55
4.56
4.79
4.12
3.29
3.68
3.80
3.92
3.70
4.33
4.38
3.19
4.04
2.15
1.87
1.77
2.45
2.82
2.82
2.48
2.07
2.27
2.27
2.15
2.87
3.04
3.50
3.68
3.25
3.36
3.47
3.20
3.51
2.32
3.32
3.11
3.45
3.73
3.20
3.07
3.44
3.26
3.24
4.03
4.24
3.83
3.65
4.06
4.13
3.58
3.90
3.43
3.16
3.54
3.31
3.10
3.02
3.35
2.99
3.11
3.28
3.04
2.90
3.55
3.23
3.78
3.22
3.03
3.19
3.00
3.22
3.25
3.28
3.74
3.38
3.42
4.15
4.30
4.01
4.36
3.81
3.99
4.27
4.34
4.30
4.11
4.16
4.25
4.04
4.06
3.89
4.22
4.67
4.33
4.16
3.81
4.10
4.49
4.01
3.73
3.98
3.60
3.39
3.43
3.17
2.74
2.30
3.40
2.98
3.70
3.24
3.03
3.12
3.14
3.37
3.24
3.86
3.03
3.25
3.53
3.06
3.86
3.16
3.34
3.46
3.52
3.31
3.77
3.51
2.95
3.11
2.83
3.70
3.17
3.21
3.12
3.13
2.75
2.79
2.56
2.94
3.14
3.42
3.13
2.80
2.73
3.16
3.37
3.78
3.69
3.82
3.51
3.05
3.27
3.46
3.18
3.32
3.51
3.17
3.32
3.47
3.83
3.71
3.71
3.70
3.92
3.97
3.47
3.62
3.28
3.39
3.64
3.41
4.24
3.18
3.51
3.51
3.45
3.48
3.81
3.59
3.50
3.64
3.38
3.94
3.76
3.14
3.38
3.46
3.79
3.70
3.86
3.81
3.26
3.62
3.77
3.29
3.90
3.57
3.77
3.67
3.94
3.39
3.20
3.43
3.47
3.28
3.12
3.98
4.08
3.74
3.90
4.43
4.30
4.26
3.81
3.96
3.88
4.21
3.85
3.88
4.16
3.94
3.94
3.85
3.73
3.92
4.28
3.94
3.49
3.82
3.95
3.78
3.32
3.65
2.93
3.90
3.59
4.37
3.99
4.14
4.05
3.79
3.75
4.00
4.26
4.44
4.23
3.63
3.72
4.25
4.32
3.99
4.42
4.45
4.15
4.09
4.24
3.94
4.61
3.97
4.49
4.05
4.10
4.45
4.30
4.05
4.34
4.27
4.13
4.23
4.25
4.08
4.72
3.96
4.38
3.91
4.41
3.72
3.87
4.00
4.34
4.11
4.33
4.31
4.63
4.35
4.30
4.44
4.13
5.57
4.89
5.04
4.09
5.38
4.00
4.28
4.84
4.84
5.53
5.05
5.49
4.96
6.21
5.24
5.00
4.91
5.14
4.28
5.05
4.74
4.84
6.02
4.41
5.21
5.09
4.11
4.57
4.80
3.41
4.64
4.00
3.83
4.47
5.54
5.40
4.51
4.70
4.66
5.14
4.69
5.28
5.29
5.40
4.88
4.71
4.41
5.00
4.93
4.74
5.37
4.72
4.66
4.71
4.25
4.54
5.12
6.12
4.85
4.95
4.82
4.45
5.18
5.46
4.58
4.22
4.52
4.49
5.06
5.01
4.78
4.73
4.41
4.72
5.45
4.87
4.56
4.76
3.83
3.89
4.13
4.99
4.97
4.06
4.43
4.46
3.82
3.84
3.95
4.59
4.31
4.07
4.04
4.34
4.14
4.69
4.62
4.43
4.52
4.28
4.35
4.78
4.37
4.94
4.50
4.54
4.38
4.58
4.45
4.58
4.55
4.13
4.50
4.73
4.56
3.94
4.42
4.67
4.41
4.98
4.95
4.05
4.13
4.46
4.65
4.05
4.63
4.60
4.32
4.08
4.65
4.51
5.94
5.94
5.46
5.57
5.15
5.65
4.54
5.09
5.29
5.36
5.74
5.73
5.40
5.81
4.45
5.45
4.70
5.59
4.91
4.51
4.73
4.72
4.76
4.88
5.05
3.98
3.68
4.24
4.29
5.63
4.31
4.87
4.41
4.62
4.73
4.42
4.79
5.38
4.09
4.33
4.14
4.47
4.14
4.45
4.81
3.91
4.41
4.59
4.45
4.84
4.58
4.50
4.60
5.57
4.52
5.53
5.36
4.82
5.96
5.00
4.94
4.47
4.33
4.49
5.33
4.66
5.89
5.70
6.00
5.96
6.25
5.38
5.19
5.83
4.89
5.58
5.03
4.10
5.66
5.23
4.26
4.48
3.93
4.27
4.41
4.27
5.22
4.52
4.99
4.57
5.41
4.85
4.75
4.53
3.93
4.04
3.68
4.05
3.44
3.71
3.72
4.62
4.16
4.91
4.19
4.67
4.59
4.57
4.68
4.88
3.86
4.70
4.37
3.95
4.71
4.09
4.28
4.40
4.83
4.89
4.52
5.07
3.93
5.11
4.91
3.68
5.52
5.00
5.17
4.16
4.23
4.39
4.99
4.62
6.44
6.95
6.51
6.30
5.89
6.55
6.45
6.34
6.69
5.63
5.76
5.40
4.41
4.94
4.50
5.42
5.07
5.47
5.45
5.46
4.87
5.77
6.28
4.90
4.44
5.39
4.10
4.98
5.09
5.55
4.40
5.87
6.53
5.27
5.90
5.92
5.79
5.50
4.66
5.37
5.53
5.16
4.70
4.34
4.51
4.58
5.21
5.44
5.03
5.54
5.66
4.68
4.94
4.56
4.43
5.05
4.83
4.51
4.83
5.58
4.41
3.79
5.18
5.60
3.94
3.37
3.87
4.86
4.23
4.72
4.38
5.24
4.13
4.73
4.79
4.32
5.23
4.47
4.96
3.80
4.97
4.89
5.26
5.17
5.13
5.09
5.15
5.62
5.45
6.00
4.93
5.33
5.71
5.03
4.63
5.15
5.77
5.20
5.31
5.76
6.20
5.41
4.09
5.25
5.36
5.97
5.42
5.72
5.32
5.03
5.00
5.78
5.03
5.49
5.52
5.37
5.45
4.70
5.63
5.29
5.34
5.16
6.04
5.36
4.42
4.96
5.42
4.70
5.19
5.49
4.99
4.13
4.96
5.74
5.73
4.37
5.50
6.10
5.49
5.66
5.28
5.14
4.65
4.38
4.69
4.14
5.24
4.81
4.88
4.99
4.87
4.84
4.24
4.46
5.05
5.71
6.22
6.03
5.69
5.20
4.32
4.59
6.18
5.04
5.00
5.18
5.77
5.06
5.66
5.88
5.17
6.51
6.53
6.72
5.98
6.27
6.32
4.76
4.31
4.02
4.16
5.02
4.90
4.52
4.79
5.29
4.37
5.88
6.20
5.64
5.59
5.58
5.80
5.40
6.19
5.71
5.15
5.10
4.77
5.50
5.58
4.99
4.81
4.82
4.56
3.96
4.38
5.27
4.81
4.87
4.36
5.51
5.60
5.22
5.09
5.36
4.88
4.54
4.37
3.66
3.64
4.60
4.05
4.94
4.40
4.68
4.26
4.82
4.13
4.12
4.44
4.53
4.88
4.23
4.29
4.32
4.37
4.85
4.98
4.50
4.62
3.93
4.35
4.24
4.18
4.05
4.06
4.21
4.42
4.54
4.34
4.06
4.09
4.52
3.89
4.63
4.35
4.01
4.51
4.47
4.16
4.42
4.54
4.88
4.77
4.47
5.14
4.17
5.18
4.68
4.53
4.02
4.82
5.16
4.38
3.80
4.70
5.71
4.87
5.26
5.34
4.82
4.34
5.45
5.02
5.19
4.55
5.37
4.04
5.13
4.62
5.09
5.34
4.41
4.97
5.25
4.99
5.31
4.52
5.77
5.23
5.27
5.00
4.92
4.63
5.48
5.27
5.94
5.57
5.58
5.11
4.03
5.62
6.19
5.40
5.88
5.53
4.39
5.17
5.01
5.08
4.37
5.20
5.57
5.61
4.99
4.80
5.11
5.64
5.14
5.41
5.12
4.25
4.47
4.84
4.47
4.35
4.47
4.74
4.88
4.50
5.04
4.47
4.48
4.68
4.67
4.70
5.22
5.00
4.63
5.47
4.02
5.37
4.34
4.66
4.80
4.99
4.90
4.41
4.27
3.88
4.20
4.12
4.30
3.86
3.63
4.13
5.37
4.69
4.63
5.00
3.67
4.00
3.50
4.06
3.94
4.32
4.21
3.56
4.17
3.96
4.80
4.56
4.56
4.49
4.22
4.68
4.19
4.46
4.08
3.80
4.32
4.66
4.46
4.26
4.39
4.50
4.38
3.89
4.47
4.83
4.29
4.15
3.84
4.08
4.46
4.50
4.35
4.23
4.56
4.25
4.22
3.70
4.26
4.85
4.63
4.44
4.86
5.14
4.76
4.56
4.33
4.80
4.52
4.36
4.60
4.14
3.70
4.21
5.10
4.15
4.02
3.53
4.58
4.04
4.53
4.61
5.23
4.23
5.01
4.96
5.46
4.97
5.02
5.39
5.06
5.67
5.17
4.58
4.82
4.76
4.59
6.38
5.56
4.13
4.92
4.47
4.31
5.37
5.12
5.62
5.35
5.08
3.92
4.91
5.12
4.27
5.18
5.50
4.88
5.34
5.26
5.05
5.16
5.16
3.96
3.17
4.05
4.67
4.71
5.59
4.40
5.66
5.16
5.16
5.87
5.38
4.47
4.90
4.27
4.87
4.58
5.57
5.34
4.27
4.53
4.80
5.16
5.51
5.89
5.36
5.72
5.05
3.69
3.65
4.04
5.47
3.97
3.93
5.40
5.55
4.75
5.81
4.83
5.67
4.62
4.64
4.61
4.41
5.53
5.17
5.38
5.19
4.86
5.76
5.55
6.24
5.54
5.94
6.26
5.02
5.24
5.27
4.63
5.66
5.85
6.19
5.03
4.63
5.80
5.14
4.47
5.02
5.62
5.65
4.74
4.91
5.20
4.97
5.34
4.81
5.29
5.42
4.46
4.26
4.41
4.52
4.85
4.23
4.35
4.37
4.30
4.07
4.63
4.56
3.92
4.40
4.98
4.52
4.85
4.49
4.51
4.38
5.10
4.14
4.90
4.95
5.48
4.92
4.21
4.21
4.16
4.63
4.99
5.16
5.06
4.75
5.30
4.77
4.75
5.09
4.70
4.58
4.59
4.68
4.46
4.03
5.41
5.18
5.07
4.69
5.17
5.42
5.84
4.76
4.78
5.25
4.86
4.23
4.85
5.50
4.42
4.39
4.83
4.87
4.34
4.38
4.83
4.79
4.46
5.15
4.89
4.70
5.05
5.06
4.40
4.23
4.26
4.56
5.06
4.68
4.38
4.43
4.82
4.50
5.34
5.07
5.18
4.01
4.54
4.66
3.88
4.16
4.60
5.03
5.29
5.06
4.30
4.36
4.95
4.44
4.65
4.64
4.47
4.92
4.92
4.57
4.70
4.21
5.20
5.45
5.34
4.66
5.16
5.01
5.06
4.88
4.75
4.70
5.19
4.73
4.63
4.94
4.70
4.86
4.53
5.15
4.94
5.14
4.97
4.56
5.28
5.21
5.05
4.66
4.67
4.52
4.73
4.63
4.96
4.70
5.11
5.25
4.83
5.11
5.08
4.53
5.03
4.56
4.51
4.27
4.24
5.42
4.77
5.43
5.20
4.73
4.90
4.94
4.47
4.36
4.35
4.85
4.70
5.21
4.62
4.69
4.64
4.77
4.66
5.52
4.88
4.63
4.94
4.99
4.91
5.24
4.98
5.12
4.75
4.81
4.87
5.27
4.47
4.88
4.71
4.56
4.85
4.85
4.52
4.24
4.50
4.62
5.21
4.11
4.29
4.65
4.97
4.38
5.45
4.88
4.39
4.74
4.39
4.37
4.38
4.09
3.69
4.16
4.83
4.03
4.78
4.90
5.19
5.38
5.21
5.46
5.49
4.78
4.79
4.68
5.21
4.91
5.15
5.22
5.20
5.10
5.13
5.12
5.24
5.72
6.37
5.52
4.54
4.69
5.22
4.45
4.26
4.14
4.40
5.21
5.85
5.12
6.40
5.90
5.42
5.73
6.00
5.97
5.87
6.16
6.14
5.99
5.98
5.95
5.17
4.93
5.15
6.09
4.99
5.37
5.23
5.58
5.66
5.65
6.64
5.84
6.50
6.70
6.21
6.66
5.55
5.36
5.26
5.77
5.75
5.53
5.25
5.83
4.64
5.06
5.78
6.16
6.48
4.61
4.98
5.47
4.28
4.44
4.36
4.03
4.57
4.70
4.84
4.52
4.35
5.03
4.92
4.52
4.56
4.49
4.45
4.85
4.47
4.29
4.61
5.09
5.00
5.42
5.14
5.07
5.37
4.57
5.15
4.74
4.58
4.85
4.82
4.43
4.53
4.30
4.61
4.51
4.11
4.31
4.67
5.21
4.59
4.54
4.86
4.60
4.67
4.83
4.79
5.53
5.08
5.63
4.97
3.91
4.66
4.63
4.45
4.60
4.65
4.23
4.51
4.82
4.75
4.79
4.82
4.82
4.80
5.20
4.99
4.55
5.09
4.51
5.16
4.76
4.68
4.91
4.21
4.45
4.75
4.49
4.76
4.23
4.40
4.25
4.23
4.82
4.37
5.05
4.61
4.85
4.72
4.20
4.93
4.81
4.26
4.90
4.42
4.93
4.20
4.69
4.50
4.57
4.37
4.23
4.47
4.76
4.45
4.55
4.81
5.26
5.12
5.23
5.46
4.65
4.91
4.75
5.90
5.72
5.32
5.81
5.61
5.04
5.46
5.35
5.11
4.73
5.26
5.18
5.18
4.94
4.65
4.69
4.84
4.64
4.74
4.98
4.65
4.74
4.83
5.22
4.83
4.61
4.92
5.05
5.04
4.42
4.59
5.02
5.03
5.20
5.02
4.83
5.40
5.17
5.04
4.76
4.41
4.75
4.32
4.37
4.71
5.33
4.86
4.51
4.13
4.11
4.36
4.51
5.91
4.32
4.52
4.95
4.31
4.69
4.64
5.09
5.16
4.62
4.80
4.75
5.19
4.18
4.40
4.32
4.59
3.77
4.23
4.12
4.81
4.12
4.46
4.09
4.70
4.64
4.54
3.91
4.22
4.26
4.86
4.44
5.10
4.52
4.94
4.94
4.58
5.20
4.52
5.19
4.82
4.75
4.23
5.15
5.05
5.09
4.22
4.47
4.16
4.62
4.62
4.90
4.05
4.52
4.53
4.27
3.91
4.73
4.51
4.97
4.28
4.36
4.73
4.94
4.68
4.49
4.60
4.77
5.01
4.82
4.28
5.02
4.77
4.59
3.90
4.52
4.03
4.95
4.42
4.92
4.21
4.05
4.47
4.32
5.05
4.61
4.26
4.99
4.15
4.51
5.21
4.65
4.31
4.65
4.25
4.61
4.57
4.50
4.07
4.22
3.67
4.14
4.32
4.39
4.55
4.81
4.50
4.51
4.48
5.02
4.71
4.14
4.05
3.61
3.73
4.71
4.37
4.75
4.69
4.17
4.22
4.18
4.76
4.20
4.72
5.00
5.28
4.79
5.31
4.75
4.92
4.95
4.46
4.43
4.51
4.64
4.66
4.74
4.64
4.36
5.09
4.36
4.28
4.71
4.51
4.27
4.28
4.57
4.40
4.25
4.11
3.90
3.89
4.16
3.97
4.74
4.19
4.95
5.15
4.50
5.09
4.33
4.49
4.66
4.48
4.84
4.65
4.69
4.57
4.74
4.39
3.82
5.15
4.20
4.77
4.31
5.09
4.72
4.45
4.74
4.68
4.83
5.12
4.83
4.91
4.66
4.58
4.33
4.54
4.73
4.27
4.44
5.17
4.31
4.42
4.42
4.57
4.16
4.51
4.97
4.64
4.61
4.17
4.10
4.77
3.84
5.69
4.03
5.13
5.40
5.39
5.27
4.95
5.15
4.86
5.22
4.81
4.41
5.76
4.95
4.46
4.95
4.12
4.57
4.19
4.55
5.14
5.29
5.19
5.79
5.39
4.85
4.97
4.82
4.63
5.84
5.20
5.27
5.92
4.67
4.66
4.73
5.12
5.29
5.11
4.74
4.46
4.56
4.75
4.06
4.52
4.63
4.33
5.43
4.95
4.53
4.89
5.53
5.77
5.09
5.71
5.50
5.58
4.47
4.67
4.37
4.54
4.73
4.55
4.90
4.01
4.22
4.69
5.09
4.19
4.73
4.83
4.48
4.60
4.85
4.99
5.04
4.90
5.40
4.91
5.14
4.66
5.01
4.82
5.19
5.31
4.42
4.94
4.46
4.29
3.84
4.97
4.88
4.58
4.28
5.09
5.84
4.92
4.52
4.84
4.76
4.60
4.61
4.79
5.31
4.89
4.96
5.12
4.59
4.85
5.07
5.06
4.37
5.05
4.00
4.87
4.55
4.43
4.40
4.24
4.31
4.17
4.07
4.70
4.82
5.58
4.96
4.72
5.52
4.19
4.55
5.00
4.36
5.32
4.78
3.78
4.94
5.41
5.08
5.18
4.77
4.26
4.90
5.52
5.16
4.89
4.89
5.25
4.78
5.02
5.08
5.05
4.57
4.35
5.31
4.32
5.83
5.08
4.91
4.14
4.21
4.16
4.23
4.92
4.66
4.53
4.95
4.71
4.45
4.71
5.46
4.19
4.57
4.31
4.51
5.28
4.19
5.47
5.00
5.02
4.71
4.99
4.62
4.59
4.62
4.75
4.53
4.92
4.68
4.65
4.46
4.70
4.99
4.95
5.06
4.57
4.53
5.05
4.95
5.28
5.20
5.23
4.75
4.97
4.93
4.92
4.38
4.58
4.34
4.02
4.46
4.33
4.60
4.41
4.25
4.84
5.27
4.57
4.70
4.98
4.33
4.60
4.32
4.32
4.34
4.44
3.99
4.64
4.68
4.68
4.54
4.08
4.68
4.50
5.15
5.10
5.06
4.80
4.78
4.71
4.31
4.52
4.68
4.45
4.08
4.57
4.76
4.64
4.37
4.34
4.81
5.05
5.05
4.81
4.69
4.24
4.74
4.44
4.76
4.94
4.42
4.03
4.51
4.56
4.49
4.30
4.49
4.51
4.59
4.22
5.81
4.43
4.53
4.59
4.46
4.47
4.36
4.33
4.08
4.73
4.29
4.50
4.53
4.59
4.76
5.03
4.89
4.62
4.08
4.55
4.27
4.53
4.66
4.18
4.87
3.95
3.91
3.66
4.48
3.48
3.55
3.35
4.43
4.47
3.66
4.24
4.00
4.00
4.24
4.54
3.57
4.52
4.28
4.30
4.35
4.69
4.75
4.89
4.71
4.11
4.26
3.86
4.35
4.16
4.66
4.27
4.19
3.98
4.43
3.79
4.21
3.59
3.40
3.75
3.93
3.68
3.46
3.70
4.09
3.60
4.12
3.99
3.66
4.00
4.43
4.56
3.73
3.93
4.15
3.55
4.28
3.84
3.90
3.67
3.39
3.61
3.35
4.07
4.33
3.68
4.34
4.01
4.15
3.75
5.06
5.05
3.69
3.96
3.59
3.71
3.97
4.41
3.77
4.01
3.82
3.51
3.54
3.49
3.57
3.46
4.00
3.82
3.98
3.90
3.83
4.04
3.91
4.27
4.20
3.78
3.69
4.08
4.16
4.19
4.22
4.49
4.42
4.02
4.35
4.04
4.00
4.17
4.03
4.21
4.11
4.08
4.19
4.40
4.65
4.80
4.64
5.54
6.62
6.29
5.50
4.77
5.10
4.75
5.42
5.34
4.27
3.72
4.59
4.40
5.02
5.36
4.70
4.08
4.38
4.50
4.75
4.02
4.47
4.80
4.94
5.02
5.26
5.21
4.77
4.55
4.82
4.83
5.02
5.18
5.57
4.68
5.61
5.11
4.78
4.46
4.50
5.05
5.05
5.00
5.07
4.66
4.88
4.74
5.07
5.22
5.20
5.09
4.99
4.25
4.47
4.54
4.65
5.42
5.70
5.94
5.58
6.00
5.84
5.83
4.56
4.61
4.88
4.16
4.76
4.79
4.20
4.47
3.80
4.16
4.27
4.06
4.19
4.09
3.68
4.04
3.86
4.01
3.90
3.43
4.02
3.82
4.25
3.49
4.62
3.76
3.77
4.12
3.55
4.24
4.74
3.99
3.60
3.65
3.62
3.55
3.80
4.01
3.96
3.96
4.05
3.82
3.92
3.77
4.49
3.76
4.46
4.28
4.72
4.70
4.64
4.84
4.04
3.74
4.33
4.61
4.56
3.91
4.75
4.41
4.26
4.19
4.42
4.46
4.33
4.48
4.11
4.99
4.40
4.45
4.62
4.54
4.28
4.00
3.89
3.95
4.43
4.37
4.37
4.06
4.45
4.17
4.57
4.65
4.49
4.54
4.82
4.41
4.52
4.27
4.87
4.80
3.78
4.71
4.42
4.56
4.03
4.28
4.49
4.07
4.62
4.36
4.65
4.32
4.37
4.12
5.19
4.57
4.44
4.50
5.05
4.82
4.70
4.81
4.94
4.61
4.13
4.57
4.33
4.79
4.76
4.98
4.34
4.72
4.52
5.53
5.36
5.01
5.03
4.94
4.67
5.29
5.72
6.12
5.67
6.02
5.47
4.96
5.31
5.39
5.48
5.59
5.32
5.60
5.09
5.59
5.44
5.52
5.42
5.11
5.37
5.38
5.44
5.33
5.02
5.21
5.49
5.75
5.51
4.06
5.24
5.24
5.91
5.26
6.09
5.76
5.97
4.99
5.82
5.89
6.02
5.12
5.26
6.36
5.14
5.31
5.56
5.43
5.24
5.15
5.57
5.59
5.00
5.72
5.59
4.67
4.97
5.32
5.84
6.35
4.94
4.74
5.73
5.45
5.18
5.65
5.55
5.91
5.87
6.47
5.93
5.55
5.45
6.09
6.56
6.08
5.71
5.62
5.81
6.02
5.99
5.76
5.66
5.70
7.09
6.56
5.81
6.35
6.18
6.32
6.05
6.23
5.98
6.29
5.33
5.69
6.33
6.28
6.09
6.02
5.84
6.27
5.92
4.92
5.78
6.33
6.44
5.75
5.88
6.05
6.39
6.01
6.02
5.93
6.26
6.21
6.06
5.92
5.95
6.28
6.33
5.74
5.41
5.26
5.71
5.78
5.84
5.40
5.96
6.58
6.16
6.13
5.76
6.04
5.90
6.29
6.08
5.17
5.95
5.91
5.55
5.65
5.90
5.79
5.75
5.91
6.13
5.35
6.17
6.47
4.23
5.52
5.07
5.54
5.49
5.59
5.49
5.27
6.04
4.97
6.08
4.96
5.30
5.78
5.31
5.20
5.68
5.49
4.79
5.56
5.63
5.22
5.31
5.45
5.63
5.41
5.15
5.43
5.64
5.98
6.64
6.31
6.58
5.63
5.62
5.73
5.56
5.99
6.47
6.16
6.20
6.53
6.22
6.33
6.48
6.74
6.46
6.26
6.38
6.10
6.41
6.20
6.34
6.45
6.59
6.09
6.39
6.38
6.20
6.29
6.86
6.41
5.88
6.47
6.10
5.64
5.79
5.64
6.05
5.99
6.14
5.61
5.91
5.83
5.35
6.10
5.95
5.88
5.68
5.45
5.74
4.13
4.23
4.81
3.72
5.12
5.35
5.34
4.94
5.50
4.98
4.58
4.15
4.39
5.18
4.85
6.28
5.23
5.19
5.83
4.85
5.87
5.59
5.23
4.77
5.20
4.97
5.58
5.68
6.30
5.57
5.62
6.00
6.41
5.63
5.92
5.77
6.57
6.12
7.49
6.58
6.16
6.86
6.88
6.89
6.42
6.89
6.16
6.37
7.53
7.25
6.31
6.66
6.18
6.36
5.87
6.57
5.68
6.73
6.05
6.58
5.80
6.33
5.83
5.67
7.03
6.38
6.19
5.96
5.69
6.40
6.23
6.26
6.52
6.14
6.25
6.23
5.84
5.79
5.96
5.00
5.61
5.12
5.53
4.73
6.39
5.43
5.41
4.92
5.69
5.07
5.17
5.25
4.75
5.27
6.11
5.47
6.51
6.19
6.28
5.79
6.41
6.40
6.47
6.91
5.59
6.02
5.70
6.04
5.94
6.02
4.57
4.73
5.48
5.14
5.63
5.32
6.03
5.28
5.08
5.45
6.07
6.04
5.59
4.94
4.87
5.48
5.29
5.50
5.35
5.02
5.67
6.04
5.43
4.85
5.13
4.97
4.91
5.29
5.78
4.94
5.20
4.93
5.31
5.28
4.39
4.38
5.11
6.00
5.33
4.44
4.82
5.51
4.99
4.86
4.55
4.71
3.80
3.48
4.91
5.62
4.52
5.08
4.91
5.54
5.07
5.04
5.12
4.86
3.86
4.68
5.04
4.04
4.70
4.53
4.33
4.13
4.79
4.10
4.35
5.40
5.16
5.13
5.53
4.47
4.60
4.96
4.51
4.46
3.99
3.74
4.71
4.01
5.12
5.72
4.81
3.78
4.66
5.48
5.46
5.36
5.08
5.09
4.39
5.25
5.84
5.43
4.84
5.27
5.52
5.23
5.32
4.92
5.26
5.48
5.24
5.25
5.33
5.58
5.31
5.32
5.38
5.10
5.14
5.15
5.14
5.38
5.47
5.48
5.53
5.05
4.88
5.07
5.07
6.16
5.86
5.49
5.15
5.61
5.53
5.28
5.13
4.98
4.63
5.61
5.02
5.15
5.05
5.59
5.06
6.03
5.59
5.48
5.12
5.08
4.55
5.32
5.73
6.14
5.68
6.14
5.06
5.54
5.41
5.61
5.11
5.67
5.59
6.21
5.55
6.11
5.86
5.91
6.45
5.43
5.82
6.05
5.99
6.28
5.92
6.19
5.83
6.09
5.77
5.70
6.66
6.09
5.43
6.13
5.78
5.42
5.29
6.01
6.61
5.65
6.38
6.59
5.65
5.45
5.79
5.62
5.25
5.53
5.60
5.27
4.09
6.02
4.19
3.59
3.95
4.04
4.44
4.59
4.87
4.25
4.26
4.45
4.56
4.77
5.08
5.07
4.87
5.14
4.44
4.43
4.97
4.54
5.10
4.49
4.36
4.46
5.78
5.05
4.77
4.27
5.18
5.27
5.31
6.23
5.31
5.87
4.96
5.03
5.38
4.92
5.88
6.39
5.73
5.84
5.04
5.63
5.43
4.97
5.10
5.38
3.90
4.47
4.58
4.35
4.00
3.98
4.37
3.71
4.16
4.26
4.55
4.19
4.52
3.55
4.18
4.89
3.98
4.81
4.43
4.89
4.40
3.95
4.27
4.35
4.51
4.00
4.31
4.20
4.37
4.37
4.39
4.69
4.47
5.11
4.29
4.30
5.60
4.66
4.91
5.90
5.78
5.28
4.93
4.41
4.06
4.64
4.47
5.73
4.31
4.50
4.86
4.12
4.59
5.18
4.53
4.60
5.17
5.19
5.25
6.00
5.60
4.45
4.42
5.53
4.86
4.99
4.97
5.30
5.40
4.92
5.21
5.22
4.11
4.90
5.79
5.72
5.52
5.89
5.06
4.93
5.47
6.01
6.11
5.53
5.46
6.78
5.73
6.27
5.57
5.70
5.63
6.10
4.05
6.08
6.11
5.85
5.58
5.54
4.76
5.64
6.29
5.69
5.80
5.81
5.77
6.68
6.17
5.71
5.64
5.89
5.36
5.43
4.89
4.59
5.16
5.53
4.93
5.23
4.83
4.70
4.53
4.31
4.57
4.37
3.99
4.41
4.52
4.07
4.64
3.55
3.74
4.48
4.16
3.66
3.38
3.48
4.05
3.77
4.48
3.73
3.45
3.68
3.48
3.65
4.41
3.32
4.40
3.58
3.51
3.96
4.47
4.44
4.04
3.88
4.81
4.83
4.21
4.38
4.55
4.14
4.34
3.85
4.30
4.15
4.88
4.32
5.35
5.29
6.06
4.53
5.04
6.25
4.58
5.08
6.16
6.33
6.09
5.40
3.98
3.63
4.64
4.02
4.90
5.42
5.64
5.21
5.52
5.51
6.05
5.76
5.18
6.13
6.01
5.86
6.53
5.38
4.94
4.74
5.23
4.07
4.91
4.19
4.53
5.23
4.58
4.12
4.43
3.43
4.52
3.94
3.75
4.22
3.54
3.48
3.51
4.14
3.68
3.68
3.73
3.98
4.10
3.99
3.89
3.95
3.92
3.92
4.00
3.37
3.79
4.40
3.93
3.77
4.14
4.16
3.41
4.49
4.31
4.07
4.62
4.58
4.31
4.53
3.98
4.09
4.38
4.19
4.75
4.36
4.62
4.51
3.54
4.11
3.60
4.19
4.34
4.57
3.91
3.92
4.63
4.26
4.10
4.81
4.22
4.52
4.48
4.38
4.22
4.02
5.11
4.22
3.79
3.89
3.98
4.27
4.08
4.34
4.74
4.45
4.41
4.30
4.63
4.40
4.02
4.18
4.83
4.72
4.21
4.00
4.00
4.12
4.03
4.57
4.82
4.26
3.49
4.18
4.29
4.15
3.58
4.52
3.83
3.85
3.73
3.90
4.17
3.89
4.27
3.80
3.96
3.92
4.50
3.93
4.54
3.96
3.83
3.95
3.96
4.33
3.99
3.97
3.98
4.18
4.61
3.80
4.03
4.01
4.16
3.99
4.27
4.67
4.33
4.15
4.02
4.10
4.41
3.88
3.98
4.09
4.24
4.22
3.97
3.91
4.38
4.01
4.00
3.99
4.17
4.04
4.37
4.46
4.83
4.38
4.17
4.67
4.36
4.07
4.92
4.55
4.48
4.29
4.63
4.68
4.16
4.09
4.09
4.74
4.35
4.57
4.05
4.40
4.24
4.13
3.93
4.18
4.02
4.68
4.83
4.40
4.02
3.69
4.13
4.17
4.19
4.78
4.61
4.56
4.44
4.45
4.56
5.03
4.33
4.20
4.77
4.47
4.49
4.38
4.19
4.47
3.86
4.39
4.32
4.39
4.46
4.57
3.97
4.36
4.40
4.53
4.08
4.06
4.15
4.40
4.68
3.97
4.56
4.38
4.22
4.44
4.01
4.01
3.75
4.05
3.77
3.57
3.82
3.72
3.57
3.94
4.40
3.48
4.11
3.90
3.79
3.87
3.61
4.42
3.65
4.15
4.01
4.28
4.34
3.86
4.35
3.42
3.85
3.52
3.68
3.55
3.86
3.69
4.25
3.75
4.09
4.39
3.45
3.84
4.08
3.88
3.77
3.63
3.63
3.78
3.91
4.15
4.10
3.84
4.02
3.77
4.03
4.67
4.16
4.03
4.03
4.14
3.69
4.45
3.77
3.57
4.08
4.02
3.84
3.65
3.86
4.09
4.05
3.87
4.22
4.12
4.10
3.74
3.72
3.66
3.51
3.55
3.92
4.22
4.18
3.88
4.28
4.12
4.06
3.74
4.12
3.75
4.20
4.55
3.90
4.05
4.21
3.89
3.93
4.28
4.40
4.38
4.29
4.43
4.16
3.91
3.90
3.67
4.34
3.79
4.21
3.78
3.82
4.29
3.98
3.96
4.57
3.94
3.88
3.55
3.67
5.31
4.60
4.79
5.28
5.43
4.58
4.71
5.10
4.71
4.57
4.53
4.40
4.84
4.41
5.31
5.31
4.84
4.59
4.73
5.61
5.13
4.77
4.86
4.83
4.83
5.23
4.41
4.43
4.51
4.60
4.60
4.07
4.80
5.06
4.59
4.17
4.67
4.97
4.86
4.10
4.27
4.62
4.58
4.94
4.95
4.16
4.23
4.50
4.35
5.00
4.35
5.05
4.69
4.49
4.89
4.05
5.53
4.51
4.39
4.14
4.52
4.87
5.18
4.66
4.24
3.83
4.35
3.95
4.21
4.01
5.05
3.86
5.42
4.13
4.64
4.68
5.36
4.48
5.19
4.46
3.95
4.60
4.87
4.57
4.45
4.20
4.36
4.06
4.03
3.87
4.62
4.71
4.12
4.38
4.35
3.82
4.56
4.91
4.02
4.42
4.54
3.97
4.33
4.67
3.33
4.91
5.02
4.43
5.54
5.98
5.41
5.56
5.82
6.24
6.30
5.61
6.14
6.40
6.09
6.02
6.41
6.70
5.91
5.11
6.24
5.55
6.37
6.21
5.55
5.94
5.54
6.29
5.98
6.17
6.44
5.68
5.61
5.89
4.63
4.95
5.49
5.89
6.49
6.39
6.26
5.68
5.72
5.85
5.18
5.77
5.50
5.48
5.45
5.62
5.86
5.20
5.48
5.29
5.24
5.44
4.96
5.33
5.57
5.89
5.97
5.40
5.40
5.19
5.00
5.30
5.82
5.72
5.64
5.01
5.62
5.47
5.33
5.68
5.74
5.83
6.00
4.76
5.67
5.71
6.05
5.56
5.65
5.38
5.83
5.02
4.89
5.52
5.49
5.23
5.58
5.45
5.20
5.81
5.46
5.74
6.62
6.00
5.40
5.47
6.63
4.69
5.06
6.22
5.51
5.76
6.05
5.77
4.83
5.56
6.08
6.09
5.46
5.59
5.53
5.50
5.68
5.64
5.32
5.21
5.16
5.55
5.55
5.91
5.46
6.01
5.25
5.85
4.28
5.49
5.51
5.75
5.50
5.53
5.53
5.61
5.13
4.82
