2.41
1.94
1.77
1.80
1.76
1.92
2.07
2.03
1.87
2.09
1.78
1.74
1.73
1.81
1.96
1.88
1.91
2.08
2.16
1.88
1.64
2.21
2.23
2.32
2.28
2.42
2.73
2.40
2.31
2.46
2.12
2.44
2.28
2.27
2.18
2.05
2.01
2.27
2.09
2.21
2.21
1.94
2.25
1.79
2.08
1.77
2.24
2.11
2.07
2.13
2.02
1.64
2.00
1.79
2.03
2.14
1.67
2.07
2.05
2.14
2.07
2.09
2.57
2.16
1.91
2.30
2.16
2.25
2.38
2.45
2.23
2.36
2.14
2.65
2.45
2.19
2.26
2.24
2.61
2.31
2.64
2.65
2.33
2.23
2.81
2.49
2.38
2.50
2.74
2.65
2.35
2.52
2.78
2.48
1.95
2.51
2.32
2.34
2.20
2.67
2.60
2.38
2.14
2.02
1.84
2.35
1.85
1.84
1.69
2.16
1.91
2.02
1.48
1.87
1.74
2.26
1.73
1.69
2.14
2.18
2.21
2.17
2.00
2.39
2.15
1.54
1.73
2.12
2.15
2.21
2.02
1.96
2.02
1.91
1.92
2.27
2.03
2.12
1.88
1.98
1.95
2.01
1.96
2.03
1.91
1.95
1.83
2.05
2.06
1.90
1.87
1.91
2.20
2.37
2.37
2.51
2.68
2.50
2.44
2.49
2.59
2.61
2.35
2.57
2.56
2.25
2.47
2.60
2.36
2.50
2.08
2.25
2.19
2.45
2.37
2.18
2.76
2.84
2.66
2.59
2.96
2.43
2.64
2.35
2.52
2.63
2.81
2.64
2.60
2.36
2.60
2.81
2.08
2.04
2.55
2.05
2.21
2.17
2.26
1.98
2.66
1.79
2.00
2.04
2.21
1.84
2.14
2.65
2.58
2.56
2.36
2.54
2.63
2.06
1.94
2.10
2.16
1.79
1.98
2.31
2.10
1.91
2.11
2.26
1.47
1.87
1.26
2.10
1.90
2.11
2.22
2.18
2.18
2.21
2.20
2.20
2.03
2.33
2.38
2.17
1.64
2.09
1.74
1.62
1.65
1.44
1.33
1.65
1.45
1.51
1.31
1.11
1.55
2.50
2.08
1.46
1.71
2.06
1.53
1.61
1.93
1.80
1.86
2.15
1.92
2.24
2.01
2.36
2.40
2.22
2.09
2.37
2.28
1.97
1.80
2.26
2.29
2.11
2.23
1.95
2.01
2.09
2.52
1.75
2.14
1.92
1.89
1.49
1.87
2.38
2.08
2.10
1.90
1.88
1.82
1.94
2.17
2.21
2.23
2.01
1.95
1.74
1.60
1.18
1.73
1.69
1.98
1.85
2.13
1.86
1.91
1.66
1.85
1.49
1.77
1.92
2.27
2.24
2.24
2.11
1.73
1.75
1.74
1.99
1.72
1.73
1.90
1.79
1.96
1.91
1.88
1.94
1.67
2.35
2.25
2.20
2.02
2.28
2.20
2.30
2.15
1.98
2.39
2.27
2.39
2.67
2.39
2.38
2.18
2.32
2.62
2.56
2.06
2.23
1.75
2.10
2.33
2.05
2.42
2.15
2.14
2.02
1.91
2.23
2.24
2.12
2.34
2.09
2.38
2.47
2.22
2.23
2.26
1.82
2.10
1.70
1.96
1.91
2.02
1.69
1.68
1.83
1.94
1.91
1.81
1.79
1.61
1.93
1.99
1.88
1.89
1.82
1.91
1.70
1.52
1.83
1.94
2.16
2.08
2.02
1.51
1.92
1.78
1.79
1.92
1.72
1.84
2.04
1.67
1.26
1.18
1.72
1.68
1.81
1.79
2.20
1.92
1.90
1.67
1.64
1.91
1.66
1.68
1.71
1.80
1.98
1.82
1.75
1.78
1.79
1.78
1.90
2.00
1.83
1.77
1.69
1.83
1.74
2.01
2.44
1.89
2.02
2.11
1.78
1.74
1.81
2.18
2.00
1.68
1.99
1.80
1.83
1.63
1.80
1.95
1.92
2.05
1.59
2.13
1.89
1.76
1.68
2.01
1.79
1.92
1.98
2.13
2.00
2.33
2.09
1.77
2.26
2.19
1.92
1.85
1.81
1.85
1.66
1.90
2.08
2.11
1.79
2.15
2.26
1.95
1.93
2.36
2.52
1.78
2.16
1.83
2.31
2.24
1.84
2.25
2.04
1.97
2.04
2.35
1.68
1.69
1.66
1.68
1.46
1.89
2.01
1.86
1.70
1.93
1.76
1.71
1.75
2.07
1.76
1.75
1.89
1.68
1.73
1.92
1.89
1.68
1.66
1.77
1.79
1.76
1.85
1.74
2.01
1.75
1.84
1.89
1.64
1.82
1.68
1.66
1.68
1.74
1.93
1.79
1.86
1.81
1.84
1.71
1.76
1.88
1.81
1.91
1.73
1.82
1.80
1.88
1.82
1.68
2.04
1.79
1.97
1.87
2.02
1.74
1.44
1.81
2.14
1.71
1.78
2.06
1.61
1.80
1.86
2.21
2.09
1.95
1.71
2.11
2.13
1.92
1.95
2.13
1.92
1.77
2.13
2.26
2.22
2.01
2.16
1.43
2.09
1.88
2.21
2.12
1.31
1.94
2.17
2.14
2.02
2.40
2.25
1.85
1.79
1.63
1.59
1.82
1.94
1.67
1.77
1.88
1.93
2.03
2.05
1.89
1.56
2.19
1.89
1.68
2.04
1.99
1.91
2.23
1.95
2.57
2.19
2.08
2.04
2.16
1.92
1.79
2.13
2.05
2.29
2.46
2.61
2.21
2.34
2.57
2.38
2.40
2.41
2.49
1.79
2.08
2.35
2.03
1.91
1.59
1.85
2.05
2.08
2.38
1.90
2.10
2.10
1.92
1.97
2.18
2.30
2.01
2.13
1.78
2.00
1.79
1.85
2.11
2.20
1.56
1.86
1.74
1.81
1.94
1.45
1.80
1.34
1.66
1.63
1.70
1.67
1.56
1.89
1.98
1.50
1.78
1.77
1.56
2.03
1.81
1.66
2.23
1.70
2.26
1.61
1.67
1.73
1.56
1.86
1.77
1.65
1.77
1.56
2.20
2.10
2.42
2.07
2.09
2.32
2.20
1.78
2.12
2.02
2.35
3.05
2.26
2.22
1.99
2.11
1.90
2.00
1.86
1.80
1.52
1.91
1.95
1.82
2.19
1.64
1.67
1.62
1.67
1.85
1.95
2.13
2.00
1.94
1.83
2.19
2.19
2.24
1.96
1.97
1.95
1.64
2.28
2.65
2.11
2.24
1.96
1.57
2.01
1.93
1.92
2.12
2.06
2.00
1.58
1.98
1.74
1.89
2.23
1.87
2.05
1.94
1.79
1.81
1.73
1.94
2.20
2.10
2.29
1.75
1.84
2.30
2.20
2.58
2.05
2.48
3.06
2.26
2.09
1.77
2.06
2.47
2.37
2.42
2.17
2.05
2.14
1.99
2.48
2.34
2.18
2.03
2.02
2.24
2.72
2.87
2.35
2.78
1.97
2.42
2.11
1.87
2.02
2.24
2.07
2.20
2.11
2.50
2.91
3.10
2.64
3.21
3.00
2.64
3.13
2.68
2.88
3.05
2.85
2.37
2.77
2.59
2.71
3.35
2.86
2.87
2.25
2.79
2.52
3.07
2.48
2.23
2.66
2.35
2.38
2.12
2.13
2.12
1.99
2.31
2.04
2.30
2.43
2.07
2.68
2.37
2.27
2.29
2.26
2.28
2.19
2.27
2.95
2.57
2.35
2.49
1.68
2.18
2.29
2.24
2.06
2.27
2.05
2.20
1.74
2.28
2.46
2.14
1.99
2.31
2.06
2.23
2.24
2.15
2.35
2.10
1.56
1.81
1.64
1.75
1.69
1.91
1.70
1.61
1.90
1.89
1.67
1.43
1.70
1.65
1.67
1.75
2.02
1.48
1.63
1.67
1.55
1.57
1.54
1.73
1.61
1.67
1.87
1.79
1.01
1.68
1.93
1.73
1.56
1.61
1.62
1.68
1.27
1.28
1.19
0.97
1.15
1.33
1.40
1.56
1.41
1.31
1.52
1.49
1.37
1.17
1.72
1.46
1.67
1.34
1.78
1.63
1.51
1.38
1.52
1.06
1.48
1.47
1.15
1.54
1.13
1.25
1.26
1.28
1.49
1.24
1.66
1.26
1.25
1.27
1.00
0.99
1.13
1.55
1.04
1.38
1.58
1.63
1.52
1.76
1.74
1.04
1.56
1.11
1.47
1.38
1.20
1.71
1.15
1.55
1.34
1.68
1.36
1.41
1.71
1.11
1.57
1.58
1.68
1.67
1.74
1.47
1.51
1.76
1.34
1.40
2.06
1.90
2.38
2.19
1.83
2.07
1.69
1.25
1.69
1.65
1.73
1.45
1.34
1.21
1.20
1.39
1.80
1.53
1.81
1.50
1.78
1.61
1.52
1.70
1.91
1.71
1.79
1.54
1.87
1.85
1.93
1.73
2.20
1.36
1.62
1.94
1.93
2.03
1.92
2.00
2.24
2.22
2.16
1.71
1.87
1.97
2.05
1.38
2.25
2.43
2.50
2.28
1.79
2.25
1.37
2.16
1.89
2.02
2.30
2.25
1.50
1.47
2.11
2.11
2.17
2.13
3.10
2.38
2.65
2.05
2.74
3.04
2.53
2.33
1.05
1.28
1.28
1.53
1.13
1.24
1.24
1.25
1.78
2.22
1.71
1.86
1.70
1.86
1.33
1.84
1.76
1.65
1.14
1.58
1.37
1.53
1.55
1.84
1.67
1.14
1.09
1.20
1.43
1.27
1.34
2.01
1.04
1.72
1.63
1.49
0.66
1.54
1.47
1.53
1.55
0.85
2.26
1.71
2.04
2.20
1.82
2.24
1.95
2.07
1.86
1.55
1.67
1.47
1.29
1.52
1.54
1.50
1.80
1.85
1.91
2.03
1.60
1.92
1.47
1.57
1.53
2.02
1.89
1.74
0.83
1.37
1.56
1.68
1.76
1.83
1.60
1.64
1.62
1.67
1.77
1.68
1.76
1.76
1.76
1.77
1.71
1.97
1.95
1.94
1.65
1.65
1.60
1.53
1.73
1.45
1.51
1.75
1.75
1.70
1.82
1.79
1.57
1.84
1.66
1.94
1.52
1.72
1.46
1.64
1.60
1.62
1.49
1.71
1.57
1.50
1.86
2.03
1.75
1.63
1.87
1.76
1.77
1.76
1.81
1.54
1.24
1.58
1.75
1.55
1.44
2.09
1.63
1.58
1.63
1.83
1.85
1.57
1.52
1.61
2.00
1.89
1.92
2.20
1.91
1.72
1.48
1.59
1.08
1.40
1.48
1.35
2.02
1.31
1.92
2.06
2.51
2.15
2.11
1.88
2.05
1.99
1.89
2.11
1.97
1.93
2.06
1.27
1.76
1.76
1.53
1.57
1.49
1.89
1.66
2.61
1.88
1.98
2.01
2.25
1.83
1.82
2.18
1.64
1.36
1.37
1.55
1.46
2.09
1.70
1.52
1.52
1.72
1.48
1.82
1.11
1.02
1.39
1.47
1.55
1.71
1.60
1.52
1.64
1.93
1.54
1.35
1.29
1.38
1.26
1.25
1.67
1.59
1.63
1.77
1.15
1.55
1.41
1.54
1.50
1.12
1.23
1.50
1.21
1.50
1.38
1.36
1.49
1.72
1.25
1.47
1.43
1.39
1.47
1.23
1.53
1.53
1.41
1.75
1.41
1.39
1.40
1.46
1.45
1.40
1.41
1.37
1.18
1.33
1.27
1.22
1.41
1.48
1.50
1.30
1.62
1.21
1.46
1.81
1.16
1.26
1.61
1.58
1.40
1.58
1.47
1.77
1.40
1.40
1.66
1.72
1.42
1.26
1.40
1.57
1.15
1.02
1.08
0.88
0.93
1.02
0.90
0.91
0.89
0.74
0.77
0.71
1.19
1.56
1.73
1.45
1.35
1.47
1.61
1.26
0.98
1.16
1.54
1.00
1.21
1.26
1.47
1.39
1.14
0.66
1.52
0.74
1.07
1.12
1.38
1.26
1.40
1.24
0.95
1.38
1.27
1.70
0.96
0.90
1.24
1.28
1.34
1.18
1.05
1.51
1.32
1.12
1.12
1.08
1.27
1.39
1.58
0.83
0.80
1.27
1.01
1.01
1.23
1.17
1.06
1.55
1.44
1.53
1.34
1.37
1.26
1.26
1.46
1.45
1.68
1.20
1.78
1.50
1.40
1.48
1.41
1.72
1.40
1.79
1.50
1.67
1.34
1.16
1.28
0.85
0.70
1.10
0.99
1.25
1.36
1.27
1.40
0.88
0.92
0.94
0.93
1.29
0.98
0.96
1.37
0.94
0.99
1.28
0.96
1.02
1.47
1.34
0.87
0.92
1.23
0.94
0.94
0.93
1.00
1.46
1.53
1.34
1.21
1.40
1.28
1.01
1.34
1.01
1.31
1.32
1.78
1.39
1.85
1.10
0.92
0.96
1.22
1.09
1.40
1.66
1.34
1.20
1.35
1.13
1.16
0.96
0.91
0.90
0.57
0.66
0.80
0.82
0.89
0.98
1.42
1.00
0.98
1.13
0.97
0.96
1.13
1.27
1.10
1.13
1.12
1.02
1.34
1.19
1.38
1.42
1.48
1.49
1.51
1.90
1.33
1.40
1.30
1.22
1.00
1.19
0.94
1.58
1.20
1.46
1.25
1.70
1.26
1.05
1.01
1.23
0.64
1.14
0.91
1.04
1.14
0.97
1.12
0.80
0.71
0.84
1.15
1.40
1.44
1.58
1.04
1.15
1.03
1.75
1.82
1.74
1.66
1.51
1.74
0.81
1.71
1.69
1.54
1.40
1.68
1.64
1.42
1.68
1.70
1.00
1.53
1.12
0.87
1.33
1.19
1.07
1.72
1.74
1.46
1.58
1.50
0.94
0.97
1.73
1.42
1.16
1.03
1.01
0.71
1.07
1.44
1.03
1.37
1.27
1.41
1.43
1.22
1.46
1.30
1.52
1.61
1.62
1.88
1.46
0.90
2.32
2.27
2.03
2.27
3.08
2.34
2.17
2.20
2.34
1.86
1.55
1.51
1.28
1.33
0.98
1.25
1.26
0.98
1.05
1.19
1.20
1.40
1.42
0.92
1.36
0.92
1.40
1.09
1.10
1.27
1.14
1.12
1.30
1.08
1.19
1.42
1.11
1.32
1.21
1.24
1.43
0.83
1.18
1.46
1.01
1.36
1.71
0.84
1.06
1.54
1.54
1.72
1.16
1.10
1.09
1.15
1.05
1.08
0.93
0.97
0.99
0.91
1.24
1.82
0.97
0.85
0.97
1.46
1.42
1.27
1.38
1.16
1.28
0.94
1.47
1.44
1.34
1.89
2.02
1.54
1.14
1.60
1.24
1.56
1.17
1.38
1.43
0.79
0.92
0.75
0.91
1.01
0.93
1.01
0.91
1.08
0.99
0.93
1.12
1.01
0.99
1.08
1.04
1.02
1.08
1.05
1.12
1.08
0.95
0.86
0.75
0.72
0.86
0.95
0.71
0.69
0.97
0.78
1.05
0.93
1.11
0.68
1.29
1.00
1.20
0.90
0.98
0.99
0.93
1.63
1.22
0.99
1.24
1.48
1.45
1.25
1.02
1.15
1.14
0.99
0.88
0.78
1.03
1.27
0.82
1.36
0.64
0.60
1.14
0.79
0.69
0.73
1.09
1.00
0.84
1.05
0.77
1.03
0.73
1.01
0.80
0.81
0.93
0.78
0.77
1.07
1.04
0.95
0.96
0.98
0.96
0.95
0.90
0.91
0.87
1.21
1.30
0.89
1.12
1.21
0.99
0.79
0.78
1.00
0.66
0.86
1.08
1.06
1.54
1.26
1.44
1.16
1.32
1.07
1.52
1.76
1.89
1.84
1.40
1.13
0.99
1.08
1.40
1.07
1.47
1.33
1.73
2.10
1.72
1.89
2.32
2.56
2.54
1.98
2.42
1.80
1.13
1.95
2.13
2.50
2.22
1.72
0.78
1.15
1.32
1.53
1.12
0.89
1.10
1.17
1.20
1.09
1.50
1.48
1.93
1.56
1.78
1.25
1.35
1.35
1.24
1.10
1.42
1.44
1.26
1.30
2.01
1.64
1.44
1.27
1.39
1.46
1.57
1.05
1.44
1.23
1.19
0.92
1.36
1.15
1.13
1.06
1.17
1.13
1.56
1.07
1.15
1.39
0.90
1.09
1.11
0.95
1.77
0.99
1.07
1.10
1.16
1.21
0.96
1.13
1.22
0.99
0.82
1.00
0.94
1.00
1.16
1.15
1.13
1.26
1.19
1.16
0.92
0.83
1.00
1.12
1.21
1.09
1.29
1.00
1.05
0.91
0.94
1.48
2.04
1.23
1.16
1.25
1.16
1.18
1.04
1.31
1.16
1.10
1.19
1.33
1.59
1.04
1.13
1.22
0.89
1.24
0.99
1.10
1.10
1.19
1.10
1.09
0.97
1.24
1.26
1.53
1.23
1.06
1.05
1.20
1.06
1.06
1.06
1.01
0.89
1.27
1.29
1.19
1.04
1.04
1.17
1.15
1.02
0.82
1.09
1.13
1.31
0.84
0.82
0.94
0.90
0.78
0.93
0.88
0.88
0.92
0.90
0.86
0.85
0.86
0.94
1.08
1.08
0.97
1.16
1.16
1.17
0.82
0.99
1.29
0.86
0.92
0.96
1.02
0.74
0.99
0.74
0.99
0.66
0.85
0.87
0.96
0.90
0.79
0.91
0.95
0.81
0.91
1.06
0.74
0.94
1.00
0.92
1.00
1.03
1.01
0.93
0.97
0.85
1.01
0.86
0.95
0.94
0.85
0.86
0.97
1.04
0.94
1.38
1.26
0.84
1.03
1.06
1.16
0.99
0.78
0.73
0.90
0.84
0.89
0.84
0.78
1.01
0.95
0.85
0.90
0.95
0.76
0.77
0.85
1.06
0.63
0.90
0.95
0.93
0.79
0.77
0.83
0.76
0.95
0.88
0.79
0.82
0.88
0.85
0.81
0.89
0.80
0.96
0.89
0.83
0.86
0.90
0.90
0.89
0.85
0.88
0.90
0.77
0.87
0.89
0.86
0.84
0.84
0.85
0.85
0.79
0.88
0.80
0.83
0.92
0.83
0.78
0.79
0.89
0.91
0.80
0.83
0.87
0.90
0.85
0.81
0.95
0.80
0.85
0.87
0.99
0.88
0.84
0.93
0.92
0.91
0.80
0.78
0.83
0.91
0.83
0.74
0.91
0.83
0.88
0.77
0.78
0.89
0.85
0.87
0.82
0.84
0.90
0.81
0.75
0.66
0.56
0.67
0.66
0.66
0.88
0.85
0.91
0.95
1.27
1.31
0.63
0.77
0.79
1.01
1.11
0.79
0.63
0.80
0.70
0.70
0.64
0.93
0.84
0.92
0.67
0.67
0.99
0.96
0.82
0.96
0.97
0.81
0.57
0.73
0.88
0.84
0.96
0.82
0.97
0.90
0.89
0.91
1.03
0.90
0.76
0.70
0.88
0.66
0.91
0.90
0.85
0.90
0.94
0.79
0.96
1.03
0.77
0.83
1.08
0.77
0.83
0.96
0.67
0.78
0.81
0.86
0.67
0.74
0.92
0.88
0.85
0.75
0.84
0.85
0.62
0.87
0.84
0.81
0.77
0.75
0.88
0.71
0.92
0.70
0.74
0.72
0.99
0.99
0.71
1.02
0.91
0.71
1.15
1.32
1.34
1.36
1.26
1.16
1.11
1.15
1.30
1.14
1.17
0.99
1.26
0.84
0.79
1.06
0.99
0.91
0.99
0.69
0.79
1.05
0.92
0.87
0.86
0.86
0.86
0.84
0.65
0.80
0.69
0.81
0.71
0.79
0.71
0.68
0.82
0.73
0.74
0.89
0.96
0.95
1.04
0.96
0.87
0.90
0.93
0.99
1.06
0.71
0.86
0.92
0.90
1.16
0.93
0.89
0.89
1.00
1.11
0.78
0.95
0.75
0.70
0.78
1.07
0.95
0.76
1.06
0.78
0.82
0.91
0.71
0.72
0.82
0.83
0.68
0.73
0.64
0.68
0.71
0.87
0.94
0.97
0.84
1.04
0.65
1.02
0.76
1.09
0.67
0.74
0.88
0.67
1.23
1.06
1.30
0.93
0.90
0.90
0.93
0.76
0.75
0.78
1.11
0.98
1.09
0.89
1.18
1.16
1.02
1.29
1.40
0.75
1.00
0.80
0.77
1.04
0.95
0.65
0.79
0.88
0.76
0.81
0.72
0.89
0.59
0.65
0.88
0.86
0.79
0.67
0.80
0.86
0.92
0.96
0.73
0.66
0.77
0.73
0.70
0.86
0.58
0.70
0.90
0.83
0.92
0.69
0.88
0.71
0.73
0.66
0.66
0.65
0.71
0.68
0.70
0.64
0.67
0.69
0.63
0.64
0.62
0.60
0.64
0.68
0.69
0.70
0.77
0.78
0.61
0.73
0.69
0.66
0.74
0.69
0.78
0.72
0.69
0.78
0.73
0.74
0.70
0.71
0.72
0.71
0.65
0.60
0.72
0.66
0.74
0.74
0.83
0.70
0.76
0.70
0.80
0.63
0.69
0.66
0.76
0.69
0.67
0.74
0.68
0.69
0.70
0.64
0.78
0.82
0.69
0.66
0.76
0.66
0.71
0.66
0.70
0.74
0.68
0.64
0.70
0.65
0.77
0.70
0.70
0.78
0.72
0.67
0.70
0.68
0.66
0.59
0.62
0.73
0.69
0.68
0.70
1.17
0.75
0.73
0.68
0.71
0.86
0.92
0.88
0.70
0.69
0.70
0.69
0.94
1.13
1.05
1.12
1.31
1.17
0.65
0.67
0.69
0.66
0.62
0.70
0.79
0.71
0.71
0.69
0.69
0.69
0.73
0.68
0.94
0.89
0.93
1.07
1.09
0.80
1.09
0.81
0.94
1.24
1.37
0.98
1.03
1.08
1.25
1.16
1.17
1.36
1.22
1.15
1.30
1.21
1.33
1.30
1.28
1.20
1.06
0.96
1.28
1.22
0.93
1.18
0.86
1.02
0.76
0.96
0.79
1.00
0.91
1.06
1.02
1.08
0.97
0.86
1.02
0.89
0.99
0.75
0.83
0.84
1.01
0.92
1.10
0.81
1.02
1.13
0.85
1.12
0.89
1.05
0.91
0.85
1.15
0.96
1.00
0.96
0.99
0.95
0.97
0.78
0.67
0.70
0.90
0.87
1.15
1.48
1.00
0.99
0.99
1.28
1.14
1.07
0.83
0.80
1.19
1.05
1.06
1.13
0.89
1.00
0.90
0.93
0.86
0.95
1.14
0.80
1.08
0.83
0.84
0.89
1.03
1.41
1.09
0.92
0.79
1.06
0.87
1.01
0.97
0.95
0.94
0.91
0.91
1.31
1.06
1.03
1.29
1.14
1.12
1.16
1.11
0.91
1.66
1.12
1.70
1.29
1.03
1.24
1.48
1.17
1.61
1.16
1.10
0.82
1.11
0.66
0.68
0.73
0.80
0.70
0.85
0.72
0.73
1.08
0.83
0.72
1.20
0.63
0.67
0.70
1.18
1.04
0.91
0.64
0.87
0.70
0.87
0.84
0.98
0.72
0.60
1.02
1.01
0.61
0.88
1.12
1.13
0.75
0.75
0.74
0.72
0.81
0.66
0.69
0.81
1.10
0.90
0.94
0.63
0.94
0.96
0.78
0.78
1.21
0.61
0.77
0.69
0.74
0.89
0.90
0.60
0.92
0.74
0.90
0.66
0.74
0.91
0.85
0.87
0.87
1.04
1.12
0.86
0.83
0.81
1.20
1.08
0.82
0.82
0.61
0.62
1.07
0.84
0.79
0.91
0.68
0.71
0.80
0.95
0.87
0.83
0.69
0.69
1.14
0.77
0.78
0.67
0.82
0.91
0.92
0.65
1.10
0.66
0.87
0.78
0.91
0.73
0.76
0.96
0.65
0.85
0.79
0.68
0.86
1.05
0.79
1.37
0.75
1.10
1.26
1.48
1.63
1.40
1.56
1.60
1.44
1.56
1.48
1.54
1.50
1.30
0.72
0.83
0.95
0.63
0.74
0.68
0.68
0.65
0.72
0.77
0.79
0.70
0.83
0.75
0.68
0.92
0.95
0.95
0.96
1.14
1.06
0.95
0.89
1.26
0.83
0.98
1.00
0.98
1.17
1.02
1.12
0.96
1.05
1.09
0.93
0.99
1.04
1.14
0.97
0.90
1.03
1.11
0.97
1.05
0.92
1.01
0.97
0.98
0.91
1.04
1.06
0.94
0.84
1.00
0.97
0.83
1.01
1.11
0.94
1.03
1.01
0.99
0.93
1.00
0.94
0.95
0.82
0.91
1.06
0.88
0.93
0.99
1.10
0.96
1.00
1.02
0.94
0.96
0.97
0.98
1.01
1.07
1.12
0.83
1.02
0.97
0.97
1.19
1.01
1.10
1.04
0.95
1.04
1.10
0.77
1.07
0.90
0.93
1.02
1.10
1.05
0.98
1.01
0.85
0.97
0.92
1.01
1.08
1.02
1.09
1.11
1.01
1.06
0.92
1.03
1.04
1.21
0.94
0.93
1.06
1.08
0.95
0.99
0.97
0.98
0.72
0.84
0.83
0.67
0.99
1.05
1.08
1.07
1.06
1.03
1.02
1.03
1.01
0.92
0.94
1.07
1.08
0.91
0.99
1.04
0.99
1.12
0.97
0.99
0.97
1.02
0.94
1.20
0.72
0.98
0.80
0.73
0.93
0.83
0.80
0.80
1.07
0.93
0.88
1.11
0.94
1.32
0.90
0.75
0.67
0.77
0.66
0.61
0.76
1.02
0.65
0.78
0.64
0.85
0.60
0.64
0.47
0.99
0.54
1.00
0.88
1.28
1.09
0.81
1.05
0.81
0.72
1.29
0.90
0.89
0.60
1.11
0.61
1.84
1.45
0.87
1.05
0.90
1.13
1.04
0.96
0.85
0.78
1.00
0.94
0.77
1.43
1.21
1.19
0.98
1.23
1.30
1.26
1.31
1.08
0.67
1.05
0.95
1.01
0.97
1.19
0.97
1.02
0.82
0.80
0.66
0.74
0.72
0.76
0.90
0.82
0.82
0.94
0.99
0.92
0.76
0.89
0.98
0.92
0.73
0.84
0.91
0.86
0.85
0.82
0.81
0.92
0.89
0.83
0.70
0.60
0.63
0.68
0.78
0.71
0.76
0.78
0.74
0.83
0.66
0.93
0.67
0.84
0.77
0.61
0.62
0.65
0.72
0.64
0.66
0.68
0.82
0.84
0.92
0.82
0.84
0.77
0.71
0.64
0.64
0.66
0.60
1.08
0.77
0.90
0.98
1.06
1.00
0.91
0.91
0.85
0.89
0.92
1.12
0.99
1.01
0.79
0.95
1.00
0.90
0.96
0.89
0.94
1.05
1.01
0.74
1.03
0.99
0.95
0.97
1.07
0.91
0.83
1.01
0.94
1.02
1.08
1.01
1.09
0.87
0.70
0.98
0.99
0.70
0.91
1.27
0.95
1.06
0.91
0.99
0.99
0.98
0.94
0.90
0.95
0.99
1.14
0.82
0.64
0.61
0.71
0.85
0.70
0.94
0.80
0.84
0.93
0.82
0.63
0.56
1.20
0.79
0.78
0.64
0.79
0.64
0.85
0.88
0.61
0.59
0.97
0.96
0.84
0.72
0.98
0.96
0.95
0.90
0.82
0.91
0.77
0.91
0.83
1.01
1.30
1.05
0.91
1.15
0.90
0.85
0.85
1.04
0.99
0.92
0.83
0.78
0.95
0.85
1.06
0.88
0.83
0.88
0.99
0.96
0.81
0.94
0.91
0.91
0.99
1.05
0.96
1.08
0.84
0.93
0.82
0.81
0.87
0.99
0.82
0.98
1.02
1.03
1.17
0.81
0.64
1.08
0.93
0.94
0.85
0.76
0.81
0.65
0.81
0.99
0.85
0.92
0.80
1.02
1.07
0.96
0.94
0.94
1.00
0.95
0.93
0.86
0.93
0.97
0.83
0.93
0.83
0.95
0.74
0.73
0.68
0.80
0.67
0.99
0.69
0.71
1.01
0.92
0.78
0.69
0.74
0.77
0.75
0.77
0.89
0.81
0.78
0.89
0.73
0.84
0.82
0.75
0.79
0.62
0.66
0.62
0.82
0.82
0.79
0.92
0.83
0.69
0.71
0.92
0.88
0.85
0.59
0.94
0.94
1.02
0.79
0.75
0.75
0.77
0.88
0.93
0.92
1.05
1.01
0.78
0.80
0.88
0.73
0.86
0.77
0.67
0.81
1.03
1.02
0.90
0.93
1.02
0.87
0.81
1.15
0.95
0.98
0.83
1.04
0.89
0.93
0.94
1.00
1.03
0.81
0.88
1.13
1.04
1.06
0.84
0.85
1.03
0.89
1.00
0.86
1.03
0.99
0.88
0.92
0.79
1.09
0.81
0.94
0.87
0.79
0.81
0.73
0.75
0.72
0.75
0.81
0.78
0.82
1.04
0.99
0.61
0.79
0.94
0.81
0.78
0.83
0.70
0.65
0.78
0.68
0.87
1.01
0.73
0.69
0.75
0.86
1.13
0.79
0.62
0.94
1.06
0.63
0.72
0.73
0.70
0.72
0.73
0.74
0.95
0.73
0.96
0.86
0.86
0.73
0.70
0.70
0.63
0.91
0.67
1.10
0.59
0.75
0.84
0.83
0.75
0.95
0.94
0.79
1.02
0.78
0.81
0.65
0.69
1.03
0.72
0.80
0.96
0.95
0.85
0.72
0.64
0.57
0.75
0.88
0.72
0.57
0.90
0.72
0.71
0.58
0.78
0.71
0.79
0.67
0.69
0.67
0.72
0.59
0.85
0.73
0.67
0.72
0.82
0.69
0.66
0.64
0.90
0.92
0.88
0.64
0.69
0.62
1.13
0.82
0.78
0.87
0.84
0.83
0.79
0.68
0.94
0.68
0.83
0.96
0.79
0.78
0.87
0.96
0.86
0.88
0.83
0.81
0.99
0.82
0.87
0.73
0.78
0.68
0.70
0.70
0.70
0.68
0.85
0.72
0.69
0.81
0.93
0.71
0.83
0.71
1.00
0.74
0.78
0.67
0.69
0.79
0.62
0.75
0.77
0.72
0.66
0.78
0.88
0.96
0.68
0.72
0.65
0.69
0.63
0.60
0.65
0.69
0.62
0.63
0.59
0.60
0.58
0.82
0.66
0.73
0.60
0.85
0.74
0.81
0.95
0.84
0.62
0.60
0.65
1.04
1.30
1.22
1.21
1.16
1.15
1.10
0.87
1.02
0.95
0.95
0.85
0.80
1.04
0.90
1.05
0.98
0.94
0.90
0.78
0.74
0.70
0.85
0.93
0.84
0.69
0.66
0.69
0.69
0.96
0.91
1.17
0.89
0.64
0.60
0.93
0.88
0.69
0.74
0.93
1.03
1.16
1.12
1.28
1.24
1.08
0.87
1.07
1.05
0.77
1.39
1.27
1.29
0.91
1.41
1.38
1.20
1.27
1.20
1.17
1.29
1.05
1.04
1.18
1.39
1.22
1.24
0.88
1.14
1.01
1.28
1.34
0.95
1.24
1.09
1.16
1.58
1.50
1.45
1.13
1.87
2.07
1.37
1.76
1.49
1.23
1.55
1.83
1.67
1.78
1.64
1.19
1.31
1.63
1.30
1.30
1.67
1.30
1.35
1.54
1.79
1.54
1.80
1.68
1.63
1.18
1.18
1.28
1.39
1.18
1.40
1.16
1.61
0.99
1.07
1.12
1.21
1.28
1.10
1.05
1.27
1.33
1.58
1.38
1.37
1.52
1.59
1.45
1.38
1.46
1.46
1.47
0.80
0.96
1.24
0.98
1.08
1.19
0.96
0.82
0.71
0.85
1.10
1.15
1.05
1.18
1.08
0.87
0.97
0.99
1.38
0.92
1.48
1.38
1.34
1.48
1.38
1.47
1.48
1.35
0.89
1.06
1.25
1.32
0.93
1.45
1.29
1.10
1.09
0.71
1.02
0.75
0.88
0.96
1.06
0.91
1.00
0.64
1.06
0.88
1.22
0.86
0.91
0.80
1.11
0.62
0.76
0.82
0.77
0.82
0.67
0.65
0.80
0.83
0.69
0.63
0.72
0.64
0.62
0.80
0.73
0.72
0.63
0.83
0.65
0.65
0.83
0.89
1.02
0.73
0.71
0.61
0.68
0.76
0.63
0.84
0.64
0.67
0.93
0.61
0.76
0.67
0.84
0.74
0.67
0.81
0.90
0.71
0.79
0.95
0.78
0.68
0.62
0.69
0.62
0.72
0.67
0.74
0.70
0.66
0.82
0.67
0.68
0.70
0.76
0.78
0.96
0.71
1.07
0.91
0.93
1.08
1.01
0.60
0.86
0.68
0.83
0.73
0.76
0.77
0.66
0.75
0.78
0.59
0.70
0.66
0.76
0.90
0.67
0.92
0.89
1.02
1.07
0.75
0.96
0.95
0.83
0.67
0.75
0.69
0.79
0.66
0.73
0.71
0.62
0.57
0.74
0.87
0.67
1.06
0.95
0.69
0.77
0.65
0.79
0.77
0.98
0.59
0.63
0.67
0.68
0.69
0.75
0.74
0.66
0.88
1.01
1.14
0.92
1.15
1.22
1.26
1.20
1.09
0.94
1.27
1.26
1.11
1.25
1.09
0.91
0.65
0.73
0.80
1.12
0.91
1.23
1.12
1.24
1.17
1.12
1.28
1.00
1.09
1.25
1.04
1.13
1.10
1.11
0.71
0.70
0.65
0.67
0.74
0.87
0.71
0.57
0.72
0.70
0.66
0.81
0.71
0.66
0.76
0.81
0.75
0.70
0.82
0.73
0.68
0.76
0.60
0.62
0.78
0.73
0.92
0.76
0.62
0.72
0.79
0.63
0.57
0.84
0.90
0.85
0.81
0.90
0.84
0.85
0.88
0.74
0.76
0.94
0.83
0.66
0.67
0.71
0.99
0.72
0.81
0.78
0.72
1.27
0.98
0.82
1.00
1.24
0.91
0.80
0.67
0.59
0.63
0.72
0.77
0.70
0.85
0.68
0.65
0.74
0.83
0.67
0.72
0.64
0.95
0.59
0.81
0.99
1.10
0.90
0.94
1.08
0.92
0.92
1.13
0.82
0.74
0.55
0.61
0.83
0.89
0.86
1.12
0.79
0.83
0.92
1.09
0.73
0.73
0.63
0.80
0.64
0.69
0.68
0.78
0.76
0.73
0.74
0.69
0.71
0.96
0.68
0.59
0.66
0.75
0.80
0.72
0.69
0.65
0.70
0.83
0.67
0.61
0.66
0.67
0.77
0.66
0.79
0.75
0.87
0.81
0.62
0.61
0.85
0.85
0.94
0.72
0.76
0.73
0.76
0.78
0.60
0.65
0.62
0.66
0.68
1.14
0.87
0.74
0.82
0.86
0.69
0.71
0.66
0.73
0.58
0.57
0.74
0.66
0.74
0.71
0.63
0.70
0.77
0.76
0.64
0.65
0.61
0.71
0.65
0.80
0.67
0.76
0.73
0.80
0.75
0.75
0.66
0.81
0.68
0.73
0.80
0.68
0.66
0.69
0.72
0.58
0.75
0.73
0.87
1.00
0.64
0.76
0.76
0.88
0.67
0.99
0.98
0.90
1.02
1.37
0.89
0.67
0.75
0.71
0.82
0.88
1.19
1.26
1.11
1.14
0.91
1.37
1.32
0.94
1.09
1.44
1.16
1.07
0.97
0.81
0.79
0.91
0.90
0.72
0.80
0.85
0.75
0.76
0.91
0.70
0.87
0.71
0.80
0.69
0.77
0.86
0.71
0.60
0.73
0.59
0.78
0.86
0.55
0.77
0.87
0.65
0.73
0.79
0.66
0.71
0.75
0.72
0.59
0.53
0.78
0.61
0.73
0.70
0.75
0.75
0.88
1.01
0.68
0.91
0.76
0.66
0.68
0.74
0.68
1.04
0.78
1.08
0.84
1.06
1.13
0.85
0.80
0.64
1.10
1.03
0.86
0.92
1.09
0.52
0.79
0.90
0.81
0.74
1.07
1.02
0.87
1.00
0.95
0.81
1.02
0.96
0.81
0.83
0.84
0.98
0.67
0.77
0.80
0.73
0.80
0.75
0.63
0.81
1.15
1.40
1.19
1.01
1.06
1.16
2.02
1.77
1.60
1.38
1.58
1.60
1.33
1.15
1.31
1.15
1.19
1.02
1.46
1.01
0.94
0.89
0.87
1.02
0.90
1.20
0.97
0.78
1.42
0.83
1.41
0.97
1.04
0.69
0.79
0.62
0.65
0.64
0.72
0.62
0.91
0.64
0.56
0.75
0.63
0.59
0.58
0.95
0.88
0.93
0.72
0.61
0.98
0.95
0.78
0.78
0.95
0.98
0.79
0.68
0.87
0.96
0.90
0.90
0.93
0.67
0.80
0.74
0.80
0.77
0.55
0.67
0.82
0.77
0.90
0.89
0.85
0.67
0.64
0.69
0.71
0.96
0.81
0.82
0.78
0.69
0.72
0.63
0.65
0.57
0.60
0.89
1.04
0.69
0.74
0.69
0.66
1.13
0.79
0.76
0.66
0.78
0.73
0.68
0.69
0.68
0.59
0.56
0.77
0.90
0.93
0.70
0.71
0.65
0.69
0.70
0.57
0.75
0.66
0.77
0.79
0.72
0.83
0.79
0.78
1.05
0.83
0.96
0.87
0.92
0.92
1.07
0.92
0.84
0.98
0.96
0.86
0.96
0.86
1.15
0.91
0.93
0.92
0.83
0.53
0.56
0.69
0.64
0.96
0.90
0.72
0.70
0.89
0.99
0.78
0.67
0.68
0.75
0.63
0.64
0.77
0.73
0.88
0.81
0.64
0.79
0.67
0.54
0.56
0.77
0.56
0.80
0.76
0.84
0.75
0.72
0.66
0.76
0.68
0.57
0.59
0.64
0.68
0.68
0.81
0.81
0.77
0.72
0.71
0.82
0.58
0.72
0.70
0.73
0.74
0.63
0.70
1.10
0.97
0.77
0.74
0.62
0.64
0.85
0.74
0.74
0.89
0.78
0.64
0.62
0.75
0.75
0.82
0.93
0.79
0.60
0.66
0.79
0.76
0.73
0.63
0.81
0.72
0.91
0.75
0.89
0.85
0.78
0.82
0.78
0.69
0.70
0.71
0.73
0.72
0.69
0.70
0.76
0.81
0.62
0.66
0.77
0.84
0.57
0.69
0.52
0.77
0.67
0.72
0.76
0.66
0.63
0.63
0.66
0.80
0.70
0.69
0.67
0.65
0.64
0.70
0.67
0.78
0.82
0.69
0.72
0.60
0.78
0.69
0.65
0.62
0.59
0.51
0.71
0.70
0.67
0.62
0.73
0.71
0.70
0.66
0.72
0.79
0.58
0.72
0.83
0.67
0.78
0.71
0.64
0.61
0.83
0.63
0.70
0.72
0.63
0.68
0.66
0.64
0.67
0.70
0.83
0.84
0.83
0.91
0.71
0.78
0.70
0.71
0.87
0.67
0.74
0.72
0.75
0.86
0.81
0.79
0.77
0.73
0.75
0.65
0.79
0.80
0.70
0.72
0.68
1.05
0.93
0.60
0.83
0.78
0.96
0.77
0.71
0.82
0.85
0.72
0.71
0.87
0.65
0.76
0.79
0.91
0.88
0.76
0.92
0.94
0.92
0.79
0.79
0.82
0.84
0.91
0.87
0.84
0.91
0.90
0.93
1.04
1.11
0.96
0.89
0.92
0.82
0.97
0.63
0.57
1.03
0.69
0.78
0.84
0.76
0.75
0.93
0.80
0.67
0.56
0.68
0.77
0.58
0.61
0.68
0.65
0.63
0.67
0.66
0.69
0.60
0.83
0.94
0.96
0.85
0.60
0.67
0.62
0.63
0.68
0.77
0.72
0.64
