3.16
2.08
2.38
2.50
3.20
2.80
3.22
3.43
2.81
3.31
2.84
3.06
3.16
3.12
3.27
3.19
3.15
3.12
3.16
3.34
3.30
3.12
3.16
2.47
3.04
2.38
3.46
3.52
3.87
3.93
3.53
3.82
3.96
3.97
3.64
3.53
3.58
4.04
4.03
3.55
3.54
4.01
3.95
3.68
3.73
3.63
3.77
3.64
3.88
3.75
3.91
4.02
3.70
3.59
3.48
3.62
3.97
3.67
3.60
3.71
3.64
3.65
3.73
3.63
3.22
3.84
3.59
3.62
3.50
4.20
3.80
3.60
3.54
3.76
3.93
3.36
3.68
3.65
2.89
3.39
3.58
3.68
3.96
3.54
3.74
3.80
3.56
3.93
3.28
3.61
3.65
3.62
3.68
3.65
3.66
3.45
3.92
3.89
3.79
4.02
3.56
3.64
3.78
3.68
4.12
3.86
3.92
3.55
3.76
3.70
3.80
3.40
3.44
3.23
3.45
3.66
3.63
3.52
3.46
3.99
3.57
3.67
3.65
3.66
3.58
3.36
3.94
3.55
3.81
3.65
3.48
3.79
3.80
3.83
3.80
3.87
3.34
3.34
3.50
3.75
3.32
3.87
3.63
3.28
3.44
3.64
3.61
3.60
3.42
3.72
3.38
3.59
3.42
3.41
3.48
3.37
3.24
3.37
3.83
3.74
3.58
3.75
3.40
3.64
3.88
3.97
3.93
3.47
3.48
3.44
3.48
3.43
3.35
3.32
3.94
3.58
3.79
3.67
3.53
3.41
3.85
3.21
3.90
3.72
3.42
3.25
3.46
3.66
3.65
3.53
3.63
3.89
3.38
3.65
3.82
3.67
3.54
3.66
3.73
3.18
3.35
3.57
3.66
3.35
3.25
3.28
3.16
3.55
3.48
3.32
3.69
3.59
3.77
3.50
3.66
3.48
3.86
3.53
3.62
3.37
3.32
3.77
3.78
3.43
3.53
3.45
3.51
3.42
3.76
3.78
3.85
3.66
2.97
3.26
3.29
3.15
3.59
3.74
3.78
3.87
3.31
3.81
3.25
3.33
3.59
3.14
3.56
3.26
3.82
3.56
3.53
3.39
3.50
3.34
3.51
3.16
3.42
3.36
3.31
3.62
3.25
3.38
3.80
3.89
3.63
3.37
3.63
3.64
3.74
3.33
3.66
3.73
3.42
3.05
3.31
3.58
3.54
3.84
3.70
3.54
3.61
3.21
3.31
3.68
3.25
3.30
3.18
3.19
3.61
3.46
3.20
3.27
3.15
3.49
3.68
2.99
3.25
3.53
3.17
3.48
3.00
3.56
3.33
3.36
3.72
3.37
3.71
3.81
3.45
3.28
3.32
3.74
3.33
3.60
3.43
3.60
3.25
3.74
3.23
3.57
3.98
3.27
3.18
3.21
3.28
3.30
3.42
3.54
3.86
3.17
3.47
3.27
3.38
3.58
3.19
3.52
3.21
3.63
3.29
3.61
3.61
3.44
3.62
3.27
3.29
3.86
3.65
3.62
3.64
3.81
3.83
4.23
3.64
3.44
3.57
3.74
3.75
3.27
3.31
3.64
3.35
3.75
3.52
3.37
3.41
3.32
3.34
3.51
3.49
3.11
3.38
3.34
3.32
3.76
3.32
3.12
3.19
3.59
3.71
3.62
3.41
3.35
3.59
3.37
3.24
3.13
3.20
3.43
3.73
3.42
3.36
3.28
3.42
3.71
3.80
3.28
3.28
3.37
3.81
3.19
3.15
3.39
3.31
3.35
3.53
3.48
3.67
3.54
3.45
3.48
3.65
3.78
3.70
3.10
3.58
3.11
4.16
3.81
3.92
3.64
3.74
3.42
4.08
3.36
3.59
3.91
4.05
3.90
3.82
3.90
3.64
3.88
3.93
3.93
3.87
4.01
3.91
4.03
3.89
4.09
4.09
3.76
4.16
4.05
4.13
4.16
4.25
4.04
3.50
3.76
3.51
3.60
3.56
4.16
3.97
3.77
4.24
3.89
4.19
4.12
3.96
4.11
4.31
3.70
3.72
3.86
4.11
3.78
3.92
3.92
3.49
3.75
4.12
4.03
4.08
3.78
4.10
3.89
3.42
3.49
3.93
3.84
3.56
3.40
3.59
3.85
4.10
3.67
3.91
3.71
3.76
3.75
3.79
4.26
4.16
3.80
3.74
4.49
4.09
4.17
3.92
3.88
3.99
3.77
3.66
4.37
4.00
4.11
3.83
3.95
4.21
3.80
3.87
4.09
3.80
4.04
3.76
4.20
3.95
3.89
4.19
3.59
3.35
3.93
3.77
4.22
3.91
3.27
3.98
4.34
3.90
3.93
4.07
3.91
3.96
3.77
4.06
3.68
3.86
3.61
3.67
3.71
4.18
4.02
3.82
3.67
3.96
3.55
4.21
4.28
3.97
4.10
3.94
4.00
3.82
3.98
3.75
3.88
4.11
3.83
3.68
3.87
3.87
3.74
4.14
4.02
3.99
4.08
3.89
4.00
3.68
4.00
4.40
4.16
3.84
3.52
4.09
4.17
3.72
3.75
3.50
3.20
3.65
3.66
3.72
3.96
3.57
4.17
3.62
3.44
4.26
3.83
3.73
3.39
3.41
3.69
3.48
3.90
4.30
4.07
3.96
4.04
4.42
3.72
3.95
4.48
4.35
3.45
4.11
3.80
3.65
4.07
3.87
3.85
4.09
3.99
3.96
3.77
3.98
3.73
3.91
4.24
4.11
4.00
3.99
3.91
4.11
3.57
3.70
3.86
4.24
4.08
3.76
3.59
3.43
3.24
3.71
3.40
3.05
3.60
3.64
3.95
3.63
4.17
4.19
4.37
4.36
4.26
3.95
3.76
3.80
4.03
3.77
3.81
3.88
3.61
4.02
3.80
4.06
3.96
4.07
3.04
3.87
3.40
3.69
3.54
3.90
4.20
3.90
3.43
3.80
3.32
3.42
3.37
3.42
3.93
4.03
4.06
3.99
4.18
4.18
3.67
3.78
4.23
3.98
4.11
4.16
3.68
4.34
4.22
3.95
3.95
4.10
4.12
4.16
3.95
4.08
4.02
4.05
3.94
4.24
3.63
3.84
4.11
3.97
3.90
4.07
3.95
3.91
4.10
3.96
4.30
3.99
4.04
4.10
4.01
3.91
4.01
4.03
4.15
4.31
3.84
4.02
3.87
4.03
4.09
4.10
4.01
4.15
4.02
3.92
3.80
3.66
3.56
4.06
4.08
4.05
4.09
4.10
3.62
3.80
3.90
3.83
3.80
3.92
4.27
4.28
3.95
3.93
3.97
3.63
3.88
3.85
4.01
4.23
4.09
3.92
3.86
4.27
3.88
4.45
4.18
4.38
4.34
4.52
4.14
3.78
4.38
4.49
3.99
4.03
4.19
4.25
4.28
3.99
4.56
4.31
4.07
4.14
3.95
4.10
4.50
4.53
4.22
4.38
3.94
4.54
4.23
4.21
4.00
4.20
4.73
4.13
3.98
3.63
3.69
4.06
4.15
4.15
3.75
3.85
3.93
4.26
3.58
3.99
3.92
3.79
3.70
3.80
4.09
4.36
4.33
3.84
4.21
3.84
3.95
3.93
4.00
3.86
3.81
4.28
3.72
3.87
3.88
4.00
4.14
4.17
4.26
4.02
4.31
4.25
4.33
4.54
4.25
4.18
4.15
4.35
4.25
4.83
3.73
3.81
4.05
3.99
4.10
4.13
3.80
3.87
4.08
4.07
4.38
3.96
3.73
3.81
4.02
4.25
3.99
3.56
4.07
3.92
4.39
4.39
3.93
4.45
3.92
3.77
3.85
4.38
3.97
3.90
3.65
3.92
3.96
4.10
4.20
3.94
4.14
4.27
4.17
4.35
4.48
3.93
4.40
3.87
4.31
4.09
4.52
4.71
3.33
4.38
4.28
4.45
4.48
4.13
3.58
3.90
4.33
4.09
3.79
4.07
4.01
4.26
4.03
4.36
4.37
4.40
4.25
4.03
4.48
3.92
4.04
4.57
3.93
4.29
4.44
4.41
4.58
4.51
4.29
4.70
4.12
4.40
3.93
4.16
4.65
4.28
4.16
4.26
4.35
3.99
4.52
3.74
3.90
4.21
4.40
4.17
4.27
3.97
4.18
4.43
4.45
4.08
4.22
3.80
4.03
4.06
3.80
4.13
3.51
3.58
4.02
3.82
4.29
4.45
4.62
4.21
4.26
4.08
4.32
4.25
4.27
4.18
4.59
4.19
4.32
4.30
3.95
4.10
4.33
4.65
3.86
3.72
3.88
3.72
3.81
3.52
3.67
3.71
3.92
4.02
3.97
3.77
4.12
3.98
4.06
4.02
3.94
4.11
4.22
4.17
4.16
4.29
4.41
4.12
4.06
4.01
4.26
4.74
4.25
4.80
4.31
4.55
4.43
4.32
4.79
4.16
4.31
4.54
4.30
4.62
4.54
4.59
4.08
4.67
4.28
4.97
4.52
4.98
5.05
4.40
4.79
4.93
4.63
4.39
4.60
4.69
4.21
4.71
4.81
4.73
4.98
4.74
4.63
4.55
4.35
4.46
4.22
4.13
4.07
3.93
4.17
3.82
4.37
4.54
4.69
4.58
4.27
4.52
4.53
4.35
4.30
4.32
4.19
4.21
4.31
3.95
4.28
4.29
4.36
4.12
4.30
4.07
4.09
4.15
4.38
4.32
4.28
3.85
3.54
4.05
4.34
4.06
4.05
4.78
4.25
4.67
4.19
4.10
4.05
4.27
4.49
4.35
4.28
3.91
4.09
3.97
4.30
4.20
4.11
4.26
4.01
4.10
4.00
3.79
4.32
4.34
4.01
4.28
4.30
4.18
4.31
4.01
4.15
4.10
4.31
4.30
4.58
4.13
4.34
4.37
4.39
4.53
4.32
4.30
4.23
4.21
4.22
4.14
4.50
4.27
4.46
4.05
4.38
4.43
4.77
4.12
4.32
4.60
4.54
4.64
4.27
4.31
4.34
4.06
3.89
4.07
3.95
4.31
4.23
4.22
4.17
3.92
4.30
4.18
3.67
4.55
4.19
4.21
4.68
4.36
4.33
3.95
3.87
3.54
3.85
3.96
4.27
4.37
4.13
4.17
4.00
4.11
4.24
3.99
4.01
4.20
4.12
3.87
3.90
4.27
3.96
3.74
3.71
3.87
3.61
4.56
4.06
4.03
4.41
4.29
3.67
4.10
3.96
4.26
4.13
4.39
4.29
3.97
4.09
4.22
4.11
4.03
3.87
4.34
3.84
4.17
4.25
4.26
3.92
3.67
4.04
4.43
4.17
4.28
4.35
4.24
4.07
4.49
4.55
3.94
3.81
3.87
4.37
4.09
4.01
3.98
3.58
3.90
3.69
4.15
4.15
3.84
3.43
3.83
3.59
4.19
4.18
4.14
3.72
4.09
4.00
4.02
4.06
4.22
4.00
3.98
4.32
3.86
4.13
3.85
3.94
3.88
3.94
3.44
3.84
3.98
3.97
4.13
4.19
4.06
4.46
4.48
4.34
4.07
3.98
4.15
4.17
4.10
4.38
3.81
4.21
3.86
4.19
4.23
3.94
4.11
4.32
4.16
4.02
4.31
4.10
4.38
4.16
4.11
4.62
3.70
4.23
3.86
4.02
4.05
3.94
4.05
4.43
4.32
4.20
4.39
4.05
4.18
4.08
4.16
4.13
4.38
4.27
4.34
4.01
4.01
4.26
4.39
4.09
4.10
4.19
4.61
4.29
4.38
4.08
4.18
4.45
4.46
4.50
4.07
4.33
4.20
4.30
4.00
4.18
4.37
4.05
4.30
4.20
4.09
4.22
4.05
4.75
4.55
4.28
4.39
4.32
3.82
4.27
4.46
4.34
4.26
4.45
4.10
4.19
4.19
4.35
4.48
4.42
4.28
3.98
4.36
4.16
4.31
4.40
3.97
4.39
4.45
4.43
4.34
4.47
4.38
4.43
4.37
4.33
4.65
4.22
4.79
4.69
4.64
4.82
4.67
4.86
4.54
4.64
4.62
4.61
4.52
4.97
4.63
4.55
4.58
4.39
4.74
4.15
4.76
4.75
4.60
4.55
4.50
4.37
4.69
3.92
4.28
4.56
4.32
4.39
4.25
4.43
4.53
4.87
3.98
4.31
4.38
3.97
4.27
4.52
4.08
3.92
3.81
4.03
4.07
4.23
4.35
4.12
3.79
4.14
4.24
4.65
4.07
3.98
4.14
3.83
4.00
4.03
3.64
4.05
4.42
3.67
4.25
4.40
4.30
4.25
3.97
3.88
4.82
4.38
4.37
4.58
4.17
4.53
4.45
3.95
4.14
4.14
4.19
4.16
4.02
4.20
4.15
4.02
4.16
4.12
3.88
3.52
3.89
4.35
3.94
4.30
3.99
4.42
4.09
3.98
4.01
4.34
4.07
4.26
4.41
4.33
3.47
4.09
4.28
4.07
4.33
4.12
4.24
4.23
4.22
4.27
3.93
4.01
4.34
4.11
4.24
4.03
4.16
3.94
3.83
4.05
4.28
4.31
3.95
4.19
4.12
4.09
4.26
4.19
4.08
4.17
4.05
4.61
3.80
4.36
3.90
4.01
4.38
4.14
3.97
3.94
4.25
3.81
4.36
4.51
4.48
4.10
4.13
4.40
4.40
4.47
4.68
4.28
4.45
4.71
4.39
3.91
3.87
4.08
4.25
4.39
4.12
4.41
4.29
4.25
3.93
4.30
4.27
4.44
4.31
4.27
4.32
4.43
3.74
4.68
4.17
4.32
4.55
4.31
4.34
4.59
4.28
4.57
4.64
4.07
4.24
4.25
4.22
4.33
4.16
4.33
4.42
4.36
4.43
4.32
4.81
4.57
4.70
4.93
4.73
4.39
3.80
4.05
4.11
4.13
4.32
4.38
4.15
3.96
4.11
4.28
4.35
4.61
4.12
4.33
4.49
4.25
4.47
4.43
4.78
4.39
4.84
4.60
4.35
4.27
4.47
4.74
4.43
4.27
4.72
4.60
4.62
4.32
4.09
4.23
3.87
4.23
4.40
4.28
4.59
4.04
4.26
4.51
4.49
4.24
4.17
4.10
4.47
4.17
4.41
4.01
4.26
4.19
4.32
3.98
4.05
4.63
4.55
4.56
4.64
4.02
4.15
4.17
4.01
4.09
4.43
4.29
4.26
3.65
4.27
3.93
3.90
3.94
4.18
4.25
3.84
4.41
3.96
3.75
3.86
3.93
4.18
3.83
3.81
4.02
3.87
3.96
4.13
3.93
3.92
4.61
3.83
3.95
4.23
4.10
4.10
4.14
4.09
3.74
3.81
4.15
4.02
3.98
3.83
3.96
3.98
4.11
4.07
4.14
4.00
3.85
3.97
3.91
4.02
3.97
3.94
3.91
4.00
4.13
3.84
3.98
4.12
4.03
4.14
4.74
4.02
4.16
4.38
4.30
4.24
3.98
4.24
4.29
4.13
3.75
4.13
4.01
4.31
4.00
4.42
4.44
4.04
4.32
4.19
4.03
4.21
3.99
3.79
4.14
3.76
4.08
4.19
3.72
3.68
3.89
4.60
4.02
3.24
3.45
3.28
3.67
3.85
3.71
3.92
4.09
3.33
3.83
3.70
3.71
3.47
3.95
3.72
3.96
3.58
3.73
3.64
3.71
3.76
4.26
4.21
4.31
4.20
3.69
3.99
3.71
3.77
3.86
3.65
4.30
4.30
3.75
4.08
3.54
4.00
3.92
2.90
3.52
4.08
3.54
4.12
4.28
4.21
4.11
4.30
3.91
4.04
4.01
4.17
3.90
3.57
3.91
3.24
3.50
3.70
3.87
3.41
3.87
3.55
3.63
4.12
3.80
3.78
3.54
3.87
3.27
4.07
3.61
3.46
3.55
3.88
3.72
3.68
3.75
3.19
3.36
3.77
3.23
3.11
3.85
3.89
3.94
3.77
3.83
3.93
3.68
3.70
3.70
3.71
4.13
3.87
4.10
3.48
3.65
3.76
3.69
3.78
3.75
3.91
3.82
3.71
3.59
3.69
3.88
4.16
3.68
3.65
4.08
3.70
4.03
3.73
3.84
3.55
3.54
4.14
3.66
3.66
3.90
3.84
3.86
4.39
3.71
4.32
4.10
3.95
3.96
3.79
3.89
3.62
3.93
4.21
4.04
4.08
3.67
4.04
3.79
3.97
4.24
3.81
3.59
4.09
3.62
3.92
4.32
4.02
4.29
4.03
4.54
4.28
4.07
4.22
3.93
4.32
4.42
4.12
3.83
3.70
4.00
3.93
3.79
3.83
3.43
4.12
3.87
4.28
3.69
3.90
3.95
3.94
3.97
4.09
3.86
4.12
4.00
4.12
3.57
4.33
4.09
4.26
4.35
3.74
3.68
3.83
4.02
4.09
4.16
4.30
3.88
4.09
4.13
4.26
4.27
4.27
4.42
4.30
4.11
4.39
4.51
4.25
4.09
4.48
4.54
4.53
4.53
4.67
4.46
4.83
4.83
4.78
4.48
4.70
4.35
5.22
4.25
4.72
4.57
4.35
4.60
4.58
4.71
4.72
4.59
4.35
4.53
4.83
4.44
4.51
4.51
4.66
4.71
4.84
4.77
4.79
4.58
4.57
4.33
4.59
4.29
4.93
4.94
4.86
4.62
4.42
4.57
4.13
4.27
4.34
4.60
4.15
4.46
4.43
4.03
3.98
3.71
4.20
4.05
4.33
4.40
4.66
4.16
4.18
4.09
4.17
4.66
4.55
4.49
4.52
4.45
4.37
4.21
4.47
4.25
4.35
4.49
3.96
4.34
4.29
4.21
4.28
4.48
4.24
3.83
4.52
3.51
4.68
4.37
4.48
4.25
4.28
4.61
4.22
4.19
4.02
4.48
4.40
3.98
3.97
3.97
4.13
3.66
4.05
3.98
4.15
3.91
3.85
4.38
4.15
4.17
4.06
4.32
4.04
4.16
4.28
4.52
4.01
3.95
4.07
4.59
4.01
3.90
4.37
4.30
4.41
4.64
4.59
4.41
5.14
4.90
4.62
4.49
4.40
4.47
4.70
4.94
4.84
4.74
4.80
4.96
4.37
4.48
4.02
4.06
4.07
4.73
4.55
4.85
4.74
4.79
4.77
4.33
4.50
4.35
4.43
4.04
4.40
4.36
3.96
4.28
4.52
3.84
4.38
4.14
4.05
3.69
4.05
4.07
3.72
4.16
4.38
4.57
4.24
4.01
3.85
4.10
4.01
3.75
4.03
3.90
4.15
3.97
4.04
3.33
4.16
4.00
4.09
4.13
4.10
3.72
4.07
4.07
4.00
4.01
3.96
3.94
4.11
3.98
4.11
3.96
3.84
4.75
3.89
4.76
4.57
4.33
3.90
3.70
3.83
3.98
4.03
3.87
3.66
3.93
3.75
3.98
3.94
4.01
4.07
3.59
3.54
3.84
4.11
4.06
4.07
3.69
3.75
4.07
4.19
4.06
4.36
4.38
4.00
4.24
4.10
4.25
3.91
3.91
3.90
4.43
3.38
4.43
4.31
3.96
4.70
4.01
3.78
3.58
3.83
4.18
3.80
4.23
3.95
4.25
4.03
4.50
4.61
4.05
4.06
5.00
3.52
3.62
3.36
3.56
3.91
3.99
3.51
3.93
3.92
3.04
3.65
3.96
3.33
4.07
3.97
4.37
4.15
4.17
4.08
4.30
3.95
3.79
3.89
3.90
4.10
4.22
3.92
3.98
4.33
4.51
4.72
4.26
3.98
4.29
4.10
3.84
4.39
4.00
4.10
4.07
3.79
4.28
4.21
4.62
4.26
3.99
4.18
3.92
3.98
3.80
3.39
4.22
3.61
4.26
3.78
4.16
4.10
4.19
4.07
4.13
4.06
4.31
3.95
4.38
4.12
4.12
3.77
3.46
4.14
4.22
4.20
4.11
3.75
3.67
4.03
4.16
4.04
4.35
3.95
3.97
3.73
3.77
3.75
3.94
3.95
3.68
3.92
4.22
4.05
3.81
4.02
3.95
3.67
4.30
4.34
4.01
3.93
3.67
4.29
4.08
4.26
3.84
4.13
3.94
3.68
3.89
3.94
4.27
4.14
4.13
4.21
3.92
4.29
4.18
4.32
4.25
4.32
3.69
4.16
4.36
4.25
3.64
4.39
3.89
3.98
4.23
4.19
3.87
4.15
4.46
4.09
4.03
4.20
4.09
4.24
4.14
4.03
4.15
4.08
4.15
3.72
4.27
3.82
3.59
3.80
3.93
3.96
3.79
4.14
4.07
4.04
4.03
3.90
3.85
3.76
3.79
4.07
3.89
3.54
4.02
4.02
3.75
3.95
4.08
3.88
3.56
3.41
3.86
3.77
3.62
4.40
4.18
3.85
4.43
4.17
3.99
3.98
3.68
4.13
4.05
3.84
3.73
3.64
3.73
3.82
3.48
3.70
4.02
3.88
3.55
4.21
4.31
4.12
4.00
3.98
4.00
4.25
3.87
4.44
4.55
3.77
3.57
3.94
3.85
4.95
4.63
3.57
3.85
3.77
3.65
3.49
3.31
4.11
3.02
4.06
4.19
3.95
4.50
4.13
4.14
3.74
3.94
3.79
4.13
4.00
3.76
4.22
4.43
4.36
4.09
4.41
4.22
3.65
3.52
4.05
4.10
4.09
4.37
4.06
4.18
4.30
4.38
4.37
4.37
4.04
4.26
4.48
4.10
3.64
4.01
3.92
3.99
4.53
4.60
4.32
3.80
4.19
3.85
3.85
3.80
4.09
4.11
4.19
4.22
4.40
4.12
4.48
4.07
4.15
4.14
3.87
4.02
4.22
3.40
4.06
3.98
3.87
3.90
4.14
4.39
4.68
4.24
4.47
4.54
4.22
4.12
4.13
3.68
3.76
4.06
4.25
3.82
3.45
3.92
4.40
4.23
4.15
4.55
4.46
4.52
4.41
4.45
4.40
4.47
3.66
4.28
4.47
4.06
4.24
3.82
4.10
4.55
4.35
3.65
4.14
4.20
4.18
4.49
3.47
4.06
3.63
3.61
3.66
3.84
3.81
3.75
3.72
3.85
3.92
3.60
4.02
4.29
4.12
3.99
4.03
3.75
4.19
4.04
3.99
4.29
4.24
4.31
3.63
4.16
4.15
3.98
3.82
3.99
4.35
4.23
4.43
4.29
4.31
3.96
4.03
4.30
3.66
3.96
3.62
3.93
3.69
4.23
3.53
3.71
4.18
3.97
3.91
4.24
3.97
3.81
3.55
3.69
3.67
3.69
3.92
4.12
3.76
4.19
4.05
4.38
4.13
4.24
3.93
4.06
4.06
3.88
3.69
4.11
3.91
3.83
4.21
4.22
3.97
4.07
4.04
4.35
3.98
3.93
3.80
3.99
3.81
4.12
4.09
4.48
4.38
4.33
4.22
4.17
4.32
4.09
4.04
4.03
4.26
4.27
4.33
4.27
4.21
3.92
4.27
4.17
4.78
4.36
4.43
4.20
4.30
4.00
4.18
3.89
3.86
4.04
4.08
3.97
3.59
3.89
4.27
4.21
3.62
4.48
4.27
4.09
4.06
4.01
4.11
3.68
4.13
4.02
4.06
4.20
3.92
3.91
4.06
3.93
4.26
4.11
3.73
3.54
3.94
3.88
3.93
4.28
4.02
4.29
4.14
4.59
4.41
4.09
4.21
4.31
4.15
4.39
4.16
4.15
4.52
4.67
4.11
4.76
4.35
4.42
4.10
4.15
4.25
4.31
4.28
4.28
4.50
4.53
4.95
4.81
4.69
4.72
4.25
4.68
4.88
4.68
4.24
4.46
4.10
4.30
4.15
4.32
4.39
4.15
4.30
4.25
4.10
4.40
4.34
4.25
3.87
3.64
4.07
3.52
4.03
3.71
4.21
4.07
4.06
4.09
4.04
4.46
4.01
3.78
4.64
4.30
4.34
3.87
3.84
4.14
3.98
4.03
4.54
3.93
4.16
4.19
4.03
4.26
3.75
4.40
4.35
4.43
3.55
3.84
4.02
4.25
4.51
4.37
4.31
4.38
4.54
4.32
4.39
3.96
4.38
4.34
4.20
4.45
4.16
4.72
4.07
3.86
3.57
3.73
4.54
4.16
4.07
4.08
4.07
3.75
3.98
3.90
4.31
4.19
4.23
3.89
3.98
3.39
4.22
3.71
4.10
3.86
4.40
4.09
4.21
3.79
4.04
4.43
4.40
4.32
4.26
4.08
4.00
4.18
4.09
3.41
3.72
3.92
3.69
4.13
3.76
4.24
3.90
4.10
3.88
3.95
3.63
3.90
4.01
3.77
3.78
4.08
4.26
4.42
3.75
3.83
3.99
3.78
3.53
3.89
3.86
3.55
3.72
3.91
3.89
4.13
3.91
4.08
3.81
3.90
3.79
3.50
3.77
3.53
3.30
3.69
3.55
4.08
4.11
3.96
3.85
3.90
3.62
3.96
3.87
3.48
3.93
3.75
3.95
4.20
3.74
4.06
4.04
4.35
3.84
3.87
3.93
3.97
3.85
3.80
3.75
3.71
3.78
4.08
4.14
4.00
4.08
3.95
3.96
3.76
3.88
3.90
4.28
4.17
3.93
4.02
4.05
4.33
4.04
4.42
3.99
4.01
4.25
4.04
4.07
4.27
3.72
4.08
3.81
4.66
4.66
4.79
4.32
4.32
4.59
4.32
4.52
4.56
4.76
4.28
4.31
4.25
4.29
4.28
4.32
4.11
4.05
4.36
4.52
4.44
3.75
4.05
3.80
4.45
3.56
3.64
3.99
4.12
3.94
3.89
3.93
4.32
3.90
3.96
3.87
3.98
4.41
3.88
4.04
3.79
4.12
3.85
3.66
3.72
3.99
4.25
3.99
3.97
4.07
4.06
3.61
3.86
4.56
3.89
4.31
3.61
4.34
4.29
4.02
4.23
3.93
3.88
4.28
4.26
3.77
4.21
4.16
3.99
4.16
4.20
3.99
3.83
3.80
4.24
4.13
3.66
4.17
3.95
4.11
4.05
4.11
4.29
4.55
4.54
4.71
4.28
4.65
4.39
4.26
4.33
4.44
3.55
4.25
3.80
4.24
4.47
3.90
3.83
3.72
4.12
3.31
3.70
4.12
3.84
4.11
3.99
4.27
4.22
3.57
4.54
4.57
4.20
4.47
4.44
4.34
4.33
4.26
4.15
4.19
4.28
4.50
4.48
4.31
4.37
4.39
4.39
4.10
4.48
4.50
4.11
3.78
4.43
3.57
4.28
3.57
4.24
4.03
3.63
4.14
4.13
3.99
3.95
3.98
4.02
3.55
3.42
3.95
4.38
3.84
4.34
3.93
4.25
4.09
4.22
3.93
4.24
4.05
4.37
3.91
4.06
4.13
4.24
4.05
4.32
4.06
3.80
4.28
4.24
4.01
4.44
4.17
4.13
4.15
3.61
4.04
4.21
4.04
4.01
4.26
3.95
4.36
3.79
4.46
4.56
3.98
4.00
3.55
4.25
4.25
4.33
4.86
4.44
4.18
4.24
4.69
4.29
4.20
4.62
4.73
4.49
3.92
4.10
4.31
4.32
4.13
3.95
3.98
4.27
4.70
4.41
4.33
4.33
4.76
4.26
4.29
4.34
4.55
4.45
4.18
4.00
4.32
4.32
4.43
3.93
4.20
4.16
4.33
4.37
4.45
4.48
4.63
4.25
4.35
4.32
4.05
4.19
4.31
4.36
4.18
4.17
4.19
4.24
4.20
4.03
3.97
3.96
3.47
3.58
3.31
3.56
3.80
3.40
3.85
4.21
4.30
4.40
4.26
3.98
4.02
3.64
3.91
4.04
4.09
3.88
3.85
4.23
4.05
3.22
4.10
4.04
4.05
4.06
4.01
4.03
4.40
3.91
4.26
4.10
3.83
4.06
4.25
3.77
3.57
3.36
3.47
4.45
4.08
3.61
3.89
3.81
4.16
3.70
3.95
4.20
4.42
3.88
3.93
4.07
3.86
3.98
3.92
3.97
4.07
3.95
3.82
3.99
3.94
4.23
4.10
4.11
4.06
4.23
3.89
3.82
4.10
3.74
3.65
3.92
4.06
4.11
4.10
4.29
4.13
4.13
4.37
4.13
3.92
3.66
3.89
4.04
3.74
3.75
3.92
3.88
4.42
4.22
4.28
4.41
4.16
4.09
3.98
4.19
4.22
3.92
4.03
3.87
4.22
4.42
4.09
3.60
3.98
4.17
3.98
4.20
4.26
3.93
3.88
3.87
3.96
4.01
4.23
4.31
3.94
4.08
4.06
3.80
4.19
3.98
4.26
3.96
4.27
3.59
3.83
3.73
3.96
4.07
3.90
3.67
3.89
3.94
4.07
3.83
4.15
4.00
4.11
4.09
3.89
4.05
4.03
4.12
3.82
3.84
4.11
3.94
3.78
3.86
4.19
4.11
4.01
4.07
4.20
4.05
4.15
3.78
4.28
3.90
4.01
4.15
3.94
3.89
3.80
3.44
4.28
3.79
3.64
3.99
3.85
3.77
3.81
3.64
3.86
4.22
3.43
4.37
4.46
4.63
4.38
4.10
4.10
4.14
3.92
4.15
4.01
3.91
4.36
4.11
4.00
4.75
4.32
4.14
4.63
4.21
4.05
4.16
4.16
4.13
4.24
3.73
4.44
3.71
4.41
4.63
4.31
4.34
4.52
4.53
4.31
4.35
4.20
3.98
4.51
3.58
4.71
4.18
4.28
4.05
3.74
4.71
4.35
4.52
4.39
4.56
4.60
4.48
4.39
4.23
4.50
4.33
4.42
4.38
4.18
4.17
4.35
4.20
4.21
4.51
4.41
4.30
4.48
4.64
4.41
4.41
4.55
4.41
4.46
4.34
4.86
4.58
4.24
4.36
4.38
4.06
3.55
3.87
3.55
3.71
3.85
3.94
4.12
4.17
3.97
4.16
3.92
4.27
4.30
4.36
4.11
4.11
3.94
3.96
3.53
3.83
4.20
4.12
4.19
4.11
4.52
4.14
4.33
4.00
4.40
4.12
4.30
4.11
4.21
4.23
4.21
4.16
3.87
3.85
3.53
3.70
3.81
3.65
3.83
4.28
4.27
4.02
4.49
3.91
4.36
4.50
4.13
3.84
4.19
4.03
4.07
4.53
4.31
4.38
4.44
3.96
4.07
3.90
4.23
4.44
3.95
4.38
4.33
4.54
4.50
4.05
4.75
4.44
4.53
4.25
4.49
4.22
4.50
4.40
4.32
4.55
4.45
4.75
4.38
4.67
4.35
4.68
4.86
4.89
5.04
4.84
4.64
4.70
4.91
4.96
4.54
4.23
4.89
4.76
4.61
5.00
4.43
4.40
4.75
4.77
4.72
4.34
4.78
4.64
4.16
4.47
4.53
4.76
4.78
4.70
4.65
4.60
4.55
4.70
4.50
4.54
4.27
4.38
4.56
4.62
4.43
4.60
4.39
4.54
4.58
4.80
4.34
4.78
4.52
4.80
4.58
4.35
4.88
4.50
4.45
4.75
4.42
4.07
4.02
3.95
4.27
4.24
4.67
4.30
4.60
4.10
4.78
4.47
4.64
3.98
4.16
4.44
4.43
4.16
4.75
4.81
4.55
4.53
4.75
4.55
4.13
4.59
4.40
3.84
4.27
4.15
4.08
4.56
4.22
4.48
4.39
4.74
4.57
4.63
4.51
3.98
4.26
4.29
4.19
4.51
4.77
4.02
4.48
4.50
4.31
4.75
3.74
4.18
4.26
4.01
4.28
4.30
4.28
4.32
4.33
4.82
4.33
4.61
4.42
4.21
3.98
4.33
4.55
4.48
4.73
4.61
4.36
4.57
4.74
4.30
4.23
4.60
4.95
4.42
4.67
4.59
4.73
4.58
4.47
4.70
4.95
4.98
4.62
4.48
4.55
4.26
4.14
4.39
4.45
4.68
4.44
4.50
4.14
4.19
4.24
4.45
4.63
4.28
4.21
4.76
4.20
4.53
4.70
4.56
4.33
4.36
3.98
4.19
4.20
4.09
4.15
4.41
4.26
4.31
4.20
3.65
3.79
3.96
4.16
3.95
4.62
4.15
4.25
4.55
4.35
4.57
4.23
4.06
4.30
4.37
4.47
4.65
4.20
4.25
4.36
4.24
4.30
4.46
4.25
4.59
4.25
4.30
4.31
4.15
4.70
4.33
4.31
4.25
3.73
4.27
4.42
4.63
3.95
4.20
4.36
4.59
4.63
3.79
4.25
4.52
4.55
4.21
4.11
4.79
4.63
3.94
3.56
4.80
3.96
4.49
4.32
3.75
4.19
4.55
4.65
4.16
4.45
4.21
4.02
4.23
4.50
4.37
4.29
4.31
3.90
3.81
3.71
3.97
3.88
4.20
3.86
3.98
4.06
3.91
3.78
4.04
4.01
4.08
4.29
3.86
4.13
3.91
4.17
4.30
4.12
4.02
4.80
4.15
4.34
4.54
4.42
3.84
4.38
4.22
4.00
4.07
4.10
4.31
4.43
3.93
4.22
4.25
4.46
4.06
4.14
3.88
4.22
4.51
4.48
4.52
4.10
4.06
3.96
4.09
3.92
4.07
4.10
4.66
4.16
4.28
4.74
4.30
4.54
4.36
4.45
4.55
4.28
4.60
4.35
4.47
4.16
4.36
4.12
4.19
4.10
4.41
4.20
4.32
3.98
4.34
4.21
4.40
4.17
4.21
4.29
4.38
4.01
4.39
4.44
4.50
4.71
4.47
4.44
4.48
4.68
4.69
4.81
4.56
4.51
4.73
4.55
4.51
4.54
4.64
4.62
4.59
4.79
4.58
4.54
3.87
4.15
4.26
4.39
4.17
3.76
4.24
3.81
4.70
4.25
4.63
3.98
3.79
3.85
3.85
3.83
3.80
3.43
3.80
3.42
3.65
3.69
4.09
4.31
4.56
3.81
3.93
4.13
3.82
4.05
3.79
3.95
4.01
3.45
4.53
4.59
4.58
4.44
4.40
4.58
3.97
4.67
4.48
4.66
4.57
4.65
4.49
4.72
4.47
4.45
4.53
4.51
4.27
4.65
4.64
5.11
4.49
4.62
4.67
4.77
4.62
4.56
4.45
4.74
4.54
4.57
4.66
4.44
4.43
4.67
4.43
4.62
4.83
4.45
4.27
4.55
4.32
4.17
4.50
4.54
4.36
4.51
4.49
4.07
4.35
4.85
4.74
4.42
4.26
4.26
4.46
4.62
4.49
4.26
4.51
4.39
4.67
4.52
5.02
4.15
4.47
5.11
4.73
3.94
4.70
4.43
4.35
4.15
4.51
4.76
4.77
4.71
4.45
4.94
4.50
4.48
4.67
4.81
4.70
4.42
4.39
4.39
4.48
4.40
4.29
4.30
4.47
4.52
4.30
4.54
4.31
4.34
4.36
4.47
4.98
4.47
4.44
4.79
4.70
4.64
4.95
4.55
4.41
4.61
4.66
4.60
4.48
4.65
4.48
4.51
5.20
4.35
4.37
4.54
4.45
4.68
4.40
4.92
4.65
4.57
4.93
4.73
4.47
4.58
4.81
4.23
4.69
4.37
4.80
4.47
4.43
4.16
4.68
4.79
4.63
4.51
4.72
4.72
4.12
4.45
4.45
4.07
4.28
4.45
4.20
4.69
3.94
4.07
4.29
4.08
4.45
4.55
4.43
4.34
4.07
4.35
3.87
4.75
4.30
4.36
4.42
4.09
4.13
4.35
4.40
4.43
4.14
4.22
4.33
4.46
4.16
4.24
4.61
4.51
3.81
4.53
4.40
4.36
4.66
4.44
4.46
4.68
4.31
4.30
4.49
4.52
4.51
4.50
4.52
4.75
4.55
4.74
4.54
4.45
4.47
4.55
4.47
4.50
4.22
4.59
5.00
4.77
4.73
4.49
4.65
4.34
4.43
4.50
4.58
4.55
4.62
4.29
4.38
4.50
4.35
4.44
4.40
4.51
4.43
4.46
4.25
4.36
4.49
4.41
4.42
4.42
4.65
4.92
4.29
4.72
4.42
4.48
4.50
4.36
4.61
4.52
4.65
4.42
4.27
3.67
3.92
4.42
4.32
4.18
4.18
4.63
4.53
4.61
4.22
4.36
4.29
4.43
4.36
4.22
4.03
4.41
4.09
4.74
3.96
3.91
3.85
4.62
4.37
4.67
4.36
4.51
4.82
4.24
4.28
4.30
4.43
4.57
4.61
4.57
4.62
4.14
4.30
4.66
4.06
4.36
4.86
4.69
4.00
4.78
4.73
4.92
4.93
4.62
4.77
4.80
4.67
4.71
4.46
4.52
4.61
4.80
4.59
4.12
4.34
4.41
4.64
4.63
4.82
4.35
4.71
5.19
4.43
4.72
4.48
4.84
4.81
4.48
4.57
4.45
4.43
4.64
4.47
4.49
4.44
4.66
4.58
4.15
4.46
4.55
4.53
4.52
4.79
4.65
4.59
4.55
4.43
4.60
4.69
4.59
4.01
4.53
4.33
3.80
4.58
3.87
4.16
3.75
4.29
3.77
4.59
3.71
4.42
4.48
4.39
4.57
4.49
4.13
3.95
4.29
4.36
4.22
4.34
4.31
4.47
4.49
4.36
3.97
3.78
3.73
4.06
4.06
3.76
4.26
4.08
4.11
4.22
3.99
4.02
4.27
4.61
4.04
3.60
3.98
4.15
3.91
4.19
4.40
4.13
3.97
3.89
3.95
3.30
4.16
4.18
4.65
4.58
4.64
4.13
4.30
4.43
4.59
4.41
4.15
4.14
3.71
3.91
3.92
4.21
4.27
4.34
4.41
3.74
3.79
4.00
4.20
4.18
4.14
4.09
3.90
3.41
3.81
3.99
4.02
4.38
4.28
4.66
4.10
4.34
4.63
4.45
4.05
4.21
4.11
4.59
4.70
4.67
4.78
4.97
4.77
4.58
4.54
4.95
4.75
4.54
4.76
4.60
4.11
4.75
4.42
4.72
4.49
4.45
4.65
4.42
4.95
4.65
4.34
4.82
4.77
4.74
4.68
4.93
4.92
4.82
4.49
4.48
4.33
4.66
4.60
4.46
4.58
4.78
4.73
4.51
4.86
4.76
4.79
4.85
4.75
4.75
4.48
5.04
4.41
5.23
4.78
4.46
4.69
4.67
4.67
4.60
4.45
4.61
4.44
4.89
4.64
4.70
4.68
4.63
4.51
4.34
4.50
5.04
4.50
4.58
4.58
4.38
4.62
4.45
4.84
4.30
4.63
4.22
4.49
4.61
4.73
4.55
4.48
4.02
4.27
4.74
4.48
4.77
4.44
4.81
4.54
4.47
4.56
4.45
4.70
4.60
4.68
4.94
4.58
4.39
4.73
4.97
5.00
4.49
4.77
4.54
4.43
4.68
4.66
4.69
4.58
4.66
4.83
4.85
4.73
4.76
4.63
4.89
4.66
4.88
4.37
4.83
4.80
4.75
4.60
4.84
4.67
4.63
4.34
4.61
4.38
4.47
4.38
4.81
4.49
4.65
4.60
4.78
4.35
4.44
4.24
3.95
4.55
4.27
4.22
4.25
4.37
3.97
4.45
4.40
4.70
4.59
4.57
4.71
4.57
4.33
4.54
4.10
4.47
3.86
3.99
4.03
3.96
4.24
4.26
4.42
4.25
4.64
4.23
4.33
4.48
4.29
4.49
4.35
4.59
4.00
3.68
4.14
4.19
4.25
3.92
4.18
4.31
4.04
4.02
4.52
4.73
4.35
4.29
4.53
3.96
4.31
4.14
4.27
4.34
4.74
4.36
4.53
4.16
4.80
4.71
4.49
4.70
4.24
4.54
4.66
4.30
4.73
4.48
4.05
4.28
4.17
4.67
4.63
4.24
4.37
3.95
4.22
4.24
4.19
4.67
4.12
4.62
4.35
4.46
4.17
4.51
4.51
4.49
4.78
4.62
4.69
4.61
4.30
