4.23
4.25
4.25
4.19
4.53
4.26
4.50
3.64
4.34
4.06
4.15
4.15
4.02
4.19
3.82
4.29
3.82
4.12
4.06
4.06
4.08
3.94
4.03
4.22
4.08
4.27
3.93
4.30
3.92
4.18
4.25
3.84
3.73
3.75
4.08
4.50
4.41
4.14
3.98
4.14
3.76
3.50
4.05
3.70
3.78
3.76
3.34
4.07
3.55
3.88
3.89
4.27
3.32
3.43
3.29
2.55
3.29
3.47
3.06
2.77
3.63
3.35
3.09
2.95
3.56
4.17
4.33
3.68
3.69
4.20
3.60
4.40
4.42
4.33
3.87
4.04
3.35
3.50
3.40
3.33
3.79
4.16
3.23
3.98
4.30
4.08
4.45
3.35
4.38
3.64
3.27
3.07
3.82
3.45
3.24
2.86
3.16
3.52
4.16
3.75
3.39
3.48
3.34
3.16
3.30
3.88
3.88
2.69
3.66
3.59
3.11
3.40
3.07
3.31
3.12
3.11
3.28
3.11
3.27
3.57
2.93
3.54
3.53
4.10
3.40
3.38
2.78
3.33
3.79
3.41
3.62
4.04
3.30
3.63
3.98
3.81
3.81
3.40
3.35
3.57
3.75
3.91
3.11
3.25
2.50
3.27
3.74
3.48
3.45
3.58
3.70
3.56
3.65
4.05
4.15
4.13
4.57
4.59
4.44
4.18
4.35
4.26
4.06
3.91
4.55
4.36
4.37
4.17
4.53
4.29
4.33
4.69
4.19
4.23
4.19
4.48
4.80
4.42
4.32
4.23
4.38
4.62
4.03
4.04
4.43
4.49
4.66
4.20
4.41
4.15
4.62
4.46
4.28
4.19
4.56
4.31
4.48
4.52
4.42
4.47
4.56
4.66
4.59
4.41
4.12
4.72
4.65
4.94
4.32
4.62
4.49
4.51
4.84
4.47
4.84
4.39
4.43
4.51
4.82
4.54
4.59
4.31
4.14
4.64
4.94
4.66
4.77
4.70
4.50
4.35
4.59
4.45
4.89
4.78
4.65
4.94
4.32
3.90
4.61
4.67
4.47
4.81
4.76
4.82
5.06
4.88
5.15
4.63
4.71
4.97
4.95
4.27
4.84
4.84
4.39
4.37
4.24
4.53
4.65
4.85
4.82
4.47
4.49
4.53
4.81
4.54
4.63
4.91
4.21
4.44
4.65
4.71
4.28
4.44
4.05
4.72
4.16
4.63
4.74
4.47
4.96
4.49
4.21
4.34
4.12
4.26
3.87
4.64
3.79
4.32
4.53
4.24
4.44
4.48
4.43
4.22
4.33
3.41
3.63
4.60
4.50
4.52
4.18
4.58
4.44
3.87
4.05
4.73
4.44
4.60
4.18
4.72
4.45
3.85
3.77
3.88
4.50
4.49
4.01
4.05
3.61
3.61
3.71
3.93
3.60
3.97
3.73
4.14
4.19
4.31
3.99
4.18
4.19
3.84
4.29
4.15
4.15
4.39
4.14
4.16
4.09
4.02
3.94
4.20
4.13
4.18
4.62
4.33
4.42
4.04
3.44
4.09
4.09
3.87
4.21
4.45
4.53
4.45
4.18
4.08
4.04
4.13
4.47
4.08
4.40
3.79
4.12
4.04
4.18
4.18
4.37
4.21
4.61
4.10
3.69
4.56
3.56
4.05
3.94
3.75
4.26
3.73
4.03
3.67
3.89
3.80
4.06
4.12
4.05
4.15
4.05
4.21
3.75
3.67
3.80
3.99
4.39
3.82
4.38
4.12
4.26
4.14
4.07
4.44
3.80
4.45
3.68
3.86
4.10
4.07
3.67
4.36
4.24
3.78
3.77
3.90
4.11
4.28
4.69
4.72
3.65
4.47
4.19
4.45
3.89
4.26
4.15
4.17
4.79
4.23
4.56
4.63
4.41
4.34
4.28
4.18
4.13
4.32
4.51
4.34
4.49
3.73
4.17
4.29
3.97
4.59
3.91
4.06
4.60
4.39
4.36
4.31
3.96
4.17
4.56
4.01
4.30
4.08
4.15
4.06
3.94
4.01
4.19
4.15
3.87
4.18
4.48
3.59
4.34
3.85
4.32
4.38
4.45
4.23
4.42
4.46
4.02
4.21
4.55
4.34
4.87
4.43
4.99
4.64
4.68
5.16
4.69
4.87
4.50
5.03
4.69
4.51
4.46
4.25
4.80
4.24
4.58
3.98
4.04
4.95
4.61
4.36
4.58
4.52
4.47
4.60
4.11
4.72
4.48
3.67
5.06
4.38
3.78
4.30
3.98
3.63
4.16
4.67
4.16
4.63
4.31
4.68
4.62
4.22
4.30
3.90
4.37
4.10
4.28
4.54
4.93
4.61
4.09
4.53
4.71
4.98
4.56
4.69
4.20
4.47
4.52
4.38
4.25
4.25
4.74
3.61
4.26
4.86
4.43
4.84
4.46
4.71
4.68
5.09
4.59
4.21
4.62
4.59
4.66
4.29
4.43
4.35
4.65
4.38
4.03
4.26
4.30
4.42
4.91
4.84
4.24
4.70
4.34
4.51
4.48
4.04
3.90
4.30
4.26
4.45
4.26
4.51
4.87
3.70
3.95
4.12
4.02
4.04
4.40
4.66
4.52
4.43
4.35
4.54
4.35
4.48
4.62
4.85
4.06
4.81
4.54
4.89
4.47
4.14
4.90
4.36
4.27
3.95
4.09
3.86
4.36
4.95
4.59
4.50
4.77
5.19
4.69
4.58
4.42
4.63
3.61
4.76
4.49
4.68
4.73
4.70
4.31
4.39
4.60
4.84
4.92
4.55
4.46
4.47
4.37
4.49
4.20
4.55
4.55
4.78
4.40
4.20
4.85
4.56
4.40
4.39
4.98
4.24
4.55
4.29
4.72
4.38
4.31
4.55
4.34
4.53
4.68
4.56
4.42
4.70
3.86
4.41
4.43
4.40
3.89
4.29
4.17
4.37
4.19
4.12
4.15
4.36
4.34
4.58
4.41
4.26
4.49
4.07
4.39
4.14
4.19
4.20
4.32
4.42
4.38
4.19
4.23
4.43
4.31
4.37
4.26
4.52
4.48
3.94
4.03
4.35
4.33
4.03
4.20
4.13
4.56
3.84
4.33
3.88
4.44
3.77
3.99
3.89
4.22
4.41
4.48
4.14
4.22
4.30
4.23
3.78
4.06
4.06
3.96
4.45
4.24
4.42
4.41
4.25
4.48
4.25
4.11
4.12
4.12
3.97
4.04
3.96
3.88
3.96
4.23
3.99
4.23
3.94
4.19
4.36
3.96
3.71
3.79
4.00
4.14
4.16
3.97
3.92
4.22
4.19
3.85
4.01
4.15
3.98
4.21
4.08
4.26
3.84
4.03
4.30
4.17
4.09
4.39
4.27
3.83
3.69
4.13
4.14
4.13
4.19
4.07
4.20
4.34
3.89
3.94
3.93
4.16
4.31
4.19
4.19
4.35
4.18
4.06
4.22
4.16
4.15
4.25
4.48
3.78
3.78
4.35
4.25
4.12
4.06
4.14
3.98
4.26
4.64
4.07
3.99
4.82
4.08
4.16
4.06
4.17
4.28
4.17
4.09
4.25
4.07
4.58
3.97
4.29
3.89
4.31
4.11
4.06
4.37
3.92
3.77
4.31
4.46
4.11
4.11
4.21
4.16
4.24
4.49
4.21
4.30
4.01
3.95
4.08
4.56
4.26
4.33
4.14
4.09
4.18
3.92
4.09
4.23
4.31
4.28
4.18
4.15
4.07
4.08
4.10
4.21
4.41
4.06
4.32
4.11
3.97
4.09
4.25
4.19
4.12
4.20
4.28
4.44
4.32
4.13
4.05
4.15
4.06
4.14
4.38
4.14
3.83
3.78
4.04
3.91
4.50
4.59
4.39
4.19
3.97
4.12
3.85
4.64
4.33
3.77
4.26
4.05
4.08
4.35
4.09
3.90
4.16
4.31
3.99
4.26
4.32
4.27
3.80
4.66
4.02
4.27
4.36
4.54
3.69
4.31
4.25
3.91
4.22
3.88
4.07
3.85
4.06
3.74
3.98
4.08
4.38
4.88
4.26
4.36
4.07
4.17
4.23
4.30
4.10
4.23
3.96
4.02
4.23
3.93
4.22
4.24
4.32
3.92
3.88
4.05
4.28
4.11
4.05
4.24
4.03
4.21
3.84
4.40
4.15
4.24
3.84
4.12
4.11
4.38
4.02
3.87
4.14
3.90
4.00
4.24
3.70
4.30
4.27
3.73
3.90
4.08
4.09
4.06
4.16
3.96
4.24
3.96
4.05
3.94
4.01
3.87
3.51
3.98
4.12
3.90
4.14
4.03
4.19
4.54
4.32
4.11
4.51
4.33
4.21
4.62
4.00
4.52
3.93
4.28
4.52
3.92
4.39
4.56
4.45
4.51
4.33
4.44
4.28
4.02
4.57
4.31
4.25
4.16
3.98
4.29
4.34
4.24
4.10
4.44
4.07
4.03
4.67
4.26
4.50
4.27
4.17
4.45
4.31
3.96
4.10
3.88
3.81
4.68
4.59
4.42
4.18
4.61
4.26
4.13
4.52
4.40
4.54
4.32
4.26
4.01
4.37
4.47
4.49
4.52
4.49
4.31
4.23
4.49
4.46
4.09
3.81
4.14
4.51
4.65
4.03
4.44
4.25
4.13
4.18
4.24
4.01
4.36
4.25
4.32
4.52
4.18
4.40
4.24
4.41
4.30
4.10
4.16
4.23
4.11
4.33
4.52
4.33
4.66
4.35
4.33
4.49
4.30
4.33
4.17
4.76
4.44
4.49
4.52
4.44
4.44
4.69
4.28
4.34
4.48
4.52
4.34
4.23
4.19
4.29
4.06
4.11
3.97
4.78
4.11
4.28
4.29
3.88
4.14
4.02
4.55
4.40
4.30
4.51
4.44
4.35
4.66
4.13
4.14
4.14
4.12
3.98
4.09
4.03
3.99
4.31
4.46
4.25
4.44
4.18
4.47
3.92
4.03
3.89
4.12
4.31
4.30
4.34
4.66
4.36
4.34
4.27
4.35
4.47
4.29
4.53
4.39
4.13
4.48
4.37
4.30
4.18
4.76
4.41
4.32
4.30
4.56
4.28
4.33
4.50
4.48
4.60
4.39
4.47
4.08
4.34
4.35
4.50
4.51
4.06
3.96
3.98
4.05
4.24
3.93
4.16
4.48
4.07
4.03
4.11
4.25
4.01
4.24
4.38
4.19
4.46
4.01
4.15
4.29
4.18
4.07
3.73
4.20
4.54
4.31
4.33
4.15
4.53
4.12
4.50
4.51
4.48
4.59
4.00
4.15
4.35
4.58
4.08
4.43
4.36
4.15
4.57
4.41
4.00
4.25
4.48
4.66
4.32
4.57
4.43
4.00
4.28
4.38
4.51
4.35
4.01
4.28
4.15
4.40
4.55
4.63
4.34
4.34
4.39
4.23
4.24
4.20
4.30
4.28
4.38
4.31
4.12
4.30
4.36
4.55
4.15
3.99
4.46
4.02
4.38
4.23
4.29
4.40
4.58
3.81
4.22
4.23
3.72
3.87
4.23
4.10
4.06
4.06
3.95
4.00
4.22
4.16
4.37
3.73
4.06
4.17
4.03
3.88
4.37
4.28
4.16
3.84
3.91
4.19
4.11
4.38
4.29
4.35
4.14
4.46
4.12
4.16
4.18
4.15
3.83
4.06
4.36
4.37
4.42
3.74
4.27
4.33
4.40
4.19
4.29
4.37
4.65
4.20
4.35
4.18
4.03
4.35
4.34
4.20
4.33
4.36
4.16
4.12
4.41
4.42
4.19
4.54
4.75
4.62
4.09
4.42
4.26
4.40
4.19
4.20
4.49
4.24
4.40
4.46
4.10
3.62
3.78
3.94
3.95
4.27
4.19
4.14
3.89
3.77
4.24
4.06
4.40
4.09
4.06
4.29
4.15
3.95
3.86
3.96
4.38
4.61
4.03
4.26
4.25
4.39
4.13
4.27
4.55
3.96
4.36
4.54
4.77
4.51
4.64
4.69
4.55
4.51
4.48
4.28
4.03
3.86
3.78
4.67
4.18
3.97
4.30
3.99
4.34
3.79
4.29
3.87
4.21
4.09
4.41
4.54
4.47
4.14
4.38
4.30
4.16
3.98
4.10
4.00
4.21
4.19
4.24
4.12
3.49
4.18
3.97
3.83
4.11
4.13
4.27
3.97
4.27
4.44
4.21
4.27
4.16
4.52
4.13
3.92
4.04
4.20
4.54
4.19
4.77
4.49
4.64
4.81
4.17
4.33
4.07
4.03
4.48
4.30
4.20
4.04
4.39
3.88
4.25
4.08
3.93
3.91
4.02
4.25
4.46
4.36
4.32
4.28
4.60
4.29
4.20
4.16
4.47
4.30
4.23
4.25
4.47
4.44
4.29
4.09
4.05
4.19
4.12
4.32
4.44
4.69
4.11
4.51
4.41
4.21
4.08
4.09
4.12
4.37
4.44
3.91
4.30
4.41
4.32
4.13
4.29
4.13
4.44
3.42
3.74
4.14
3.44
4.11
4.06
4.28
3.91
3.80
4.10
3.85
4.66
4.07
3.90
3.89
4.40
4.37
3.94
3.95
3.83
3.68
4.36
4.28
4.21
4.33
4.21
4.27
4.31
4.41
3.96
4.13
4.02
4.36
4.12
3.86
3.90
4.07
3.97
4.21
4.14
4.09
4.41
4.12
3.98
4.19
3.79
4.15
3.62
3.89
4.01
4.11
4.10
4.10
3.94
4.18
4.14
4.43
4.12
4.10
4.25
4.41
4.24
4.33
4.08
4.13
4.25
3.99
4.32
4.33
4.20
4.09
4.26
4.13
4.32
4.65
4.17
4.34
4.15
4.34
4.32
4.05
4.32
4.16
4.17
4.34
4.32
4.19
4.24
4.14
4.03
4.06
4.28
4.13
4.09
4.62
4.28
4.16
4.16
4.26
4.03
4.01
4.38
4.28
4.49
4.09
4.13
4.41
3.97
4.23
4.18
4.22
4.20
3.94
4.19
4.15
4.17
4.08
4.22
3.87
4.17
4.10
4.44
4.25
4.23
3.88
4.11
3.95
4.26
4.09
3.98
4.26
4.57
4.48
4.43
4.66
4.19
4.10
4.52
4.29
4.52
4.24
4.52
4.59
4.56
4.40
4.15
3.97
4.46
4.26
4.36
4.40
4.66
4.38
4.40
4.19
4.19
4.18
4.04
4.69
4.01
4.07
3.88
4.21
4.17
4.00
4.09
3.95
3.97
4.45
4.08
4.34
4.54
3.97
3.73
4.46
4.40
4.30
4.21
4.40
4.12
4.39
3.99
3.95
4.18
4.30
4.47
4.12
4.27
4.31
4.45
4.09
3.86
4.16
4.02
3.87
4.15
4.25
4.84
4.57
4.66
4.45
4.50
4.80
4.03
4.36
4.58
4.11
4.07
4.07
3.98
4.27
4.66
4.42
4.46
4.22
4.26
4.28
4.45
4.53
4.36
4.32
4.41
4.28
4.29
4.38
4.25
4.47
4.17
4.27
4.21
3.86
3.88
3.75
4.49
4.26
4.13
4.30
3.95
4.35
4.29
4.67
4.49
4.30
4.37
4.59
4.03
3.93
3.68
4.09
4.11
4.21
4.57
4.46
4.05
4.37
4.15
4.40
4.55
3.92
3.78
3.80
4.11
4.53
4.12
4.43
4.38
4.51
4.19
4.69
4.66
4.36
4.06
4.68
4.65
4.28
4.14
4.62
4.42
4.34
4.28
4.32
4.27
4.48
4.39
4.18
3.82
4.33
4.50
4.52
4.58
4.41
4.17
4.88
4.47
3.66
4.06
4.03
4.02
4.28
3.84
4.66
4.00
4.27
4.03
4.36
3.86
4.46
4.48
4.52
4.34
4.37
4.05
4.12
4.38
3.91
4.41
4.84
4.49
4.08
4.12
4.16
4.40
4.10
4.48
4.31
4.11
4.53
4.24
4.52
4.41
3.84
4.27
3.63
4.00
3.91
3.55
2.82
2.97
3.53
4.11
3.88
4.61
3.94
4.25
4.40
4.42
4.43
4.41
4.23
4.18
3.99
4.17
4.40
3.97
3.96
4.27
4.79
4.09
4.47
4.65
4.32
4.20
4.26
4.46
4.01
4.40
4.32
4.29
4.34
4.23
4.32
4.63
4.51
4.33
4.42
4.37
4.40
4.07
4.45
4.29
4.60
4.42
4.32
4.26
3.97
4.52
4.52
4.53
4.30
4.58
4.58
4.27
4.07
4.67
4.33
4.17
4.24
4.44
4.28
4.11
3.99
4.39
4.20
4.40
4.48
4.63
4.16
4.37
4.34
4.33
3.69
4.15
4.22
4.27
4.35
4.39
4.20
4.14
4.28
4.31
4.62
4.35
4.34
4.17
4.28
4.33
4.11
4.19
3.91
4.19
4.63
4.45
4.03
4.18
4.02
4.03
4.42
4.47
4.53
4.24
4.27
4.26
4.43
4.32
4.16
4.45
4.33
4.47
4.15
4.26
4.41
4.28
4.06
4.40
4.52
4.11
4.45
4.06
4.48
4.67
4.31
4.64
4.24
4.23
4.21
4.16
4.40
4.40
4.46
4.40
4.38
4.59
4.05
4.26
4.11
4.22
4.64
4.63
4.07
4.55
4.09
4.08
3.99
4.15
3.92
3.89
3.72
4.31
4.48
4.23
4.45
4.21
4.50
4.49
4.32
4.39
4.02
4.04
4.02
4.44
4.46
4.46
4.54
4.13
4.51
4.06
4.38
4.17
4.60
4.06
4.52
4.45
4.35
4.13
3.89
4.20
4.41
4.19
4.06
3.80
4.18
4.01
4.27
4.23
3.96
4.27
4.41
4.43
4.11
4.27
3.98
3.79
4.38
4.33
4.55
4.30
4.34
4.40
4.36
4.08
4.89
3.93
4.33
4.18
4.31
4.30
4.43
4.04
4.70
4.42
4.68
4.19
4.36
4.24
4.24
4.59
4.34
4.50
3.97
3.96
4.31
4.14
4.31
3.89
4.20
4.39
4.24
4.25
4.59
4.72
4.68
4.53
4.15
4.26
4.38
4.32
4.20
4.35
4.38
4.10
4.52
4.60
4.26
3.99
4.42
4.16
4.54
4.13
4.32
4.32
4.34
4.20
4.55
4.51
4.42
3.99
4.53
4.37
4.21
4.05
4.14
4.32
4.37
4.26
4.27
4.23
4.57
4.10
4.41
4.44
4.58
4.20
4.44
4.37
4.08
3.90
4.23
3.98
4.50
4.04
4.18
4.08
3.92
4.10
3.94
4.01
4.17
3.56
4.03
4.06
4.57
4.08
4.71
3.84
3.83
4.11
3.88
4.57
3.80
4.35
3.96
4.77
4.54
4.30
4.13
3.99
3.90
3.97
4.17
4.35
4.31
4.49
3.99
4.16
4.04
4.13
3.97
4.11
4.54
4.61
4.42
4.07
4.22
4.32
4.13
4.38
4.16
4.44
4.36
4.26
4.20
4.38
4.39
4.26
4.11
4.03
4.52
4.22
4.57
4.31
4.17
4.36
4.20
3.72
4.74
4.22
4.01
4.54
4.29
4.56
4.23
4.69
4.52
4.25
4.53
4.68
4.56
4.56
4.24
4.73
4.66
4.91
3.79
4.34
4.46
4.87
4.27
4.06
4.10
4.33
4.10
4.06
4.16
4.33
3.95
4.17
4.10
4.27
4.23
4.16
4.46
3.98
3.84
3.85
4.15
4.54
4.28
4.72
3.78
3.97
4.23
4.36
4.09
3.97
3.95
4.31
4.54
4.44
4.31
4.48
4.24
4.70
4.27
4.24
4.11
4.17
4.19
4.19
4.50
4.45
4.22
4.52
4.14
4.39
4.33
4.30
4.42
4.29
3.93
4.79
4.56
4.41
4.38
4.30
4.20
4.25
4.67
4.53
4.39
4.53
4.63
4.05
4.50
3.94
4.25
4.69
4.15
4.28
4.32
4.67
4.56
4.52
4.21
4.46
4.38
3.99
4.25
4.29
4.21
4.86
4.00
4.65
4.61
3.97
4.28
4.36
4.63
4.36
4.42
4.57
4.18
4.48
4.74
4.04
4.18
4.45
4.27
4.64
4.45
4.59
3.95
4.30
4.33
4.49
4.49
4.34
4.43
4.68
4.62
4.28
4.46
4.13
4.47
4.76
4.70
4.48
4.65
4.17
4.13
4.36
4.33
4.16
4.50
4.13
4.73
4.34
4.53
4.21
4.20
4.10
4.11
4.46
4.41
4.32
4.35
3.45
4.35
4.93
4.24
4.16
4.23
4.58
4.19
4.30
4.70
3.95
4.67
4.65
4.48
4.38
4.60
4.25
4.27
4.51
4.48
4.41
4.29
4.75
4.30
4.37
4.54
4.34
4.23
4.48
4.25
4.32
3.90
4.45
4.44
3.82
4.60
4.28
4.77
4.13
4.26
4.36
4.71
4.51
4.46
4.54
4.53
4.25
4.06
4.35
4.55
4.41
4.30
4.43
5.04
4.31
4.37
4.73
4.16
4.05
4.55
4.30
4.38
4.21
4.43
4.29
4.20
4.22
4.28
4.33
4.23
4.33
4.32
4.08
4.31
4.01
3.96
3.78
4.25
3.51
4.01
4.23
3.66
3.96
3.97
3.72
4.00
4.00
4.18
3.86
4.01
3.67
4.12
3.75
3.56
4.19
3.59
3.79
3.14
3.51
4.41
3.61
4.14
4.08
4.45
4.22
4.07
4.04
4.39
3.99
4.37
4.44
4.30
4.09
4.10
3.93
4.13
4.17
4.14
4.41
4.36
4.31
4.06
4.09
3.97
3.90
3.87
4.00
4.20
4.05
4.03
4.22
4.04
3.85
4.21
4.11
3.96
4.26
4.32
4.13
4.00
3.91
4.22
3.96
3.97
3.85
4.11
3.99
3.80
4.20
4.26
4.30
3.97
3.94
4.18
4.16
4.11
4.52
4.25
4.45
4.07
4.04
3.82
4.25
3.63
3.65
3.94
3.81
4.09
4.05
3.77
4.43
4.41
4.05
3.87
3.87
4.02
3.84
4.07
3.93
3.85
3.94
3.83
3.71
3.71
3.68
3.96
4.07
3.78
4.13
4.25
4.27
3.58
4.26
4.39
3.89
3.57
4.19
4.46
3.47
3.81
4.20
3.63
3.99
4.25
3.94
4.09
4.35
3.90
4.14
3.65
4.29
3.96
4.26
4.13
4.23
4.34
4.17
4.56
3.97
3.26
4.22
4.60
4.44
4.35
4.18
4.46
4.25
4.34
4.32
4.36
4.40
4.22
4.30
4.39
4.19
4.20
4.30
4.32
4.20
4.22
4.58
4.49
4.02
4.09
4.39
4.74
4.31
4.00
4.74
4.09
4.30
4.66
4.62
4.17
4.27
4.42
4.71
4.51
4.11
3.74
4.01
4.38
4.39
4.22
4.63
4.30
4.60
3.51
4.61
4.32
4.44
4.33
4.89
4.73
4.47
4.68
4.41
4.88
4.50
4.52
4.21
4.24
4.05
4.20
4.41
4.36
4.55
4.45
4.54
4.29
3.93
4.25
4.14
4.09
4.25
4.01
4.13
4.29
3.77
4.14
4.21
4.26
3.99
4.32
3.89
3.79
4.71
3.95
4.28
4.25
3.84
4.43
4.36
4.18
4.38
4.20
4.00
3.50
4.28
4.47
4.39
4.11
3.81
4.55
4.52
4.70
4.34
4.66
4.37
4.32
4.21
4.23
4.22
4.48
4.73
4.43
4.10
4.32
4.06
3.99
3.57
4.57
4.19
3.97
3.78
3.97
3.72
3.95
4.18
4.24
4.28
3.91
4.28
4.60
4.64
4.36
4.84
4.97
4.95
4.84
4.21
4.21
4.20
4.74
3.86
4.17
3.89
4.82
4.86
4.78
4.31
3.88
4.64
5.00
4.44
4.51
4.97
4.58
4.25
4.57
4.65
3.91
3.95
4.25
4.54
4.74
4.68
4.48
4.66
4.81
4.72
4.75
4.84
4.61
4.43
4.56
4.17
4.71
4.89
4.41
4.47
4.10
4.48
4.08
4.55
4.38
4.92
4.31
4.55
4.66
4.18
4.62
4.52
4.84
4.19
4.70
4.19
4.47
4.17
4.42
4.23
3.49
4.54
3.88
4.63
4.30
4.18
4.22
4.41
4.25
4.28
4.53
4.34
4.58
4.14
4.26
4.15
4.52
4.26
3.77
3.89
4.00
4.19
4.01
3.93
4.17
4.37
4.09
4.00
3.90
3.77
3.78
3.48
4.18
4.13
4.34
3.95
3.56
3.89
4.09
3.81
3.82
3.77
3.70
4.03
4.05
3.48
3.97
4.13
3.74
4.16
4.02
3.79
4.04
3.89
3.60
3.80
4.01
4.35
3.87
3.72
3.68
3.70
4.14
3.78
3.77
3.59
3.90
3.57
3.69
3.65
3.88
3.83
3.56
3.96
4.28
4.05
3.98
3.77
3.74
3.75
4.02
3.95
3.59
3.82
3.81
3.70
4.04
3.64
3.85
4.15
4.18
4.15
4.05
4.04
4.02
4.28
3.92
4.13
3.87
4.11
4.60
3.73
4.12
4.09
3.97
3.90
3.84
3.95
3.77
3.92
4.31
3.66
4.22
4.02
4.22
3.53
3.88
3.98
3.73
3.89
3.77
3.96
3.91
3.71
3.79
4.50
3.86
3.97
3.73
4.44
4.03
4.56
3.84
4.63
4.01
3.56
4.48
3.98
3.92
4.13
3.80
4.02
3.44
4.05
4.51
3.91
4.07
3.95
3.88
4.14
3.74
4.61
3.60
4.13
3.90
4.18
4.27
4.06
4.27
4.12
3.99
4.23
4.09
4.25
4.28
3.81
4.00
4.12
4.09
3.76
4.23
4.40
3.94
4.05
3.92
3.94
4.08
3.64
4.33
4.11
4.20
4.48
3.92
4.09
4.02
3.89
4.09
4.08
4.08
4.29
4.42
4.41
3.64
3.96
4.42
4.25
3.93
4.02
4.18
4.27
3.89
3.81
4.09
4.48
4.38
4.27
4.44
4.64
4.33
4.21
4.13
4.11
4.14
4.66
4.19
4.38
3.97
4.03
4.03
3.92
4.25
4.06
4.61
4.49
3.72
3.92
4.26
4.74
4.31
4.52
4.18
3.94
4.38
4.46
4.18
4.42
4.44
4.12
4.36
4.26
4.03
4.28
4.53
4.18
4.12
4.21
4.58
3.96
4.20
4.59
4.18
4.00
4.33
3.86
4.24
4.28
3.82
4.09
4.79
4.07
4.32
4.46
4.30
4.26
4.54
4.25
4.14
4.23
4.44
4.15
4.46
4.23
4.22
4.30
4.16
4.37
4.12
4.04
4.53
3.85
4.44
4.44
4.07
4.51
3.95
4.16
4.44
4.18
4.31
4.48
4.51
4.35
4.40
5.00
5.28
4.76
3.93
3.77
4.48
4.34
4.31
4.63
4.35
4.25
4.15
4.15
4.47
4.28
4.11
4.52
4.31
4.77
4.31
4.27
4.21
4.12
3.98
4.01
3.94
3.96
3.80
3.78
3.72
3.80
3.99
4.18
4.10
4.29
4.23
4.17
4.46
3.79
3.78
4.05
3.88
4.06
4.11
4.18
3.95
4.44
3.87
4.24
3.84
3.79
3.94
4.22
4.15
4.36
4.34
4.43
4.16
4.63
4.27
4.29
4.58
4.41
4.54
4.61
4.35
4.12
4.16
3.98
4.30
4.55
4.48
4.60
4.83
4.61
4.54
4.28
4.40
4.25
4.34
3.97
4.02
4.03
4.01
4.68
4.32
4.36
4.11
4.87
4.62
4.28
4.46
4.03
3.87
3.89
4.24
4.31
3.93
4.30
4.50
4.71
4.29
4.18
4.45
3.87
3.79
4.26
4.24
3.61
4.50
4.30
4.36
4.30
4.46
4.03
4.31
3.06
4.44
4.33
4.27
3.98
4.17
3.79
4.36
4.20
4.29
4.24
4.29
3.30
4.54
4.20
4.63
4.58
4.56
3.86
4.02
4.16
4.12
3.99
4.07
4.44
4.43
3.81
3.80
3.34
3.97
3.87
4.18
4.19
4.75
3.84
4.34
4.18
4.28
3.80
4.21
4.57
4.52
4.37
4.17
4.30
4.56
4.43
3.90
4.20
4.30
4.40
4.25
4.47
4.47
4.57
4.41
3.95
4.25
4.15
4.65
4.16
4.06
4.31
4.30
4.36
4.45
4.23
4.52
3.77
3.96
4.20
4.21
4.20
4.45
3.84
4.43
4.19
4.08
4.18
4.17
4.11
3.80
4.22
4.36
4.31
4.44
4.32
4.19
4.21
4.19
4.20
4.36
4.34
3.31
3.72
4.28
4.52
4.36
4.37
3.97
4.34
4.24
3.79
3.82
3.41
4.57
4.32
4.21
4.58
4.36
3.94
3.28
3.55
3.78
3.47
3.57
3.53
3.47
3.85
3.77
4.18
4.63
4.25
4.54
4.33
4.09
4.88
4.87
3.94
4.34
4.50
3.93
4.36
4.31
4.52
4.33
4.82
4.18
4.37
4.09
4.72
4.22
4.61
4.38
4.20
4.27
4.33
4.67
4.69
4.19
4.27
3.47
4.34
4.19
4.27
4.13
4.06
3.79
4.07
4.18
4.37
4.43
4.61
3.97
3.86
4.12
4.22
3.60
3.91
3.88
3.66
3.82
3.89
4.28
4.55
4.27
4.27
4.54
4.25
4.31
4.36
4.21
3.20
4.48
4.06
4.27
4.09
4.27
4.00
4.37
4.08
4.14
4.08
4.12
4.34
4.11
3.92
4.36
4.25
4.11
4.09
4.23
4.43
4.08
3.98
3.81
4.31
4.37
4.02
3.93
4.04
3.97
4.53
3.84
4.26
4.43
4.15
4.47
4.28
4.21
4.66
4.17
4.40
4.35
4.29
4.33
4.71
4.27
4.13
4.04
4.43
4.08
3.88
4.31
3.74
4.01
3.98
3.73
4.18
4.15
4.19
4.11
4.70
4.19
4.35
4.46
4.56
3.71
4.22
4.27
4.07
4.48
4.03
4.28
4.29
4.47
4.43
4.06
4.89
4.95
4.53
4.55
3.94
4.38
4.46
4.14
3.86
3.93
4.76
4.29
4.56
4.24
3.99
4.19
4.36
4.51
4.32
4.23
4.48
4.72
4.45
4.52
4.17
4.50
4.48
4.65
4.56
4.49
4.27
4.40
4.11
4.21
4.21
4.47
4.40
4.74
4.33
4.25
3.94
3.96
4.12
3.65
4.23
4.00
3.95
3.92
4.22
4.11
4.31
3.95
4.19
3.93
4.15
4.09
4.11
4.03
4.08
4.20
4.58
4.47
4.31
4.50
4.05
4.28
4.35
4.53
4.47
4.08
4.27
4.01
4.27
4.25
4.10
4.41
4.53
4.29
3.79
4.55
4.43
4.19
3.99
4.22
4.70
4.19
4.52
4.46
4.65
4.82
4.34
4.32
4.21
4.29
4.92
4.85
4.60
4.61
4.67
4.74
4.56
4.34
4.10
4.26
4.68
4.47
4.42
4.20
4.92
3.86
4.48
4.07
4.07
4.09
4.39
4.23
4.51
4.63
4.47
4.17
4.29
4.72
3.92
4.00
3.94
4.16
4.32
4.16
4.76
4.89
4.38
4.55
3.90
4.05
5.07
4.55
4.84
4.25
4.57
4.28
4.20
4.20
4.40
4.32
4.07
4.42
4.18
4.10
3.88
4.25
3.92
4.24
4.10
4.06
4.47
4.46
4.22
4.58
4.06
4.19
4.32
3.90
4.05
3.98
3.94
4.23
4.44
4.44
4.57
4.20
4.40
4.49
4.18
4.14
4.27
4.48
4.44
4.22
4.19
4.50
4.09
4.22
4.17
4.22
4.50
3.92
4.26
4.28
4.35
4.58
4.47
4.28
4.60
4.16
5.03
4.91
4.18
4.43
4.64
4.90
3.91
4.34
4.63
4.92
4.55
4.34
4.41
4.32
4.45
4.45
4.31
5.11
4.94
5.14
4.48
5.18
5.02
4.54
3.77
4.31
4.51
4.65
4.61
4.18
4.12
3.75
4.60
4.26
4.41
4.14
4.58
4.58
4.42
4.56
4.22
4.13
4.26
4.55
3.87
4.49
4.52
4.31
4.28
4.31
4.64
4.26
4.51
4.52
4.47
3.93
4.21
4.31
4.17
4.33
4.06
4.54
4.45
4.52
4.44
4.19
4.37
4.61
4.76
4.41
4.13
4.15
4.46
4.06
4.18
4.29
4.48
4.26
4.32
4.25
4.17
4.52
4.26
4.01
4.18
4.58
4.28
4.46
4.88
4.53
4.42
4.22
4.44
4.06
4.33
4.65
3.87
4.06
4.48
4.13
4.08
3.83
3.92
4.07
4.44
4.37
4.46
4.27
4.22
4.13
3.84
4.44
4.23
4.15
4.07
4.24
4.02
4.16
4.21
4.02
4.37
4.07
4.42
4.10
4.08
4.18
4.40
4.23
4.24
4.36
4.27
4.23
4.29
3.87
4.14
4.29
4.21
4.45
4.36
4.07
4.39
4.05
3.77
3.68
3.76
3.95
4.25
3.98
3.65
3.93
5.16
4.71
4.33
4.38
4.52
4.25
4.22
4.23
4.40
4.95
4.21
4.83
4.33
5.01
4.57
4.69
4.81
4.74
4.28
4.39
4.43
4.83
4.67
4.30
4.02
4.61
4.75
3.94
4.23
4.27
4.76
4.41
3.94
4.12
4.29
4.57
4.28
3.97
3.95
4.17
4.26
4.50
4.23
4.17
4.28
4.32
4.26
4.56
4.38
4.55
4.14
3.87
4.14
4.11
4.54
4.57
4.14
4.15
4.14
4.63
4.34
4.87
4.63
4.56
3.66
3.99
4.21
4.22
4.28
4.38
4.60
4.12
4.02
3.93
3.82
4.06
3.95
4.21
4.04
3.93
3.90
4.45
4.04
4.18
4.75
4.01
3.95
4.16
4.32
3.79
4.01
4.60
4.03
4.19
3.96
4.07
4.54
4.42
3.90
3.95
3.89
4.18
4.03
4.28
3.78
4.03
4.88
4.41
3.94
4.13
4.46
4.65
4.10
4.04
3.91
3.91
4.01
4.36
4.03
4.20
4.43
4.17
4.17
4.12
4.29
4.23
4.20
4.13
4.00
4.11
4.32
4.41
4.24
4.00
3.84
4.32
4.20
3.92
4.15
4.11
4.08
4.21
4.24
4.17
4.50
4.33
4.32
4.30
3.72
3.92
4.15
4.07
4.01
4.32
4.37
4.10
3.87
3.86
4.30
3.75
4.24
4.26
4.50
4.68
4.64
4.79
4.88
4.86
4.50
4.50
5.31
5.07
5.61
5.07
4.76
4.98
4.70
4.79
4.85
5.21
4.61
4.90
5.07
5.04
4.86
4.94
5.28
5.27
4.56
4.44
4.52
4.64
4.67
4.36
5.06
5.13
4.64
4.77
4.69
4.81
5.12
5.56
4.96
4.89
4.97
4.99
4.72
4.89
4.78
4.88
4.94
4.72
5.17
4.68
4.93
4.96
5.03
4.80
4.78
4.91
4.93
4.87
4.59
4.83
5.40
5.11
5.23
5.25
5.16
5.03
5.17
5.16
5.14
4.75
4.79
4.60
4.80
4.78
4.93
4.87
4.84
5.13
4.63
4.53
4.71
5.15
4.69
4.55
4.75
4.80
4.86
5.23
4.80
5.05
4.55
5.04
5.19
5.47
5.50
5.40
5.12
5.02
5.30
5.12
5.11
5.23
5.02
5.17
5.34
5.24
4.94
5.17
5.25
5.12
5.25
5.30
5.17
5.13
5.24
4.95
4.74
4.83
4.50
4.39
5.00
5.19
4.89
4.74
4.90
4.71
4.95
4.71
4.48
5.19
5.20
4.71
5.37
5.02
5.53
5.72
5.29
4.89
5.03
5.04
4.96
5.16
5.31
5.76
5.39
5.20
5.01
5.01
4.60
4.91
4.90
5.00
5.05
4.55
4.97
4.56
4.91
4.44
4.95
4.76
4.69
4.93
4.93
4.63
5.06
5.03
5.39
4.40
4.92
5.09
5.33
5.37
4.62
4.59
4.70
4.97
4.45
4.18
5.00
4.91
4.77
5.03
4.82
4.50
4.55
4.67
5.61
4.87
4.95
5.24
5.19
5.26
5.34
5.32
5.62
5.23
5.05
5.20
5.39
5.03
5.00
6.01
4.81
4.97
4.73
5.15
4.67
5.37
4.83
5.32
5.56
5.50
5.45
5.31
5.58
5.14
5.14
5.03
5.50
5.11
5.65
5.31
5.27
4.99
4.97
5.51
5.45
4.97
4.54
5.54
5.72
5.41
4.91
5.47
5.71
5.36
5.06
5.39
5.32
5.29
5.37
5.57
5.62
5.05
4.96
5.28
4.53
4.86
4.99
5.41
5.46
5.69
5.55
5.27
5.40
5.58
5.34
5.72
5.57
5.74
5.45
5.36
5.89
5.46
5.37
5.49
5.02
5.27
5.51
5.55
5.13
5.09
5.30
5.63
5.64
5.77
5.74
5.99
5.38
5.57
5.17
4.99
5.16
5.12
5.56
5.74
5.12
4.78
4.83
5.09
5.27
4.93
5.26
4.83
5.28
5.27
5.05
4.97
5.77
4.94
5.24
5.19
5.07
5.28
5.33
5.23
5.41
4.78
5.24
5.15
5.10
4.87
5.10
4.46
4.73
5.40
5.34
4.78
4.84
5.02
5.53
4.85
5.19
5.28
5.70
5.55
5.76
5.17
5.43
5.66
5.29
5.69
5.13
5.52
5.54
5.81
5.78
5.60
5.39
4.73
5.00
5.09
5.07
4.75
4.87
5.08
4.80
5.27
5.07
5.16
5.00
5.18
5.94
4.85
4.88
4.97
5.29
5.45
4.90
5.39
5.46
5.54
5.35
4.82
4.86
4.79
4.98
5.06
4.99
5.11
4.98
5.47
5.22
5.44
4.86
5.53
5.14
4.95
5.49
5.58
5.51
5.10
5.05
5.01
5.00
5.58
5.87
5.56
5.41
5.23
5.33
5.05
5.20
5.12
5.23
5.55
5.35
5.54
5.48
5.30
5.56
5.41
5.82
5.82
5.37
5.21
5.57
5.58
5.10
5.59
4.99
5.30
5.50
5.39
5.46
5.65
5.33
4.99
5.27
4.91
4.85
4.70
4.70
4.94
4.98
5.05
5.34
5.40
5.16
5.39
5.48
4.98
5.34
5.53
5.16
5.45
5.08
5.05
5.19
4.90
5.08
5.65
5.84
5.23
5.10
5.30
4.80
5.40
5.16
5.11
4.59
5.25
5.34
4.65
5.37
5.03
5.26
5.00
4.67
5.42
5.05
4.82
5.10
5.49
5.29
5.12
5.54
5.24
4.90
4.85
4.59
4.48
4.40
3.78
4.58
4.55
4.59
4.59
4.74
4.75
4.79
4.49
4.77
4.88
4.24
4.60
4.38
4.33
4.27
4.79
4.44
4.84
4.90
4.52
4.86
4.83
5.00
4.65
4.74
5.24
4.22
4.43
3.90
4.35
4.60
4.89
4.47
3.98
4.72
4.40
4.71
4.29
4.17
3.64
4.16
4.47
4.56
4.43
4.59
4.67
4.98
4.66
5.00
4.53
4.90
4.81
5.15
5.20
4.79
4.94
5.09
4.85
5.29
4.64
4.78
5.12
5.29
5.13
5.15
5.08
4.77
4.77
4.96
4.41
4.86
5.46
5.13
5.09
4.85
4.75
5.04
4.99
5.29
5.23
4.87
4.52
5.20
5.19
4.56
4.08
4.62
4.27
3.66
4.67
4.24
4.34
4.45
4.70
4.32
4.59
4.30
4.29
5.05
4.86
4.07
4.80
4.17
4.53
4.64
4.50
4.49
4.47
4.40
4.28
4.42
4.98
4.30
4.60
4.21
4.67
