4.14
2.31
4.20
4.44
3.99
3.26
3.41
3.04
3.87
3.17
4.37
2.44
3.84
3.59
3.29
3.28
3.53
4.24
4.44
4.63
4.04
3.31
4.36
3.76
3.62
2.70
3.27
3.84
3.29
4.33
4.33
4.29
4.07
4.56
3.92
4.02
3.85
4.18
3.71
4.03
4.40
4.18
3.42
3.62
2.62
3.39
3.13
3.11
3.54
3.49
3.29
4.47
3.80
4.79
4.55
4.93
4.09
4.09
4.80
5.18
5.21
5.43
5.39
5.54
5.31
5.93
5.37
5.09
4.86
5.99
4.83
5.03
4.50
3.69
4.66
4.62
4.86
5.27
4.27
3.88
4.04
4.71
5.07
4.41
4.61
5.97
5.90
5.56
6.44
6.47
5.85
5.44
5.48
5.47
5.94
5.46
5.82
5.97
6.45
5.84
5.81
6.50
6.45
6.14
5.98
5.89
5.88
6.26
6.23
6.24
5.63
6.34
6.71
6.48
6.53
6.82
6.22
6.40
5.78
5.79
6.19
5.47
6.05
6.21
5.91
6.38
5.57
5.67
6.35
5.17
5.45
6.27
5.72
5.49
6.41
6.34
6.29
6.16
6.18
6.02
5.85
5.62
5.60
5.96
6.16
5.66
5.86
5.62
5.74
5.72
5.99
6.02
4.97
5.10
6.23
5.86
6.70
5.60
4.88
5.07
4.84
4.99
5.42
6.17
5.62
4.74
5.07
4.93
5.87
5.95
5.96
6.11
6.00
5.61
5.58
5.22
5.93
5.63
6.21
5.51
5.04
6.14
5.70
5.74
5.30
5.75
4.18
6.42
5.96
5.71
5.98
5.50
5.73
6.38
6.74
4.43
5.47
5.98
5.14
5.53
4.97
5.82
5.85
4.70
4.29
4.15
6.04
5.21
5.66
4.83
4.83
6.26
6.76
5.97
5.59
5.12
5.95
4.77
5.09
5.52
4.96
4.94
5.71
6.14
5.79
5.70
5.14
6.01
5.40
5.13
4.99
4.60
4.18
4.48
4.84
4.73
4.73
4.39
5.02
4.69
4.44
4.60
4.87
4.80
4.44
4.91
4.81
5.54
5.16
5.52
5.64
5.57
5.65
4.33
5.04
4.77
5.33
4.94
4.54
4.46
4.58
5.01
4.84
4.61
4.10
4.17
5.33
4.26
4.62
5.78
4.07
5.11
4.98
4.90
4.70
5.37
5.17
5.28
4.79
4.70
4.26
6.42
5.86
5.94
6.01
5.98
5.72
5.60
5.57
5.07
5.31
5.40
5.29
5.09
4.99
5.53
4.95
5.11
5.34
5.13
5.37
5.70
6.15
5.45
5.19
5.60
5.26
5.05
5.69
4.94
5.19
5.77
4.68
4.81
6.02
5.33
5.96
4.87
5.88
5.76
6.18
6.41
6.59
6.68
5.95
5.91
5.25
4.86
4.19
5.03
5.21
5.09
5.30
4.63
5.69
5.45
6.07
5.44
5.82
5.79
5.31
5.22
4.41
5.03
4.45
3.53
5.62
5.61
3.95
5.13
4.27
4.79
4.05
4.97
4.45
4.56
5.37
3.73
5.64
4.45
3.71
4.40
4.57
6.24
5.47
5.77
6.03
5.86
5.69
6.94
6.47
4.73
4.66
4.96
5.02
5.21
5.77
5.44
5.65
5.10
5.06
4.97
4.23
4.46
4.75
4.54
4.23
3.95
3.87
4.97
4.90
4.96
4.33
2.99
4.34
4.59
3.49
4.44
3.44
4.57
4.38
3.27
3.86
4.33
4.76
5.04
4.58
4.28
5.26
5.57
4.68
4.51
3.84
5.14
4.97
4.46
4.13
4.13
4.34
4.43
3.45
4.15
4.56
4.48
4.84
3.67
4.16
4.12
5.03
4.83
4.58
5.53
4.67
4.47
4.32
5.34
3.65
3.43
4.03
4.22
6.20
5.42
5.66
5.95
6.07
5.68
5.82
5.73
5.87
6.15
5.34
5.72
6.02
5.03
4.75
5.06
3.90
4.04
4.56
3.39
3.74
2.97
3.19
4.37
4.26
3.11
3.40
3.16
3.25
3.03
3.11
2.92
3.09
3.26
2.59
2.56
2.85
4.25
3.20
3.17
3.18
3.86
3.49
4.21
2.31
3.20
3.08
2.68
2.81
3.35
2.82
3.04
3.01
3.19
2.77
3.44
3.49
3.71
3.62
2.67
2.57
3.09
3.37
3.34
3.54
2.44
3.55
3.19
3.84
3.72
3.12
3.18
3.55
2.76
2.61
2.15
2.83
2.90
2.39
2.43
3.55
2.48
3.46
2.81
2.60
2.47
3.53
3.64
3.43
3.18
4.89
4.76
5.07
4.73
4.02
3.58
3.45
4.11
4.15
3.90
3.67
3.84
3.84
4.21
3.72
4.44
3.27
2.87
2.48
3.04
3.45
3.31
2.68
2.90
3.31
2.08
3.21
4.03
2.84
3.71
4.10
4.63
4.16
4.38
4.32
4.57
4.97
4.66
4.72
4.78
4.32
4.04
4.63
4.99
4.96
3.96
2.67
3.15
2.95
3.36
3.63
3.82
4.21
4.48
4.14
3.99
4.12
2.68
2.76
3.64
4.40
4.18
3.49
3.80
3.19
4.40
3.83
4.51
4.18
4.30
3.63
3.75
3.40
3.10
4.79
3.91
2.60
4.48
3.63
3.82
4.11
3.92
3.78
3.64
3.03
3.79
3.18
3.85
3.86
3.86
4.16
4.29
3.48
4.30
4.32
3.96
3.79
3.50
3.57
3.85
4.26
4.32
3.52
3.76
3.76
3.51
4.06
3.88
2.56
2.80
3.06
2.39
2.58
2.12
2.17
2.72
2.99
2.88
4.14
3.87
3.64
3.12
3.13
3.77
3.29
3.51
3.67
2.76
3.29
3.62
3.51
3.44
2.32
4.07
4.09
3.39
2.25
2.83
4.63
4.90
3.87
3.98
3.52
5.11
5.04
5.40
4.36
4.59
4.53
5.07
5.75
5.34
4.95
5.84
4.60
4.39
4.09
4.52
4.61
4.73
4.85
4.77
4.29
4.21
5.37
3.82
4.92
4.24
3.89
3.84
3.60
4.97
4.32
3.90
4.51
3.68
4.21
4.47
3.78
4.52
3.83
3.91
4.14
4.21
4.06
3.96
4.94
4.69
4.57
4.68
5.20
4.73
3.87
3.85
3.74
4.41
4.73
5.14
4.76
5.66
4.55
5.19
4.18
4.16
3.78
4.45
4.28
3.95
4.56
4.37
4.04
4.56
4.87
5.63
5.49
4.38
6.51
4.25
5.88
3.97
4.17
4.59
3.74
5.40
4.16
4.22
3.55
5.27
3.08
5.19
3.83
4.70
5.32
3.61
3.33
4.00
3.98
3.60
4.61
5.91
5.76
4.81
5.33
5.49
4.58
3.31
3.33
4.05
4.29
4.76
3.49
4.96
4.13
4.00
5.00
4.65
4.79
6.00
5.18
3.85
5.15
4.69
4.45
4.17
4.13
5.00
5.13
4.94
5.97
6.12
4.79
4.15
5.24
3.50
4.37
3.55
3.60
4.13
4.63
3.81
4.60
4.60
3.87
4.96
5.22
3.81
4.38
5.18
4.45
5.20
5.83
5.51
5.95
3.90
4.72
4.65
4.08
4.79
5.40
4.10
3.99
3.75
4.10
3.90
4.12
3.32
4.08
4.01
4.60
3.09
4.50
4.38
6.04
5.88
5.21
5.32
5.53
5.11
6.11
6.35
6.49
5.59
5.50
6.08
5.60
4.95
5.29
5.68
6.47
5.77
5.60
5.43
5.77
4.63
5.00
4.71
5.53
5.46
5.77
5.75
5.33
5.41
5.91
4.88
5.19
5.65
5.73
5.43
6.11
6.13
5.78
5.96
5.60
5.95
6.11
5.96
5.57
5.27
5.60
5.62
5.58
6.06
6.47
6.02
6.34
6.19
6.09
5.81
5.85
5.54
5.89
5.74
5.97
5.87
6.22
5.98
5.16
5.87
5.59
5.11
5.99
6.24
6.21
6.02
6.08
6.08
6.09
6.31
6.43
5.54
6.18
5.77
6.02
6.03
5.83
6.17
5.40
5.66
5.83
5.84
4.72
4.75
4.30
5.67
5.68
5.98
6.78
5.60
6.31
6.29
5.42
5.32
6.21
6.32
6.25
4.84
5.36
5.32
5.49
5.89
5.85
5.64
6.12
6.43
5.95
5.61
5.55
5.55
6.06
5.18
6.11
6.12
5.31
5.80
5.85
5.30
6.05
4.97
5.75
6.07
6.39
5.92
5.65
5.84
5.46
5.65
5.90
6.22
6.32
6.18
5.94
6.08
6.02
5.70
5.52
6.20
6.22
6.11
5.47
6.27
5.94
6.08
5.93
5.91
5.77
5.57
5.77
5.67
6.04
6.06
5.69
5.65
4.64
4.26
4.41
4.12
4.65
4.06
4.57
2.95
3.93
5.58
5.17
5.44
5.32
5.05
4.49
4.51
4.29
4.58
4.68
4.93
5.55
5.03
4.88
4.73
3.98
4.94
4.53
5.51
4.86
4.60
5.06
4.40
4.98
4.97
4.82
4.71
5.39
4.95
5.38
4.84
5.00
5.10
5.47
4.78
4.93
4.51
4.88
4.96
5.02
4.74
5.23
5.49
5.93
5.34
5.05
4.86
4.53
5.43
4.81
4.84
5.40
5.56
6.33
6.55
5.46
5.74
5.26
6.39
5.86
5.86
5.31
5.05
5.12
6.06
3.96
5.99
5.66
5.92
5.58
5.25
4.66
5.89
6.37
5.60
5.44
5.06
6.73
6.93
6.40
5.74
4.54
6.04
4.97
4.94
3.72
4.99
5.25
5.06
4.94
6.42
5.08
5.27
5.82
4.74
5.50
4.64
4.23
5.53
5.93
4.40
5.28
5.79
5.75
6.78
6.38
5.82
6.15
5.08
4.89
5.72
5.47
6.61
6.52
6.49
6.07
5.64
5.25
5.41
4.80
6.08
5.98
4.60
4.90
5.94
5.09
5.27
6.35
6.05
6.05
5.96
5.14
5.39
6.25
5.60
6.19
6.46
5.92
6.07
6.48
6.00
6.19
6.51
5.88
5.70
6.63
6.20
6.77
6.36
7.00
6.84
6.44
6.09
5.96
4.80
5.58
6.40
5.72
6.58
6.10
6.27
6.28
6.94
7.82
5.23
6.09
5.67
5.98
5.89
4.37
5.22
5.42
5.99
4.81
5.67
5.50
5.41
5.51
5.56
6.32
6.91
5.46
6.41
5.95
6.85
5.83
6.69
7.38
6.75
6.60
6.31
6.57
6.48
6.22
7.82
8.10
7.04
7.63
7.06
6.58
6.18
6.54
6.99
6.91
6.63
6.62
4.97
5.93
6.27
6.47
5.58
6.52
6.74
6.29
6.48
6.17
5.52
6.81
7.20
6.29
7.09
7.36
6.80
7.17
6.75
7.41
5.90
6.09
6.20
6.16
6.52
6.57
5.57
6.67
6.71
5.68
6.22
6.77
7.07
6.13
6.87
6.93
6.03
7.02
7.17
5.87
5.89
6.63
5.52
5.23
5.70
4.77
5.90
5.71
5.84
6.59
7.76
6.65
6.41
6.50
7.04
6.77
6.90
5.98
6.82
6.97
6.74
6.59
7.06
7.69
7.50
6.71
6.57
5.95
7.34
6.99
7.23
6.97
5.87
6.16
6.66
7.65
6.84
6.25
5.77
6.42
5.72
5.55
6.58
6.39
6.81
7.90
6.23
7.70
7.48
6.46
7.41
6.33
6.90
6.37
6.62
6.52
5.44
6.17
6.43
6.18
6.52
6.68
6.49
5.76
5.95
6.01
5.45
5.73
5.35
6.50
5.54
5.85
6.76
6.00
4.85
6.04
7.39
5.73
5.46
5.79
6.28
6.36
4.80
5.41
6.69
6.70
6.69
6.86
6.52
6.67
7.02
7.22
7.16
6.27
7.12
5.87
6.04
6.41
6.45
6.18
5.98
6.17
6.32
5.90
6.72
7.09
6.75
7.13
4.97
5.70
6.85
6.32
5.58
6.64
6.70
6.00
6.61
6.36
6.40
6.01
6.10
6.05
6.37
6.30
7.31
7.33
6.84
6.14
7.25
6.22
6.27
6.30
6.57
6.27
6.22
7.37
6.32
6.54
5.96
7.19
6.72
7.25
7.94
7.17
7.17
6.25
7.34
6.97
7.56
6.57
6.15
6.74
6.65
5.74
6.38
6.86
6.84
6.79
6.88
6.27
6.29
5.97
6.75
7.06
7.01
7.10
7.29
7.06
7.34
7.60
6.50
6.55
6.97
6.94
6.79
6.98
6.77
6.27
6.01
6.17
6.56
6.67
6.62
5.96
6.27
5.41
6.44
6.00
5.73
6.95
6.59
7.30
7.13
6.84
6.93
6.02
7.68
7.26
7.35
6.59
5.71
7.77
5.81
5.49
7.39
7.47
7.01
8.38
7.11
6.75
7.86
8.17
6.02
6.45
6.01
5.49
5.99
4.78
5.69
6.30
5.61
5.93
5.43
5.03
7.20
7.19
7.44
6.62
8.00
7.52
6.84
7.20
6.80
6.98
7.59
7.00
6.33
6.77
7.01
7.39
7.00
6.79
6.64
5.12
7.01
7.67
7.93
7.54
8.49
8.31
7.84
8.49
8.10
8.17
8.30
7.83
8.23
8.21
8.44
8.38
8.36
8.35
7.87
7.48
8.52
8.40
8.09
6.90
7.25
5.65
6.51
5.86
6.91
6.80
6.90
7.29
6.33
6.93
7.66
7.21
6.86
7.56
7.04
7.25
7.33
7.39
6.66
6.05
6.13
7.09
6.05
5.73
6.24
6.45
6.76
6.73
6.56
7.88
6.47
6.34
7.40
5.94
6.31
7.23
7.71
7.47
7.28
7.40
5.77
5.90
6.74
5.90
7.81
6.87
7.05
6.92
6.31
5.93
7.07
6.14
7.00
6.74
5.38
6.51
6.13
6.04
6.38
6.08
6.54
6.12
6.26
5.85
5.86
6.42
6.18
7.53
7.34
6.86
6.84
6.39
6.19
5.89
5.40
4.41
5.20
4.17
4.40
4.52
5.29
4.93
4.78
4.46
4.16
4.38
4.63
4.62
5.40
4.69
4.19
5.00
4.57
4.14
4.15
4.60
4.64
4.46
5.14
5.02
5.23
5.31
4.10
5.16
4.81
5.01
4.33
4.51
4.87
4.13
4.09
4.75
4.42
5.11
4.45
5.63
4.17
4.11
4.93
3.73
4.41
4.03
4.11
4.28
4.21
3.97
4.58
4.41
4.91
4.23
4.89
5.15
5.03
4.49
4.50
4.78
5.06
4.22
4.46
4.55
4.40
4.31
4.69
5.15
5.20
4.12
4.46
4.65
4.41
4.20
4.55
4.68
4.50
4.01
4.23
4.63
5.44
4.78
4.11
4.42
4.18
4.56
4.34
4.28
4.35
5.77
6.09
5.32
4.71
5.68
6.04
6.16
6.40
6.31
6.45
5.42
5.90
5.99
5.66
5.89
5.95
5.76
6.08
6.00
6.54
5.94
5.32
5.25
5.75
6.54
5.76
6.57
6.60
6.53
6.81
6.69
6.10
5.93
6.08
6.86
6.33
6.43
6.03
6.05
5.55
6.35
6.51
6.66
6.78
5.54
6.03
6.16
6.11
5.51
6.83
6.82
6.51
5.18
6.57
6.35
6.30
6.74
6.35
6.54
6.65
5.97
5.63
7.28
6.57
6.44
7.18
6.33
6.50
7.05
6.25
6.45
7.44
8.37
7.07
6.41
7.63
7.01
5.93
6.04
7.56
6.39
7.10
6.52
7.49
8.08
7.25
6.87
6.48
5.95
6.87
7.09
7.38
7.40
7.53
7.65
7.87
7.22
7.46
7.46
7.73
7.46
7.92
6.82
7.90
6.47
7.44
7.43
7.88
7.15
7.94
7.73
8.15
7.64
7.65
7.51
8.22
7.24
7.56
6.92
7.81
7.93
7.97
7.02
7.25
7.27
6.30
7.32
6.86
7.48
7.26
6.45
6.95
6.22
7.13
7.49
7.16
7.85
7.55
7.63
7.30
7.76
7.61
7.01
8.26
7.41
8.45
7.63
7.48
7.74
8.27
7.83
7.50
8.51
7.75
9.57
7.43
7.41
8.80
7.09
7.39
6.26
6.78
6.57
5.75
5.94
6.27
5.90
6.45
7.39
7.43
7.17
6.93
6.43
5.77
6.25
6.74
6.20
6.07
6.69
6.73
5.04
5.71
6.95
6.38
5.43
4.78
5.83
6.01
4.94
6.03
5.47
5.00
5.49
5.01
5.06
6.07
6.57
5.17
5.81
5.10
4.56
5.55
5.86
6.03
5.18
5.42
5.27
5.61
4.94
4.46
4.78
5.55
5.48
5.16
6.32
6.43
6.06
6.17
6.47
6.16
6.89
6.27
6.05
5.90
5.51
5.23
5.46
6.62
4.63
4.96
6.08
6.17
6.84
5.20
5.67
4.44
4.28
5.28
4.46
5.03
4.46
5.28
4.84
5.47
6.14
5.63
5.59
5.61
5.24
6.37
5.67
5.81
6.07
6.65
6.17
5.41
6.16
6.31
6.01
6.31
5.21
6.09
6.16
4.95
4.84
5.64
6.53
6.15
5.88
5.32
6.39
7.65
7.50
6.10
6.33
6.69
6.92
6.22
7.11
6.94
7.70
6.86
6.10
5.62
5.87
6.64
5.46
4.95
5.75
6.06
5.46
7.39
6.87
7.71
7.43
6.05
5.81
5.81
4.23
4.75
5.03
4.38
5.33
7.25
6.36
5.42
5.51
5.57
6.09
4.98
5.29
4.66
5.32
5.84
5.20
6.00
5.41
5.25
4.62
4.38
5.09
5.27
5.14
4.51
4.98
4.19
4.52
3.99
3.81
4.45
4.30
4.19
3.42
3.93
3.72
4.04
4.35
4.22
3.64
4.22
4.15
3.73
3.55
3.59
2.99
4.08
4.79
3.77
3.94
4.91
4.56
3.38
4.10
2.70
4.90
4.55
3.99
3.86
3.93
4.64
4.27
4.14
3.55
4.10
3.72
3.48
3.54
3.70
4.65
2.77
3.15
4.17
3.88
3.90
4.18
3.49
4.06
4.61
4.52
4.12
3.57
2.47
3.64
3.58
3.03
2.88
3.48
2.53
3.61
3.18
3.78
3.55
2.63
3.17
3.19
3.90
3.25
3.34
3.65
3.62
4.09
3.83
2.42
3.44
2.88
3.47
3.31
2.81
3.39
2.22
3.57
2.92
2.91
3.44
3.06
3.47
4.05
2.63
3.07
3.69
2.75
4.32
4.67
4.65
3.64
4.38
3.80
4.41
4.54
4.14
3.72
3.18
4.20
4.50
4.11
4.00
4.15
4.67
4.29
4.53
4.58
3.99
4.52
4.40
4.40
4.09
3.87
4.54
4.50
4.14
4.21
4.04
4.86
4.11
4.80
4.60
4.97
4.35
4.22
4.32
4.56
3.91
4.91
4.55
4.38
4.83
4.07
4.12
4.40
4.68
5.14
4.29
3.84
4.36
4.46
4.62
4.91
4.68
4.58
4.24
4.37
4.62
4.09
4.11
3.89
4.04
4.72
4.27
4.07
3.46
4.40
4.45
4.48
5.69
4.95
5.64
6.03
6.44
5.64
4.55
5.74
4.57
5.97
6.16
5.45
5.04
4.94
5.34
5.13
5.43
4.98
4.92
4.74
3.26
4.58
4.36
4.59
5.53
4.74
5.41
4.50
5.03
2.99
3.75
4.99
4.83
4.20
4.58
4.42
4.74
4.66
4.01
4.41
4.83
4.48
4.90
4.34
4.46
4.21
4.78
4.44
5.41
5.18
4.46
5.05
4.46
4.92
4.67
4.81
4.33
4.31
4.73
4.48
4.15
4.27
4.55
4.01
4.46
4.42
4.29
4.06
5.00
4.93
4.72
4.37
4.34
4.19
4.50
5.26
4.01
4.66
4.89
4.51
4.72
4.01
3.36
4.56
4.19
4.16
4.56
4.68
4.19
4.29
4.49
5.17
5.06
4.07
3.14
4.01
4.41
4.44
3.61
4.39
4.43
3.74
4.61
4.82
4.99
4.41
4.52
4.57
4.25
4.70
4.60
4.54
4.61
4.83
3.63
4.63
4.23
4.74
4.77
4.54
4.69
4.84
4.52
4.75
5.28
4.58
4.71
5.01
5.18
4.58
4.60
4.71
5.04
5.25
5.04
4.87
4.93
4.67
4.62
4.85
4.62
4.77
4.39
5.14
4.79
4.23
3.84
4.45
4.10
5.16
5.10
5.23
5.18
4.57
4.52
4.17
4.35
5.34
4.31
4.93
5.16
5.02
4.88
3.49
4.92
5.14
5.11
5.09
3.97
5.24
5.35
3.29
3.87
3.86
3.93
4.29
3.47
5.03
4.23
4.38
4.68
4.61
4.19
4.65
4.82
4.43
4.54
4.57
4.67
4.82
5.04
4.33
4.90
4.39
4.22
3.95
5.02
4.21
4.86
4.17
4.12
4.17
4.52
4.78
4.50
5.74
5.17
5.96
5.15
4.60
4.91
5.12
5.09
5.17
5.07
5.17
4.88
4.74
5.06
4.85
5.28
4.31
4.56
4.33
4.40
4.41
4.60
5.16
5.23
4.13
4.43
4.26
4.48
4.98
4.48
3.70
5.52
4.28
4.42
3.43
4.60
4.84
4.78
4.28
4.05
4.16
4.74
4.75
5.26
4.28
3.85
4.80
3.75
3.71
3.61
3.88
3.27
4.53
4.38
3.60
3.66
3.44
3.46
3.67
3.69
4.03
3.77
3.93
3.50
3.17
3.76
4.29
4.21
4.18
4.16
3.79
4.43
4.98
4.95
5.13
4.76
4.23
4.64
3.67
4.33
3.63
3.80
3.52
3.12
4.30
4.63
3.66
3.46
4.09
4.82
3.59
3.24
4.63
3.46
4.36
4.41
4.36
3.89
3.37
3.32
3.90
4.43
3.98
3.67
3.05
4.69
4.34
4.88
3.84
4.17
3.76
3.84
3.95
4.07
3.58
3.99
4.31
3.66
3.40
4.33
4.23
4.12
4.39
4.45
4.27
4.49
4.75
4.16
4.30
4.73
3.78
4.64
3.83
3.74
3.73
4.88
4.23
3.86
3.98
4.42
4.07
3.82
3.60
4.06
3.89
4.11
3.31
3.98
4.24
3.56
4.14
4.20
3.90
4.18
4.32
4.48
3.54
3.40
2.61
3.92
4.53
5.24
4.36
4.66
4.86
3.73
4.15
4.03
5.11
4.06
4.74
5.67
6.23
5.74
5.64
5.23
5.53
5.90
5.71
5.73
5.41
5.09
5.59
5.58
4.44
5.87
5.77
5.59
4.93
4.96
5.14
5.49
5.72
6.12
5.71
5.76
6.23
5.29
5.39
5.98
5.58
5.72
6.29
5.18
5.35
5.75
5.47
5.55
5.61
5.63
5.91
5.35
6.34
6.57
6.79
5.55
5.79
6.08
5.86
6.06
6.73
5.70
6.17
5.97
6.83
5.87
6.27
5.71
6.00
6.27
5.63
5.59
5.74
6.39
5.09
5.05
4.84
4.19
4.11
4.55
4.17
4.22
4.07
4.38
4.57
4.84
3.29
3.50
2.47
4.60
5.67
5.33
4.69
4.09
4.87
4.48
5.45
4.73
5.20
5.41
4.26
4.87
5.00
3.44
4.12
4.13
3.97
4.28
4.22
4.60
4.43
4.96
4.41
4.42
4.16
5.64
5.26
5.19
4.26
5.63
5.78
5.62
6.23
5.95
5.64
5.48
6.28
6.06
5.77
5.78
6.20
5.88
5.10
5.50
6.32
5.94
5.57
6.27
5.81
6.45
5.57
5.15
5.33
5.91
5.37
5.64
5.40
5.59
5.77
5.86
4.92
4.85
5.35
4.48
5.16
4.93
5.40
4.57
4.73
4.13
5.35
5.15
5.29
4.63
5.03
3.98
4.31
5.82
4.34
3.93
5.06
5.09
4.96
5.52
4.72
4.43
4.48
4.99
5.89
5.24
5.27
5.77
4.97
5.71
5.49
5.79
5.70
6.02
5.46
5.50
5.76
6.19
5.73
5.39
5.12
6.06
6.44
6.35
6.38
5.52
5.85
5.32
6.07
5.77
5.64
5.89
5.97
5.96
5.54
5.84
6.01
5.49
5.81
6.19
5.92
6.22
5.93
5.95
6.20
5.79
5.58
6.01
6.56
6.10
5.44
6.21
5.72
5.49
6.55
6.03
5.93
6.14
5.71
5.87
6.06
5.44
5.81
5.89
6.32
5.86
5.94
5.40
5.74
6.33
5.88
5.25
5.40
5.72
6.02
6.14
6.24
6.00
6.04
6.47
6.19
5.72
5.81
6.22
6.26
6.46
6.17
6.23
6.06
6.38
5.76
6.40
5.61
5.28
5.86
6.69
6.62
6.50
6.74
6.52
6.22
6.58
6.41
6.44
6.75
6.34
6.59
6.18
6.44
6.26
5.92
6.02
6.20
6.18
6.30
5.87
5.82
5.94
6.06
5.91
5.95
6.16
5.86
5.89
6.50
6.08
6.51
6.17
5.39
6.03
6.02
5.97
6.36
6.29
6.54
6.56
6.59
6.61
6.70
6.21
6.48
6.25
6.01
5.85
5.86
5.58
6.34
6.41
5.95
6.15
6.27
6.42
5.72
5.72
6.16
5.73
6.56
5.79
5.84
5.16
6.21
5.58
6.34
5.83
5.69
5.77
5.81
5.20
5.64
5.40
6.25
5.87
6.00
6.03
6.50
6.41
6.16
5.76
5.88
5.48
5.60
6.30
5.71
6.06
5.81
5.94
6.21
6.08
5.34
5.40
4.83
5.92
5.44
5.53
5.59
5.85
5.80
5.92
5.34
5.60
5.97
5.31
5.36
5.56
5.84
5.59
5.49
5.11
5.30
5.61
5.62
5.83
5.34
5.83
5.62
5.40
5.77
5.54
5.16
5.84
5.02
5.26
5.28
5.16
5.00
5.91
5.59
5.13
4.77
5.67
5.58
5.29
5.19
5.50
5.47
5.79
5.81
6.07
5.44
5.30
5.49
5.94
5.06
5.81
5.85
6.19
5.29
4.65
6.02
6.11
5.24
5.41
5.36
5.36
5.07
4.52
5.60
5.37
5.06
4.71
6.10
5.42
5.95
5.56
6.01
5.48
5.98
5.73
5.76
5.83
5.52
5.35
5.17
5.38
5.27
4.95
3.81
3.97
4.53
5.02
4.88
4.83
5.17
4.70
4.09
4.01
4.51
4.88
3.59
4.62
3.92
4.29
4.35
4.03
4.35
4.71
4.53
4.42
5.05
4.23
4.34
4.42
3.96
3.42
4.15
4.24
4.09
3.34
4.52
3.71
4.33
3.91
4.94
5.39
5.54
4.17
5.16
4.61
5.61
5.62
5.88
5.12
5.17
5.25
4.25
4.12
4.62
5.10
4.16
5.14
4.81
4.73
5.42
6.06
6.29
4.89
5.54
4.71
4.71
5.33
5.67
5.45
5.34
4.90
5.08
3.26
4.75
4.38
5.32
5.44
4.33
5.30
5.30
5.87
5.18
5.22
5.18
5.39
5.64
5.57
5.58
5.29
5.03
4.55
5.49
5.11
5.59
4.78
4.21
4.89
5.88
5.42
5.34
4.92
4.81
4.54
5.53
5.24
4.71
5.17
5.77
5.28
5.54
5.06
5.63
4.97
5.21
6.00
3.61
5.00
4.64
4.89
4.51
5.43
5.21
5.21
5.23
5.08
5.26
4.33
5.95
4.83
5.46
5.08
4.64
5.53
5.45
5.47
5.93
5.52
5.09
4.47
3.46
4.99
5.42
5.07
5.28
5.05
5.31
5.46
5.87
4.63
5.11
4.54
4.30
4.54
4.53
4.20
4.31
5.00
4.18
3.86
5.78
5.35
4.86
5.16
6.15
6.17
5.43
5.55
6.01
5.78
5.83
6.05
5.90
5.55
5.59
5.27
5.48
5.50
5.89
6.02
5.76
5.56
5.68
6.25
6.04
5.58
5.77
5.25
6.44
5.82
6.03
5.93
6.63
4.19
6.06
4.39
5.47
4.97
4.42
5.23
4.41
4.19
5.15
5.22
5.05
5.54
6.05
5.55
5.65
5.86
5.28
5.40
5.22
5.43
5.02
4.81
5.22
5.46
5.88
6.02
5.14
5.10
4.71
5.92
5.62
6.03
5.35
6.12
6.14
5.77
5.04
4.89
4.29
4.35
4.15
4.61
6.20
5.93
5.54
5.71
5.32
5.85
5.75
5.68
5.53
5.31
5.28
5.01
4.97
5.11
5.17
5.56
5.39
4.14
4.05
4.72
4.51
4.63
4.98
4.45
4.98
5.05
5.08
5.37
5.58
5.40
5.12
4.81
5.11
4.67
5.25
5.16
5.01
5.43
5.41
4.54
3.93
3.82
5.25
4.99
4.82
4.62
4.79
5.24
5.13
4.38
4.93
5.02
5.13
4.76
4.79
6.00
4.81
4.80
4.98
5.06
4.78
4.35
6.12
5.27
4.83
5.01
5.34
5.06
4.27
4.03
4.31
4.30
3.91
3.97
4.10
4.80
4.86
3.92
4.03
4.03
5.11
4.56
4.89
5.35
4.26
4.59
5.12
5.45
5.04
5.87
4.72
4.67
4.68
4.93
4.28
5.00
4.92
4.80
4.57
4.46
4.13
4.37
4.65
5.18
5.13
5.15
4.71
4.82
4.73
4.53
5.23
4.08
3.90
4.01
4.69
3.88
3.78
4.46
4.35
4.34
4.85
4.72
4.44
4.64
4.99
4.82
5.06
5.51
4.84
3.91
4.22
3.72
5.23
4.80
3.96
4.85
4.13
4.93
4.52
5.09
4.75
4.83
4.85
4.48
4.42
5.75
4.21
4.66
3.95
4.55
3.28
4.42
4.36
4.00
5.15
4.66
4.67
4.89
4.78
5.44
4.87
4.50
4.83
4.53
4.11
4.57
4.95
5.13
5.12
5.11
4.54
4.83
4.76
4.60
4.93
5.45
5.56
6.34
5.50
5.25
5.41
5.42
5.96
5.89
6.53
6.04
6.40
5.16
5.47
5.35
5.44
4.81
5.04
5.36
5.19
5.76
4.89
4.79
5.00
5.68
5.94
5.98
6.42
6.51
6.44
6.20
6.37
5.38
6.38
6.50
6.24
6.40
6.78
5.97
6.08
7.04
6.35
6.23
6.26
6.22
6.16
6.06
6.23
5.97
6.88
6.72
6.77
6.22
6.29
6.30
7.21
7.40
7.02
6.88
5.86
7.20
6.50
7.16
7.29
7.88
6.73
7.33
7.16
7.05
6.89
7.28
7.33
7.32
7.48
7.48
6.91
6.62
7.13
7.40
7.04
6.75
6.54
6.61
6.29
6.63
6.88
6.87
6.60
7.00
6.02
6.48
6.24
6.67
5.75
5.95
5.93
6.54
6.21
6.27
5.83
7.05
7.32
6.17
7.16
6.63
6.97
7.41
7.90
7.36
7.47
7.91
7.09
7.64
7.61
7.76
7.00
7.39
7.85
7.59
7.41
7.57
7.90
7.52
6.64
5.70
6.88
6.89
6.25
7.03
6.32
6.92
6.05
6.68
6.68
6.74
7.43
6.48
6.84
6.84
6.89
7.07
6.88
7.60
7.12
7.13
6.74
7.24
6.75
7.02
7.21
7.58
7.43
6.92
6.17
6.43
5.70
5.86
6.14
6.54
5.86
5.58
6.36
6.41
6.76
7.11
5.93
6.56
6.08
6.85
6.83
5.60
6.24
6.65
6.39
7.28
6.82
7.23
6.64
6.16
6.71
6.97
6.64
7.13
6.52
6.56
6.37
6.95
5.80
5.97
6.00
6.96
6.37
6.26
7.09
6.71
5.98
6.54
6.20
6.75
6.18
6.57
6.16
6.49
6.41
6.89
6.57
6.70
6.98
5.86
6.89
6.75
6.18
6.55
6.45
6.70
6.12
6.70
6.78
6.66
6.62
6.80
6.91
6.73
6.43
6.73
6.63
6.56
6.79
6.79
7.21
7.36
6.59
6.45
5.96
5.72
6.58
6.00
6.50
6.41
7.29
6.51
6.00
7.08
5.87
6.49
6.15
5.56
5.85
6.62
5.48
5.82
6.20
6.37
6.07
6.17
6.09
6.45
6.04
5.88
6.09
6.40
6.68
5.84
6.03
6.46
6.18
5.90
6.35
5.92
5.97
6.23
6.17
6.26
5.79
6.03
6.53
6.46
6.29
6.38
6.18
6.66
6.82
7.01
6.51
6.23
6.26
6.54
6.66
6.87
6.00
5.60
6.71
5.86
5.88
6.56
5.55
5.59
6.36
5.97
6.80
6.50
6.31
6.12
5.60
5.89
5.49
5.62
6.43
6.18
6.66
6.67
7.11
6.94
6.42
6.50
6.64
7.12
6.16
6.81
6.85
6.29
6.14
7.32
5.84
5.68
7.44
6.69
7.41
6.62
6.66
6.80
6.22
6.92
6.79
6.43
6.90
6.56
6.72
6.22
6.18
6.28
6.78
7.08
6.67
7.26
7.19
6.49
7.00
6.74
6.50
7.02
6.73
6.36
7.12
7.28
6.90
5.85
6.32
6.32
6.28
6.04
6.28
6.08
6.06
6.43
6.42
5.78
6.19
5.82
6.60
6.20
5.75
5.87
5.90
6.37
5.17
6.33
6.17
7.01
6.49
5.95
6.30
7.70
5.86
7.35
6.92
6.58
6.80
6.21
6.94
7.22
6.12
5.75
5.97
6.32
5.84
6.31
5.84
6.08
5.65
6.18
5.85
6.71
6.40
6.18
6.13
5.93
6.28
6.64
6.69
6.49
5.96
6.25
7.11
6.08
6.23
6.50
6.01
5.92
5.33
6.34
6.42
6.24
6.48
7.05
6.83
7.13
5.32
6.52
6.03
5.84
5.81
5.80
6.65
6.97
6.66
6.08
5.68
7.02
6.25
6.28
5.75
6.37
6.95
6.42
5.99
6.74
7.22
6.38
6.14
6.48
7.12
6.90
6.38
5.58
6.53
6.93
7.11
7.15
6.11
6.48
7.01
6.66
7.35
7.03
6.98
6.27
7.23
7.00
6.81
6.06
6.17
6.73
6.79
6.98
6.40
6.93
6.59
6.55
6.04
6.97
7.25
7.19
6.42
6.45
6.88
6.06
6.32
6.53
6.82
6.50
6.94
6.62
6.71
5.63
6.88
6.38
6.88
6.56
7.04
6.01
6.71
6.33
6.54
6.12
6.06
6.44
6.53
5.43
6.43
6.27
6.80
7.30
6.65
6.35
6.21
6.44
5.90
6.35
6.47
6.33
6.24
7.38
6.05
6.46
6.64
6.86
6.64
6.67
6.78
6.42
6.52
6.38
6.82
6.04
6.71
6.39
5.85
7.03
6.89
7.11
6.75
6.10
6.25
6.51
6.13
6.11
6.69
6.23
6.54
6.57
6.90
6.25
6.95
7.24
7.19
7.49
5.94
5.62
6.62
5.82
6.68
7.10
7.03
6.62
6.26
6.28
7.00
6.20
6.23
6.91
5.91
5.74
6.13
6.70
7.15
6.74
7.16
7.76
7.26
6.89
6.72
6.75
7.37
7.05
6.54
6.98
6.84
6.10
6.53
6.98
7.47
7.09
6.36
6.22
6.21
6.82
7.47
7.31
7.16
6.91
6.75
7.28
5.83
6.84
6.38
6.75
6.09
6.00
6.65
6.03
6.79
6.69
6.35
7.13
6.66
6.56
6.13
6.39
6.83
6.72
6.52
7.22
6.78
6.90
6.29
6.28
7.21
6.77
6.17
6.37
6.43
6.52
6.54
6.28
6.19
6.92
6.59
6.23
6.67
5.81
6.28
6.43
7.27
5.64
6.90
5.75
7.05
6.45
7.52
6.48
7.00
6.67
6.56
6.46
6.13
5.73
6.70
6.40
6.78
5.56
6.01
6.38
5.75
6.45
6.38
6.56
6.44
5.69
5.70
6.58
6.99
7.07
6.61
6.11
6.50
7.02
6.64
6.13
6.23
6.16
6.15
6.08
6.72
6.89
7.28
6.42
7.19
6.25
6.49
6.10
6.31
6.16
6.61
5.26
5.84
6.25
5.95
6.42
5.66
6.05
6.74
6.77
6.25
6.06
5.78
5.58
5.80
6.10
6.87
6.41
6.52
6.25
6.10
6.20
6.90
6.43
6.61
7.17
6.42
6.31
6.31
6.87
6.26
7.02
6.73
6.51
6.03
6.72
6.89
6.68
6.36
7.11
6.99
6.79
6.54
5.70
6.12
5.72
5.81
6.59
6.77
6.66
6.18
5.91
6.40
5.45
6.29
6.53
6.45
6.95
6.34
7.10
7.09
6.13
6.40
7.11
6.61
6.96
6.47
6.75
6.12
6.37
6.57
6.43
6.72
6.31
7.20
6.89
6.86
6.35
7.13
6.49
6.63
6.98
6.27
6.63
6.64
6.58
6.70
6.57
6.25
5.73
6.73
7.12
6.24
6.60
6.65
6.19
6.35
5.97
6.81
6.46
6.65
6.44
6.19
6.62
6.27
5.44
6.30
5.67
5.92
5.91
5.50
6.06
6.54
6.53
6.31
5.54
6.15
5.79
6.31
6.85
5.65
6.18
5.94
7.27
6.54
6.64
6.96
5.78
6.12
5.98
6.74
5.84
5.96
6.29
5.95
6.89
7.12
6.61
6.65
7.00
6.31
7.19
6.32
6.26
5.73
6.63
6.48
5.94
6.46
6.28
6.29
6.42
6.26
7.01
6.29
5.54
5.49
6.04
6.23
6.47
6.48
6.07
6.41
5.63
5.62
5.98
5.50
6.14
6.21
6.67
7.08
6.88
6.76
6.33
6.34
6.07
6.25
5.92
5.69
5.71
6.06
6.67
6.34
6.34
6.67
6.44
6.54
6.47
6.82
6.55
7.08
6.38
6.39
6.41
6.08
6.04
6.41
6.07
5.76
5.55
6.74
5.15
5.41
5.79
4.90
5.97
6.01
5.73
6.14
6.18
5.83
6.14
6.72
6.14
5.98
5.63
6.11
6.37
6.39
6.13
6.25
6.31
5.96
6.35
6.18
6.22
6.08
5.82
6.08
6.13
5.93
6.24
5.50
6.24
6.95
7.33
7.11
6.70
7.03
7.14
7.01
6.79
6.67
7.16
6.39
6.62
6.86
7.03
6.44
6.31
6.62
6.28
6.69
6.51
6.96
6.91
6.92
6.76
6.75
6.78
6.75
6.14
5.87
6.51
6.43
6.06
6.05
5.93
5.40
5.50
5.97
6.20
6.62
5.72
5.72
5.79
6.11
6.19
6.30
6.20
5.48
6.29
6.22
6.14
5.67
6.46
5.72
6.68
6.59
6.41
5.89
6.81
6.91
6.59
5.90
6.11
6.10
6.01
6.12
6.73
5.43
5.79
6.00
6.47
6.17
5.59
5.54
5.82
5.97
6.05
5.62
5.98
6.40
5.76
6.41
6.81
5.95
5.71
5.55
6.17
5.92
5.73
6.10
6.66
6.57
6.73
6.68
6.27
6.71
6.74
5.86
6.12
6.04
6.17
6.40
6.15
6.67
7.01
6.28
6.68
5.70
6.96
6.53
6.56
6.50
6.27
6.25
6.27
6.30
6.69
6.14
6.49
7.21
6.26
5.75
6.88
6.52
6.66
6.95
7.07
7.22
6.22
6.47
6.82
5.92
5.90
6.80
6.91
6.60
6.96
6.74
7.01
6.05
6.74
6.22
6.85
6.57
6.46
6.52
6.23
6.73
7.31
7.19
7.20
7.08
7.38
6.68
6.98
6.98
7.38
7.46
6.65
6.73
6.69
6.89
6.52
6.95
7.16
7.22
6.84
7.34
7.21
