3.02
3.25
3.33
3.50
3.15
3.44
3.19
3.27
3.15
3.38
3.28
2.90
3.28
3.32
3.19
3.30
3.14
3.78
3.83
3.64
3.90
3.91
3.70
3.46
3.28
3.46
3.44
3.12
3.95
3.84
3.42
3.59
3.43
2.96
4.02
2.98
2.84
3.00
3.24
3.35
3.17
2.48
3.23
2.89
2.44
3.01
2.03
3.25
3.68
3.18
3.58
3.37
3.50
4.01
3.64
3.57
2.93
3.72
3.33
3.48
3.44
3.09
2.97
2.89
3.05
3.22
3.26
3.47
3.37
3.62
3.18
3.10
3.19
3.04
3.60
3.50
3.27
3.20
3.01
3.43
3.36
3.31
3.03
2.95
3.09
2.80
2.74
3.11
3.13
2.98
3.17
3.17
2.96
3.01
2.97
2.94
3.00
3.03
2.95
3.00
2.98
3.28
3.23
3.13
2.91
3.00
3.03
3.01
2.94
3.27
2.62
3.18
3.10
2.88
3.02
3.19
3.06
3.22
3.39
3.39
3.38
3.23
3.27
3.13
3.15
3.10
3.06
2.98
3.20
3.60
3.10
2.60
3.06
2.87
3.05
3.16
3.01
3.06
3.30
2.87
3.30
3.14
2.95
2.95
3.07
2.98
3.02
3.21
3.07
3.17
3.03
2.90
3.08
3.04
2.82
3.38
3.22
3.14
2.92
2.86
3.13
3.25
3.31
3.11
2.96
3.02
3.21
2.86
3.17
3.14
3.20
2.94
2.96
2.94
3.18
3.09
3.10
3.36
3.06
3.35
3.20
2.93
3.26
3.10
2.97
3.27
3.11
3.26
3.22
3.08
3.16
3.21
2.90
3.14
2.92
3.11
3.07
3.44
3.19
2.97
2.91
3.19
3.02
3.32
3.30
3.48
3.20
3.20
2.92
3.07
2.96
3.12
2.92
2.99
3.19
3.27
3.39
3.20
3.42
3.07
3.03
3.13
3.07
3.29
3.13
3.31
2.91
3.35
2.66
2.98
3.04
2.92
3.27
2.86
2.90
2.92
3.05
3.20
3.09
3.26
3.22
3.38
3.15
3.19
3.33
3.16
3.28
2.94
2.90
2.97
2.95
2.90
3.05
2.85
2.93
3.18
3.05
2.90
2.88
2.88
3.09
3.17
2.87
3.09
2.84
3.20
3.39
3.02
3.06
3.47
3.15
3.61
3.28
3.35
2.82
3.28
3.25
3.28
3.34
3.09
3.01
3.12
2.86
3.34
3.42
3.31
3.34
3.41
3.44
3.28
3.30
2.74
3.07
3.20
3.19
3.19
3.18
3.58
3.31
3.31
3.50
3.12
3.30
3.23
2.89
2.78
3.07
3.36
3.28
3.66
3.30
3.59
3.45
3.30
3.38
3.62
3.06
3.18
3.49
3.18
3.26
3.63
3.45
3.28
3.03
3.35
3.43
3.56
2.91
3.40
3.28
3.56
3.62
3.64
3.70
3.41
3.97
3.44
3.54
3.33
3.21
3.43
3.35
3.55
3.48
3.10
3.44
2.96
3.29
3.20
3.39
3.22
3.66
3.37
3.59
3.19
3.42
3.21
3.20
3.62
3.40
3.36
2.82
2.84
2.62
2.91
3.04
2.84
3.29
2.93
3.13
2.94
3.06
2.83
3.35
2.79
3.20
2.88
3.01
3.09
3.25
3.13
3.39
3.25
3.29
3.23
3.48
3.54
3.08
3.38
3.30
3.26
3.17
3.35
3.50
3.21
3.50
3.89
3.09
3.15
3.03
3.04
3.86
3.05
3.31
3.51
3.32
3.72
3.26
3.38
3.21
3.37
3.04
3.08
3.01
3.71
3.32
3.28
3.03
3.26
2.86
3.10
3.05
2.94
3.29
2.89
2.61
2.94
3.27
3.15
3.29
3.17
3.33
3.33
3.24
3.20
2.75
3.02
2.67
2.72
2.70
2.72
2.87
2.70
2.84
2.47
2.62
2.83
2.88
2.64
2.57
2.78
2.68
3.00
3.22
2.77
2.85
2.56
2.58
2.77
2.69
2.81
2.46
3.30
3.48
3.19
2.63
2.83
2.88
2.91
3.08
3.16
3.16
3.14
3.08
2.65
2.48
3.21
2.73
3.57
3.54
2.24
3.26
2.90
3.16
2.67
3.11
3.22
2.79
2.87
3.02
2.93
2.80
2.95
2.61
2.30
2.46
2.80
2.49
2.86
3.11
3.30
2.74
2.71
2.14
2.72
2.76
2.18
2.33
2.50
2.49
2.44
1.99
1.72
2.90
2.86
3.01
3.33
3.44
3.11
3.39
3.24
2.37
3.18
3.10
2.89
2.49
2.71
2.63
2.79
2.57
2.81
2.98
2.89
2.68
3.32
3.01
2.50
3.02
3.29
3.27
3.03
3.06
2.99
2.89
3.41
3.24
2.71
2.87
2.95
2.82
3.27
2.80
2.68
2.89
2.82
2.71
2.47
2.95
2.61
2.63
2.86
2.83
2.72
2.62
2.71
2.76
2.85
3.01
2.01
2.32
2.40
2.09
2.81
2.89
2.41
2.13
2.38
2.25
2.11
2.16
2.57
2.36
2.61
2.31
2.35
2.25
2.28
2.55
2.21
2.15
2.10
2.32
2.40
2.65
2.26
2.43
2.44
2.62
2.59
2.80
2.81
3.28
2.41
2.49
2.43
2.63
2.84
2.56
2.58
2.51
2.84
2.91
3.03
2.75
2.58
2.99
2.75
2.87
2.92
3.08
2.93
2.85
3.04
3.17
3.32
3.30
3.37
3.19
3.44
2.88
3.41
3.23
3.09
3.26
3.25
3.12
2.98
3.09
3.15
3.11
2.78
2.56
2.98
3.05
2.90
2.54
2.39
3.26
3.08
3.31
3.24
3.91
3.63
4.12
4.02
4.51
4.11
4.00
4.48
4.47
3.91
4.14
4.01
4.19
3.60
4.01
3.90
3.90
3.92
4.12
4.05
3.79
4.09
3.29
3.69
3.28
3.44
3.48
3.58
3.30
2.92
3.47
3.24
3.16
2.97
2.72
2.91
2.77
3.64
2.97
2.99
2.92
2.98
2.76
3.53
3.06
2.93
2.73
3.30
3.09
2.47
2.93
3.05
3.47
3.08
3.23
3.14
2.88
2.72
3.92
3.84
4.35
4.04
4.27
4.21
4.00
3.64
3.51
3.28
3.29
3.36
3.59
3.52
3.42
4.25
3.68
3.88
3.72
3.61
3.74
3.53
3.64
3.22
3.41
3.39
3.00
3.46
3.70
3.40
3.29
3.54
3.05
3.55
3.23
3.19
2.93
3.23
3.47
3.64
3.12
3.23
3.30
3.07
3.29
3.45
3.33
3.01
3.34
3.20
3.36
3.21
3.52
3.77
3.37
3.56
3.74
3.78
3.90
3.45
3.99
3.45
3.69
3.27
3.43
3.82
3.54
3.56
3.67
3.28
3.46
3.59
2.92
3.34
3.78
3.84
3.41
3.42
3.90
3.21
2.70
2.99
2.90
3.15
3.02
3.31
3.21
3.21
3.54
3.34
3.36
2.67
3.24
2.85
3.15
2.79
3.08
2.58
3.01
2.83
2.70
2.98
2.57
2.55
2.86
2.70
2.58
3.38
2.82
2.92
3.13
3.36
3.13
2.98
3.49
2.85
3.40
2.89
3.25
3.60
3.10
3.24
2.74
3.06
2.82
2.72
2.86
3.06
2.72
3.03
2.08
2.94
2.96
2.95
2.87
3.00
3.03
2.82
3.29
2.80
2.54
2.91
2.65
3.39
3.71
3.15
3.29
3.59
2.90
3.10
3.22
3.27
3.50
3.17
3.47
3.47
3.07
3.33
3.20
2.99
3.43
3.09
3.14
3.27
3.27
3.14
3.47
4.19
3.29
3.34
3.47
3.23
2.96
3.19
3.23
3.11
2.91
2.93
3.01
3.06
3.29
2.98
3.19
2.94
3.45
3.13
3.11
2.87
3.78
3.16
3.11
3.27
3.10
3.17
3.43
3.57
3.10
3.01
3.20
3.23
3.17
2.96
3.31
3.22
3.28
3.05
3.15
3.18
3.14
3.01
2.63
3.27
2.83
2.93
3.16
3.13
3.04
2.97
3.02
3.29
3.32
3.26
2.78
3.10
3.06
3.18
3.16
2.86
3.21
3.22
3.30
3.43
3.20
3.58
3.37
3.05
3.03
2.99
3.18
3.26
3.28
3.38
3.20
3.20
3.21
3.08
3.53
2.69
3.87
3.77
3.80
2.92
3.55
3.17
3.09
3.75
3.25
3.26
3.10
3.07
2.92
3.26
3.29
3.43
3.35
3.39
3.18
3.23
3.63
3.14
3.33
3.72
3.59
3.62
3.23
2.97
3.23
3.12
2.99
3.56
2.66
2.70
2.64
2.63
2.56
3.03
2.77
3.02
2.98
2.70
2.38
2.55
2.85
2.36
2.65
2.30
1.88
2.94
2.83
3.05
3.18
3.55
3.03
3.41
3.52
1.83
2.30
2.46
2.23
2.66
2.62
2.24
2.46
2.48
2.77
2.73
2.46
2.91
2.25
2.81
2.90
2.84
2.00
1.84
2.02
3.18
3.76
2.56
2.53
2.86
2.15
2.81
1.91
2.10
2.09
1.99
2.48
2.62
2.87
2.74
2.35
2.27
2.24
2.48
2.30
2.72
2.60
2.62
2.32
2.49
2.29
2.41
2.29
2.49
2.29
2.66
2.79
2.30
2.17
2.24
2.62
2.98
3.40
3.22
2.87
3.46
3.93
4.05
3.62
3.42
3.44
3.24
3.44
2.93
3.24
4.16
4.17
3.53
4.23
4.16
3.49
3.81
3.64
3.82
3.67
4.43
3.02
3.13
3.78
2.78
3.56
3.36
3.91
4.15
3.71
4.07
4.00
4.05
3.33
3.89
3.88
4.50
4.25
4.09
3.42
3.27
5.02
4.90
4.67
5.22
5.94
5.69
5.69
4.65
4.20
5.14
4.71
4.76
5.69
5.21
5.26
4.85
4.74
4.93
4.94
5.09
5.70
4.97
5.32
5.27
5.09
5.03
5.10
5.41
4.55
5.06
5.20
4.79
4.48
4.94
4.37
4.64
4.93
4.20
4.94
4.70
4.79
4.87
5.36
4.88
4.20
4.39
4.29
4.61
5.06
4.70
4.87
4.65
4.24
4.60
4.32
5.55
5.04
5.38
5.62
5.43
6.03
5.15
4.90
5.16
4.69
5.01
5.04
5.13
4.92
5.05
5.24
5.54
5.35
5.44
5.29
5.33
5.21
5.24
5.14
5.06
5.22
5.58
5.30
4.84
4.54
4.86
4.66
5.85
5.76
4.64
4.72
4.56
3.97
3.86
3.81
3.78
4.81
3.83
3.55
3.73
4.06
4.42
4.93
4.13
3.52
3.91
4.45
3.95
4.09
3.88
2.59
1.62
2.23
2.37
1.79
2.28
1.90
1.93
1.54
3.03
2.70
3.40
3.20
3.77
4.39
4.30
4.49
4.37
4.66
4.35
4.97
4.74
4.19
4.83
5.16
4.50
4.39
4.01
3.74
3.19
4.47
4.40
2.89
4.93
5.19
5.07
4.59
4.72
6.08
5.16
5.48
5.00
5.47
5.20
5.19
5.08
5.49
5.90
5.85
5.70
6.19
5.04
5.84
5.96
5.27
4.99
5.04
4.40
5.41
4.99
5.29
3.86
5.70
5.60
6.20
4.48
5.71
5.56
5.05
6.22
5.72
4.76
4.88
5.34
5.00
5.65
5.25
5.54
5.41
5.57
5.24
5.55
5.39
5.23
5.34
5.32
5.45
5.13
3.86
3.86
4.76
4.53
4.45
4.62
5.28
5.54
4.72
5.56
4.36
5.12
5.02
5.26
4.78
4.60
4.47
3.93
4.91
5.35
5.16
5.62
5.48
5.11
4.42
4.96
4.75
3.10
3.76
4.27
3.39
4.24
4.60
4.61
4.38
4.51
4.19
4.27
4.56
5.25
4.53
4.86
4.46
4.23
4.59
4.17
4.78
4.22
4.19
5.04
4.68
4.67
5.21
4.62
4.59
4.65
4.52
5.21
4.37
4.72
4.55
4.69
4.63
4.63
4.06
4.61
4.59
4.75
4.71
5.19
5.45
5.23
4.84
5.30
5.36
5.48
5.65
5.88
6.03
5.69
5.76
5.18
5.35
5.58
5.63
5.82
5.72
5.68
5.43
5.72
5.39
5.63
6.13
5.92
4.97
5.71
5.19
5.52
5.83
5.17
5.74
5.52
5.53
5.49
5.47
5.44
5.01
4.70
4.75
4.50
4.78
4.81
4.48
4.53
4.17
4.76
4.77
4.59
4.53
3.88
4.65
4.08
4.10
4.05
4.56
4.50
4.51
4.62
4.36
4.55
4.49
4.57
3.99
4.37
4.51
4.85
4.55
5.25
4.29
4.26
4.61
4.83
4.51
4.66
4.84
4.48
4.45
4.95
4.60
4.64
4.61
4.58
4.54
4.69
4.30
4.52
5.26
4.70
4.94
4.90
5.16
4.92
4.47
5.13
4.70
4.84
5.02
4.84
4.34
4.79
4.72
5.08
4.33
4.44
4.41
4.80
4.49
4.62
4.81
4.74
4.40
4.71
4.24
5.03
4.58
4.47
4.61
4.75
3.91
4.02
3.58
4.07
3.23
3.56
3.66
4.13
4.12
4.28
4.15
4.92
4.42
4.03
4.59
4.26
4.53
5.08
4.85
4.58
4.70
4.58
3.94
5.07
4.33
4.45
4.47
4.46
4.47
4.00
4.35
4.09
4.57
4.64
4.38
4.14
5.17
4.69
4.23
4.33
4.29
4.55
4.09
4.52
4.47
4.82
4.60
4.96
5.07
4.88
4.72
5.22
4.34
4.99
4.75
4.80
4.67
4.93
4.55
4.34
4.57
4.21
4.60
4.73
5.06
5.07
5.13
5.01
4.58
4.24
3.55
4.10
3.54
4.19
3.88
4.57
3.28
3.48
3.54
3.44
2.13
2.47
2.88
3.10
3.56
3.85
2.11
2.71
2.27
2.84
2.70
2.95
3.32
3.21
3.09
2.11
3.92
4.09
4.44
4.92
4.56
5.17
5.07
5.15
4.79
4.86
5.09
4.70
4.96
4.95
5.07
4.84
4.97
4.71
4.84
4.80
5.03
4.46
4.88
5.17
4.86
4.68
5.10
4.77
5.19
4.84
4.71
4.71
4.85
5.04
5.20
5.39
4.79
4.65
4.90
4.85
4.62
4.53
4.16
4.64
4.59
4.79
4.85
4.46
4.63
4.51
4.51
4.71
4.30
4.74
4.59
4.62
5.02
4.30
4.42
4.49
4.16
4.45
4.21
4.45
4.48
4.46
4.25
4.26
4.44
4.51
4.97
4.52
4.63
4.16
4.54
4.61
4.49
4.03
4.10
4.41
4.60
4.10
4.44
4.43
4.46
4.75
4.70
4.30
4.52
4.41
4.61
5.00
5.02
4.60
4.64
4.96
4.92
5.09
4.74
4.83
5.12
4.75
4.38
4.63
4.92
4.82
5.22
4.74
4.97
4.56
4.95
4.61
4.24
4.14
4.65
4.52
4.54
4.44
4.28
4.47
4.45
4.58
4.60
4.09
4.55
4.38
4.53
4.39
4.31
4.39
4.20
4.06
4.37
4.40
4.53
4.45
4.20
4.64
4.47
4.76
4.14
4.15
4.89
4.85
4.89
4.95
4.79
4.41
4.70
4.71
4.59
4.84
4.62
4.44
4.43
4.87
4.01
4.58
4.62
4.88
4.30
4.58
4.79
4.67
4.89
4.74
4.56
4.81
4.69
4.69
4.68
4.47
4.22
4.78
4.23
4.81
4.64
4.79
4.51
4.30
4.62
4.12
4.36
4.63
4.37
4.83
4.31
4.52
4.55
4.35
4.68
4.75
4.74
4.75
4.50
4.30
4.46
4.80
4.43
4.56
4.25
4.30
4.51
4.62
4.96
4.86
3.96
4.59
4.11
4.43
4.49
4.70
5.03
4.59
4.37
4.64
4.66
4.82
4.36
4.32
5.26
4.68
4.33
4.00
4.11
4.55
5.02
4.96
4.98
5.07
5.34
4.96
4.91
4.89
4.81
5.39
4.93
5.19
5.29
5.14
4.79
5.02
4.62
4.58
4.88
4.68
4.87
4.53
5.19
5.07
4.59
4.78
4.78
4.68
5.06
4.98
5.30
5.28
4.96
5.13
5.13
4.91
5.16
4.67
4.88
4.75
4.94
4.74
5.10
4.81
4.41
4.63
4.56
4.71
4.68
5.14
4.62
4.54
4.98
4.89
4.74
4.63
4.68
4.67
4.40
4.93
5.01
4.68
4.32
4.85
4.75
5.16
5.19
4.81
4.91
4.69
4.97
4.88
4.26
5.20
4.64
4.85
4.81
4.52
4.89
4.44
4.79
4.04
3.88
3.45
4.56
4.24
4.14
4.76
4.30
4.30
4.85
4.49
4.66
4.95
4.65
4.51
4.14
4.62
4.89
4.85
4.45
4.35
4.50
4.37
4.37
4.23
4.08
5.29
4.48
4.42
4.56
3.51
3.85
3.84
3.64
3.90
3.89
4.09
3.83
4.01
3.83
3.64
3.70
4.06
3.55
3.84
4.06
3.89
3.83
4.00
4.00
4.37
3.99
4.22
3.92
3.88
4.30
3.53
3.90
4.13
4.27
3.62
4.54
4.35
3.56
3.86
4.01
3.81
4.08
4.59
3.56
4.11
4.20
3.57
4.03
4.05
4.11
3.97
4.06
4.14
4.31
4.23
3.98
3.76
3.38
4.09
4.17
3.86
4.31
4.34
4.66
3.85
4.05
4.16
4.28
4.40
3.95
4.84
4.48
4.19
4.40
4.15
4.24
3.66
4.32
4.52
4.06
4.12
3.96
4.28
3.97
3.96
3.95
3.35
3.91
4.15
3.64
3.97
4.05
3.68
2.62
3.30
4.19
3.91
3.72
3.51
3.79
3.96
3.49
3.75
3.67
3.20
3.66
4.06
3.86
4.42
4.35
4.05
3.92
3.39
4.09
3.97
4.45
4.36
4.54
4.47
4.11
4.06
4.71
4.84
4.86
4.57
4.34
4.85
4.65
4.10
4.44
3.99
3.28
4.54
4.37
3.49
3.18
3.59
3.35
3.77
3.67
4.48
3.80
4.09
3.73
3.67
4.39
3.76
4.25
4.10
4.20
4.80
5.13
4.83
4.39
3.70
4.62
4.67
4.59
4.62
4.34
4.54
3.61
3.90
3.87
4.22
4.36
4.47
4.43
3.97
4.54
4.32
4.73
4.51
4.66
4.02
4.58
3.80
4.61
4.46
4.40
4.51
4.49
4.70
4.38
4.74
4.14
4.95
5.00
5.05
4.57
5.02
5.32
4.62
5.01
4.61
4.82
4.14
4.13
4.28
4.02
4.73
3.88
4.74
5.39
4.89
4.79
4.92
5.50
4.62
5.03
4.29
4.84
5.16
4.79
4.96
4.85
5.12
4.82
4.40
4.49
4.73
4.29
4.07
4.71
3.42
4.25
4.64
4.14
4.95
4.45
4.81
4.25
4.78
4.76
4.09
4.62
4.66
5.01
4.23
4.98
4.65
5.05
4.89
4.57
3.94
3.95
4.65
4.69
5.11
4.83
4.87
4.82
4.59
4.52
4.64
3.94
4.16
3.79
4.09
4.61
4.47
4.60
4.29
4.29
4.29
4.51
4.28
4.45
4.95
5.25
4.19
5.05
4.45
4.49
3.97
4.26
4.28
4.59
4.81
3.52
4.06
4.39
4.46
4.88
4.67
5.27
4.83
4.51
3.98
4.60
5.23
4.49
4.88
5.12
5.39
4.87
5.55
4.83
4.22
3.87
3.59
3.79
3.75
3.64
4.35
4.36
2.97
4.84
4.22
3.32
4.21
4.94
4.01
3.93
4.31
4.05
3.23
4.32
4.58
3.92
4.06
3.90
3.36
3.83
3.38
3.53
4.05
4.84
4.47
4.92
4.49
3.86
4.42
4.42
3.98
4.56
4.85
4.36
4.89
4.63
4.58
4.49
3.82
4.27
4.70
4.10
4.57
3.83
4.69
5.12
4.67
3.76
4.31
4.30
4.27
5.04
5.15
5.22
4.59
4.74
5.00
5.25
5.02
4.60
4.60
4.65
5.22
4.21
4.27
4.17
4.15
3.85
4.22
4.33
4.72
4.07
4.66
4.50
4.63
4.39
4.56
4.37
4.46
5.01
4.34
3.96
4.66
5.09
4.86
4.86
4.72
4.89
4.82
4.38
4.37
4.87
4.34
4.08
3.94
3.79
3.91
3.94
4.09
4.52
4.08
3.98
4.30
4.33
4.08
4.29
4.22
4.28
4.30
4.37
4.38
4.75
4.32
4.24
4.41
4.45
4.85
4.63
4.79
5.00
5.15
5.59
4.86
5.24
4.88
5.27
5.20
5.03
5.10
5.44
6.16
5.71
5.54
5.70
5.46
5.23
5.41
5.62
4.96
5.38
5.80
5.14
4.72
5.46
4.95
3.98
5.12
4.77
5.28
5.34
5.65
5.55
5.62
4.97
5.22
4.63
4.73
5.63
4.78
5.56
5.45
5.73
4.99
4.74
4.71
4.86
5.14
4.65
4.70
5.21
5.48
4.91
5.15
4.83
5.27
4.65
5.13
5.31
4.84
4.92
5.24
5.00
5.17
5.29
5.67
5.72
6.01
5.71
6.10
5.76
5.00
5.00
5.54
5.48
5.10
5.35
5.64
5.54
5.42
5.25
5.44
5.56
5.20
5.84
5.43
5.34
5.50
5.74
5.68
5.40
6.02
6.03
5.70
5.77
5.87
5.86
5.82
5.95
6.17
5.75
5.74
5.82
5.88
5.93
5.87
6.25
5.70
5.83
5.99
5.72
5.56
5.92
5.71
6.25
5.64
5.79
5.38
6.33
6.03
6.16
5.98
5.66
6.04
5.54
5.22
7.04
5.96
5.47
5.80
5.29
5.74
5.98
5.79
5.94
5.87
5.58
5.68
5.78
5.88
5.75
5.48
5.84
5.42
5.55
5.61
5.63
5.32
6.07
4.96
5.65
5.60
5.92
5.59
5.86
5.13
5.04
5.71
5.64
5.64
5.10
4.90
5.38
5.58
4.91
5.20
5.56
5.60
5.19
5.71
5.32
5.20
5.27
5.98
5.76
5.57
5.49
5.34
5.61
5.59
5.79
5.37
5.78
5.63
5.38
5.48
5.19
4.88
5.28
5.37
5.26
5.39
4.95
5.02
4.58
4.69
4.71
4.37
5.22
4.80
4.98
4.59
4.44
4.81
4.83
4.95
4.51
4.52
4.94
4.77
4.26
4.54
4.50
4.46
3.96
4.73
4.30
4.42
4.50
4.16
4.21
4.31
4.60
4.61
4.56
4.52
4.48
4.34
4.14
3.75
4.15
3.79
4.55
3.97
4.74
4.87
4.66
4.74
4.03
4.35
3.62
4.17
4.27
4.15
3.93
4.48
4.35
4.56
4.38
4.27
4.16
4.09
4.23
4.22
4.89
5.14
4.77
4.91
4.59
4.25
4.60
4.92
4.99
4.76
4.98
5.33
5.33
5.22
5.01
5.01
5.20
5.28
4.94
5.25
5.03
4.75
5.58
5.34
5.75
5.52
5.68
5.51
5.46
5.54
5.03
5.20
5.09
5.41
5.62
5.11
5.33
5.19
5.62
5.52
5.37
5.25
5.27
5.13
5.26
5.53
5.30
5.37
5.29
5.53
5.52
5.41
5.32
5.28
5.58
5.51
5.38
5.29
5.48
5.52
5.59
5.50
5.22
5.37
4.80
5.05
5.29
5.12
5.06
5.07
5.30
5.33
5.29
5.00
5.00
4.76
4.99
4.90
4.92
5.32
5.01
5.18
5.13
5.53
4.73
5.10
5.04
5.00
5.04
4.98
5.35
5.27
5.08
5.04
4.93
4.81
5.40
4.81
4.89
4.68
5.01
4.90
5.09
4.85
5.27
5.25
4.90
4.79
5.16
5.01
5.21
5.05
4.98
4.93
5.35
4.88
4.60
4.96
4.84
5.25
5.16
5.67
5.50
4.63
4.95
5.14
5.12
5.28
4.95
5.43
5.10
4.83
4.93
5.32
5.21
5.55
5.15
5.49
5.59
4.95
5.16
4.98
5.14
4.78
4.47
5.21
4.94
5.38
5.06
5.09
4.81
4.99
4.81
5.19
4.98
5.58
6.08
5.46
5.67
6.00
5.77
5.64
5.05
5.32
5.52
5.73
5.80
5.68
5.75
5.72
5.69
5.94
5.51
5.51
5.72
5.43
5.87
5.67
5.51
5.83
5.58
5.42
6.02
5.36
5.45
5.53
5.36
5.12
5.61
5.19
4.77
5.25
5.14
5.27
5.21
5.63
5.87
5.23
5.41
4.76
4.98
5.28
5.22
5.35
4.85
5.50
5.66
5.67
5.02
5.44
5.51
5.22
5.27
5.46
5.14
5.41
4.59
5.12
5.78
5.56
5.34
4.93
5.22
5.22
5.32
5.36
5.10
5.25
4.99
4.80
4.47
4.87
5.23
5.58
5.55
5.36
5.40
5.86
5.71
5.79
5.97
5.45
5.58
5.58
5.85
5.57
6.00
5.73
5.78
5.62
5.58
5.88
6.04
5.74
5.42
5.54
5.71
5.69
5.54
5.75
5.22
5.44
5.46
5.09
5.09
5.21
4.93
5.54
5.34
5.49
5.01
5.43
5.32
5.75
5.10
5.48
5.52
5.40
5.17
5.29
5.35
5.71
5.49
5.58
5.37
5.44
4.93
5.47
5.36
5.13
5.24
5.47
5.72
5.58
5.59
5.69
5.20
5.32
4.97
5.15
4.87
5.34
5.17
4.61
5.44
5.26
5.30
5.36
5.04
5.14
5.17
5.08
5.55
5.20
5.43
5.26
5.10
5.54
5.49
5.27
5.06
5.09
5.54
5.10
5.16
4.99
5.25
5.32
5.56
5.59
5.52
5.71
5.86
5.76
5.62
5.92
4.71
4.88
4.87
4.54
5.24
6.13
5.35
5.40
5.53
5.21
6.06
4.66
4.79
5.19
5.18
5.70
5.53
5.29
5.20
5.14
5.16
5.22
4.74
5.55
5.26
5.23
5.29
5.00
5.52
5.18
5.50
5.36
5.24
5.37
5.41
4.98
5.17
5.20
5.41
5.12
5.08
5.26
5.34
5.32
5.73
5.45
5.29
5.08
5.46
5.37
5.29
5.57
5.53
5.39
5.39
4.99
5.31
5.85
5.70
5.48
5.26
5.49
5.73
5.22
5.35
4.81
5.31
5.34
5.37
5.45
5.11
5.43
5.19
5.27
5.33
5.29
4.96
5.05
5.34
5.09
5.31
5.49
5.43
5.25
5.38
5.25
5.21
5.02
5.32
5.18
5.38
5.34
5.29
5.08
5.78
5.65
5.56
5.39
5.60
5.32
5.18
5.24
5.53
5.24
5.48
5.20
5.18
5.24
5.45
5.43
5.30
5.44
5.41
5.44
5.37
5.12
5.51
5.29
5.14
5.16
5.20
5.53
5.07
5.41
5.08
5.30
5.43
5.42
5.97
5.04
5.22
5.46
5.26
5.21
5.06
5.00
5.07
5.01
5.36
5.72
5.37
5.10
5.36
5.12
5.13
5.29
5.61
5.28
5.19
5.23
5.24
4.89
5.05
4.91
5.40
4.91
5.69
5.33
4.94
4.65
5.09
5.04
4.92
5.21
4.94
4.90
4.98
5.03
4.99
5.17
5.55
5.27
5.41
5.13
5.13
5.19
5.22
5.18
5.30
4.78
5.18
5.09
4.43
4.55
5.13
5.09
5.59
4.72
4.99
5.11
5.00
4.97
4.90
4.67
4.89
4.71
5.02
4.98
5.03
4.44
4.98
5.18
5.46
4.94
4.63
5.30
4.60
4.85
4.95
4.93
5.19
5.40
5.36
5.12
5.52
5.46
5.41
5.44
5.56
5.44
5.69
5.44
5.53
5.33
5.30
5.23
5.21
5.44
5.40
5.35
5.34
5.26
5.46
5.57
5.35
5.21
5.69
5.30
5.41
5.71
5.01
5.45
5.65
5.12
5.04
5.59
5.36
5.12
5.09
5.64
5.55
5.46
5.09
5.56
5.22
5.31
5.14
5.47
4.92
5.42
5.30
5.54
5.71
5.55
5.19
5.43
4.71
5.16
4.62
4.62
4.95
4.90
5.16
5.29
4.64
5.15
4.95
5.03
5.24
5.38
4.84
5.14
5.07
5.09
5.08
4.89
4.94
5.36
5.11
5.61
5.59
4.81
5.48
5.57
5.36
5.38
5.50
5.19
5.41
5.23
5.04
5.17
5.08
5.09
5.28
5.20
5.13
5.48
5.39
4.86
5.41
5.54
5.03
5.13
5.54
4.92
5.38
4.93
4.89
5.29
5.03
5.17
5.43
5.15
5.32
5.36
5.36
5.28
5.46
4.84
5.42
5.58
5.09
4.86
5.10
4.76
4.96
5.51
5.45
5.65
5.51
5.37
5.69
5.53
5.40
5.26
4.94
5.44
5.20
5.78
5.51
5.54
4.89
5.28
5.59
5.25
4.88
5.32
5.57
5.27
5.50
5.66
5.32
4.94
5.21
5.36
5.32
5.47
5.74
5.37
5.06
5.17
5.24
5.22
5.48
5.22
5.55
5.26
5.25
5.44
5.44
5.53
5.45
5.27
5.30
5.44
5.29
5.42
5.15
5.24
5.55
5.37
5.39
5.45
5.43
5.41
5.75
5.83
5.38
5.42
5.55
5.38
5.05
5.38
5.11
5.33
5.16
5.34
5.43
5.42
5.15
5.23
5.03
5.35
5.02
5.41
5.16
5.32
5.57
5.14
5.17
5.15
5.40
5.67
5.14
5.34
5.03
5.23
5.52
5.43
4.66
5.26
5.42
5.38
5.47
5.22
5.47
5.09
5.26
5.28
5.08
5.36
5.14
5.18
5.18
5.41
5.31
4.95
5.33
5.16
5.49
5.25
5.34
5.54
5.47
5.33
5.20
5.24
5.12
5.36
5.53
5.51
5.73
5.09
5.68
5.24
5.42
5.51
5.47
5.17
5.26
5.37
5.39
5.53
5.18
5.49
5.31
5.30
5.27
4.88
5.29
5.19
5.29
5.27
5.34
5.41
5.19
4.98
5.54
5.40
5.42
5.19
5.11
4.82
5.27
5.30
5.24
5.33
5.49
5.34
5.40
5.12
5.03
4.92
5.34
4.71
5.07
4.93
5.14
5.16
5.12
4.95
4.79
5.40
4.85
5.15
4.98
5.25
5.15
4.63
4.93
4.98
4.84
5.10
5.14
5.30
4.95
5.02
5.26
4.90
5.24
5.11
5.11
5.12
4.86
5.09
4.97
4.92
4.56
4.88
4.66
4.94
5.18
5.05
4.88
4.93
4.70
5.01
4.94
4.97
5.17
5.16
4.94
5.03
4.86
4.84
5.13
5.09
5.14
4.84
5.12
4.97
5.10
5.13
4.92
5.21
5.33
5.17
5.32
5.49
5.49
5.23
5.18
5.26
5.26
5.22
4.49
5.12
5.33
5.44
4.84
5.14
5.51
5.46
5.42
5.47
5.38
5.25
5.11
5.17
5.50
5.40
5.46
5.31
5.26
5.27
5.25
5.13
5.39
5.56
5.25
5.12
5.07
4.95
4.84
4.73
4.88
5.20
5.16
4.87
5.08
4.89
5.05
5.29
5.21
5.08
5.09
5.21
5.03
5.11
5.12
5.21
5.12
5.15
4.69
5.07
5.21
5.42
5.37
5.35
5.42
5.17
5.22
4.96
5.25
5.05
5.12
4.98
5.32
5.19
5.27
5.27
5.12
5.44
5.27
5.19
4.93
5.22
5.34
5.54
5.33
5.41
5.17
5.04
5.31
5.37
5.39
5.33
5.29
5.35
5.25
5.39
5.29
5.48
5.46
5.20
5.46
5.37
5.61
5.71
5.45
5.41
5.51
5.35
5.54
5.59
5.48
5.53
5.80
5.58
5.72
5.77
5.35
5.28
5.55
5.65
5.52
5.49
5.21
5.19
5.24
5.23
5.12
5.36
5.27
5.44
5.75
5.62
5.66
5.20
5.39
5.30
5.32
5.29
5.23
5.03
4.62
5.33
5.05
4.75
5.01
4.59
4.96
5.13
4.80
4.76
4.07
5.18
4.85
5.05
4.93
5.09
4.90
5.18
4.51
5.23
5.07
4.47
4.71
5.14
4.94
4.88
5.25
5.27
4.89
4.88
5.38
5.40
4.92
5.24
5.27
5.47
5.01
5.44
5.23
5.19
5.38
5.89
5.29
5.38
5.33
5.37
5.06
5.56
5.29
5.59
5.05
5.28
4.85
5.08
5.55
4.76
4.97
4.86
5.17
5.42
4.93
5.28
5.51
5.40
5.42
5.06
5.01
5.36
5.07
5.37
4.95
5.26
5.26
5.19
5.05
5.05
5.27
5.08
4.99
5.08
5.07
4.94
5.07
5.02
5.15
4.98
5.31
4.84
4.92
5.08
5.02
5.29
5.37
4.84
5.29
5.33
5.34
5.48
5.59
5.71
5.42
5.65
5.46
5.51
5.82
5.28
5.39
5.47
5.37
5.42
5.48
5.59
5.72
5.58
5.64
4.73
5.16
5.69
5.90
5.67
5.74
5.72
5.40
5.00
5.56
4.97
5.05
5.57
5.14
5.00
4.94
5.40
5.22
4.90
5.36
5.18
5.51
5.44
5.37
5.61
5.37
5.52
5.37
5.40
5.80
5.21
5.87
5.60
5.41
5.63
5.60
5.47
5.44
5.02
5.25
5.44
4.59
5.35
4.83
5.43
5.28
4.63
4.96
5.62
5.14
5.15
5.37
5.49
5.36
5.49
5.59
5.55
5.81
5.70
5.43
5.64
5.48
5.70
5.62
5.59
5.55
5.25
5.30
5.07
5.47
4.79
5.08
4.66
5.35
5.44
5.06
5.11
4.74
5.34
4.76
5.43
5.30
5.32
5.34
5.18
5.49
5.40
5.07
5.26
4.96
5.20
5.13
5.21
4.98
4.84
4.96
5.46
5.29
4.92
4.96
5.14
4.93
4.88
4.73
5.30
4.62
5.19
5.10
5.03
4.72
4.96
5.38
5.26
4.90
4.81
4.68
5.03
4.99
4.59
4.98
4.96
4.93
3.85
4.46
4.10
4.89
5.17
4.35
4.81
4.90
4.67
4.48
4.56
4.53
4.31
4.68
4.45
4.64
4.49
4.68
4.59
4.80
4.62
4.44
4.96
4.79
4.49
4.81
5.26
4.76
5.14
5.44
5.15
5.32
5.15
5.31
4.78
4.97
5.30
5.74
5.26
5.70
5.45
5.32
5.05
4.59
4.72
5.14
4.83
4.85
5.27
4.55
4.67
4.82
4.76
5.21
5.06
4.97
5.17
5.31
5.25
5.18
4.74
5.08
5.47
5.05
4.83
4.80
4.69
4.71
5.10
4.96
4.77
4.69
4.84
4.87
4.70
4.69
4.75
4.72
4.66
4.72
4.76
5.25
4.92
5.13
4.95
4.92
5.04
5.22
4.73
4.67
5.05
4.86
4.55
4.71
5.00
4.66
4.88
4.93
4.89
4.24
4.88
4.76
4.99
5.08
4.82
4.95
5.39
5.19
5.22
5.29
4.91
5.16
5.35
5.31
5.19
4.90
4.98
5.02
4.77
4.92
4.90
5.11
5.18
5.42
5.29
5.19
5.02
5.44
4.84
5.05
4.70
4.87
4.92
5.07
5.30
5.17
5.12
5.22
5.31
4.93
5.02
4.85
5.19
4.75
5.16
5.13
5.00
4.98
5.48
5.34
5.09
5.13
5.12
5.35
5.39
5.21
5.21
4.89
5.40
4.71
5.19
5.19
5.24
5.02
5.66
5.02
4.84
5.27
4.93
5.27
4.45
5.28
5.47
5.07
5.19
4.50
5.21
4.70
5.14
4.78
5.00
5.04
4.88
4.56
4.77
4.48
4.23
4.79
5.04
5.01
4.88
4.85
5.17
4.88
5.12
5.12
5.39
5.16
5.08
4.61
5.03
4.89
5.07
4.87
5.10
4.87
4.86
4.78
5.06
5.40
5.13
5.02
4.62
4.80
5.11
4.96
4.81
5.15
5.09
4.51
4.90
4.70
4.76
4.49
5.06
4.74
5.24
5.21
4.98
5.04
5.37
5.35
5.14
5.07
5.06
4.94
5.18
5.15
5.24
5.00
5.27
5.25
4.94
5.16
5.27
5.38
5.43
5.20
5.21
5.34
5.38
5.61
5.31
5.48
5.40
5.39
5.30
5.40
5.56
5.73
5.11
5.03
5.23
5.16
5.09
5.40
5.13
5.62
5.01
5.34
5.44
5.51
5.17
5.63
5.48
4.87
5.04
5.36
5.49
5.45
5.40
5.25
5.54
5.34
5.04
5.47
4.57
5.30
4.94
4.95
4.46
5.40
5.02
5.10
4.69
5.17
4.86
4.86
5.20
5.30
5.39
5.21
5.43
5.10
5.56
5.56
5.02
5.04
5.48
5.42
5.18
5.36
5.39
5.63
5.79
6.00
6.17
5.57
5.41
5.44
5.25
4.97
5.26
5.52
5.92
5.60
4.99
5.60
5.42
5.48
5.65
5.56
5.55
4.88
5.43
5.26
5.15
5.40
5.22
5.81
5.32
5.44
5.49
5.63
5.72
5.79
5.95
5.59
5.86
5.91
6.05
6.01
5.78
6.40
5.99
6.14
5.98
5.81
5.62
5.71
6.21
5.45
4.97
5.25
5.15
5.51
4.78
5.25
5.52
5.48
5.39
5.22
4.88
4.28
5.49
5.07
5.08
4.59
5.01
5.00
5.54
5.06
5.31
4.99
5.10
5.10
4.92
5.24
5.64
5.30
5.21
5.31
5.27
4.95
4.88
4.96
5.15
5.34
5.30
5.55
5.02
5.17
5.16
5.44
5.00
4.86
4.75
5.31
5.06
5.12
5.25
5.49
5.08
5.28
5.19
5.45
5.03
5.33
5.09
5.09
4.98
5.10
5.42
4.93
5.30
5.13
5.45
5.25
4.94
5.50
5.38
4.87
5.17
5.46
4.75
5.05
4.68
4.35
4.63
4.53
4.50
4.45
4.64
4.45
5.31
5.41
5.24
5.29
5.11
4.89
5.05
4.91
5.03
4.98
4.79
5.12
4.94
5.26
5.06
5.05
5.32
5.11
5.32
5.12
5.12
5.18
4.82
5.19
4.67
4.90
5.46
5.08
5.53
5.27
4.68
4.52
5.32
5.49
5.64
5.20
5.51
4.82
5.25
5.05
4.78
4.98
4.91
5.33
4.94
4.46
5.02
5.09
4.79
5.16
4.92
4.85
4.96
5.10
4.79
5.24
5.42
4.70
4.91
4.56
4.81
5.08
5.22
5.28
5.33
5.38
4.04
4.03
3.88
4.08
4.13
4.14
4.69
4.12
4.25
4.50
4.62
4.92
4.56
4.49
4.84
4.48
4.35
4.62
4.28
4.05
3.92
4.64
4.27
4.19
4.48
4.47
4.10
4.41
4.05
4.38
4.27
4.60
4.42
4.46
4.56
4.19
4.38
3.93
4.04
4.08
4.17
4.06
4.27
4.40
4.43
4.59
4.39
5.18
4.97
5.30
4.99
4.92
4.97
5.08
4.84
4.97
4.77
4.55
4.93
4.70
4.30
4.11
5.06
4.71
4.32
4.28
4.23
4.22
4.51
4.28
4.40
4.40
4.10
4.26
4.71
4.61
4.26
4.07
4.43
4.59
4.27
4.23
4.33
4.40
4.48
4.25
4.52
4.51
4.24
4.33
4.27
4.05
4.12
4.18
4.16
4.20
4.50
4.24
4.16
4.45
4.75
4.62
4.70
