4.81
3.05
2.95
2.92
2.88
2.93
2.35
3.05
3.31
2.61
2.94
2.43
2.66
2.82
3.03
2.80
3.01
2.58
1.55
2.16
2.70
3.34
2.01
2.40
2.42
3.18
2.33
2.10
1.96
2.97
2.90
3.79
3.45
3.36
3.88
4.91
3.65
3.33
3.62
3.42
4.25
3.78
3.56
3.82
3.66
3.74
3.84
4.20
3.83
3.92
4.06
3.53
3.44
3.49
3.75
4.48
4.33
3.88
3.66
4.25
4.44
4.83
4.90
4.33
4.59
4.42
4.07
4.07
4.70
3.56
4.11
3.45
3.82
3.60
4.09
3.53
3.97
4.52
4.21
3.18
3.56
3.23
6.00
5.19
5.42
5.67
4.37
4.28
4.16
2.88
3.27
3.79
3.52
2.99
4.03
4.08
2.97
3.33
4.69
2.89
3.13
3.31
4.04
2.51
3.81
4.44
4.03
3.81
3.79
3.74
3.14
3.48
3.26
3.61
3.53
3.68
3.70
3.72
3.37
3.86
3.77
3.37
3.86
3.50
3.78
3.62
3.38
4.22
3.36
3.33
3.08
2.92
3.11
3.18
3.39
3.43
4.02
4.54
4.38
4.13
4.32
4.22
4.29
5.11
4.63
4.86
4.77
4.71
6.10
6.03
5.38
5.17
4.66
4.67
5.59
5.40
5.42
5.39
5.09
4.76
4.98
5.41
4.93
4.62
3.63
4.21
3.49
5.22
5.12
5.20
5.02
5.12
4.96
5.32
5.31
5.13
4.22
4.92
4.96
5.03
4.69
4.90
4.49
4.86
4.66
5.10
5.03
4.26
4.51
4.50
4.64
3.86
4.30
5.20
3.96
5.27
4.89
5.24
5.07
5.29
5.49
5.35
5.85
5.84
5.50
5.58
5.36
5.28
5.10
5.62
5.94
5.12
5.14
5.73
5.28
4.86
4.80
5.04
5.14
5.35
5.47
4.86
4.74
5.92
5.49
5.53
5.69
5.24
4.83
5.31
5.67
5.86
5.90
5.69
5.75
5.30
5.29
5.32
4.86
5.30
5.69
5.09
4.89
4.47
4.47
4.42
4.94
4.72
5.00
5.05
5.44
4.78
5.06
5.10
4.84
4.45
4.32
4.50
4.76
4.70
4.16
4.68
4.54
5.01
4.73
4.84
5.41
4.59
4.49
4.79
3.38
3.97
3.39
2.60
3.03
4.91
4.79
4.51
4.48
4.72
4.82
6.10
5.22
4.80
4.87
5.77
4.79
4.02
4.85
4.84
4.94
5.41
5.29
5.52
5.44
4.53
5.14
5.23
4.71
4.83
3.44
5.24
4.15
3.94
4.78
5.41
5.86
5.66
5.63
5.08
5.22
4.45
4.36
2.83
4.19
4.71
4.55
3.05
4.44
4.67
4.83
4.71
5.51
5.44
4.74
4.84
5.56
5.85
5.17
4.45
5.59
5.27
4.99
4.85
5.44
5.26
4.92
4.87
5.39
5.59
4.75
4.99
5.56
5.28
4.92
4.82
4.63
4.59
4.89
4.52
4.37
4.77
3.50
5.31
3.82
5.31
5.71
4.70
5.09
5.46
5.52
4.64
4.93
5.43
4.66
5.02
3.79
4.70
4.72
4.63
5.30
5.46
5.04
5.09
4.75
4.96
4.67
4.93
5.16
4.99
4.94
4.49
4.44
4.96
3.91
4.11
4.73
4.37
4.06
4.15
3.85
4.44
3.94
4.07
4.20
4.07
4.31
4.61
3.94
4.67
4.17
4.41
4.66
4.43
4.00
5.06
3.92
5.47
4.73
4.77
4.91
4.87
5.87
4.89
5.03
5.41
5.33
4.30
5.30
5.20
5.28
5.21
4.94
5.35
5.30
5.47
4.86
4.69
5.19
5.08
5.07
4.93
5.08
5.60
5.03
6.03
5.55
5.89
5.93
5.13
5.59
4.92
4.75
4.49
5.24
4.95
5.30
4.45
4.73
4.84
5.09
5.42
4.42
4.68
5.09
4.36
5.38
4.90
5.16
5.52
5.49
5.33
5.00
5.40
5.27
4.84
4.79
5.13
5.53
5.39
5.23
5.65
5.56
5.46
4.66
2.96
3.06
2.35
2.89
2.04
2.82
3.06
3.22
3.05
3.21
3.96
3.19
2.72
3.99
4.41
3.34
5.02
3.38
5.06
4.72
4.70
5.18
5.52
5.92
5.69
5.90
5.76
5.67
5.41
5.79
5.50
5.68
6.12
5.94
5.12
5.66
5.47
6.37
5.98
5.98
5.33
5.78
5.93
5.06
5.16
5.01
5.39
5.27
5.90
5.10
5.36
5.33
5.16
5.22
4.29
5.14
3.89
3.76
4.17
4.93
5.15
5.51
6.08
4.67
5.36
5.24
4.82
4.04
4.51
5.38
4.89
5.56
5.48
5.28
5.20
5.57
4.80
5.16
5.39
5.25
4.97
5.29
4.61
5.09
5.35
5.30
5.44
5.31
5.40
5.10
5.99
4.75
5.78
5.51
5.58
5.23
5.40
4.81
5.32
5.94
5.56
5.63
4.75
5.36
5.44
5.36
5.08
4.64
5.10
5.02
5.33
5.50
5.35
4.83
5.02
4.95
5.35
5.32
5.09
4.57
5.00
5.05
4.44
5.41
6.16
5.71
5.04
5.55
5.59
5.62
5.51
5.36
4.47
5.28
5.37
5.59
5.21
5.55
5.51
5.25
5.11
5.52
5.65
5.61
5.75
5.40
4.95
5.62
5.35
5.26
4.68
5.43
5.95
5.57
5.95
5.91
5.71
5.75
6.30
5.83
5.96
5.73
5.67
6.14
5.44
5.47
5.81
5.46
5.49
5.48
5.51
5.52
5.72
5.40
5.97
5.58
5.63
4.60
4.90
5.24
5.19
4.53
4.94
5.42
5.20
4.97
4.50
5.46
4.77
5.27
4.21
5.02
5.60
5.43
5.58
5.44
5.31
5.85
5.79
5.20
5.51
5.39
5.31
5.30
5.39
5.11
5.04
5.48
5.49
5.57
5.45
5.71
4.25
4.93
5.55
4.62
4.36
4.82
5.25
5.46
5.14
5.90
4.94
4.77
5.07
5.27
6.05
5.55
5.37
5.46
5.52
5.06
5.63
5.47
6.01
5.43
5.39
5.39
4.97
4.67
4.95
4.95
4.85
5.15
5.23
5.09
5.40
5.45
5.24
5.21
5.31
5.11
5.19
5.28
4.99
5.14
5.58
5.46
4.98
4.80
4.60
5.38
5.23
5.16
5.27
5.46
4.73
5.09
5.44
5.91
5.68
5.02
5.45
5.57
5.67
5.53
5.86
5.35
5.62
6.05
5.78
5.18
5.02
5.65
4.87
5.23
4.89
5.15
5.35
5.19
4.95
5.03
5.52
5.40
5.14
5.21
5.10
5.42
5.22
5.12
5.17
5.34
5.23
5.50
5.50
5.13
5.40
5.16
4.89
5.45
5.41
5.03
5.43
5.27
5.40
5.70
5.47
5.26
5.00
5.75
5.65
5.20
5.68
6.12
5.82
5.61
5.39
5.39
5.44
5.76
5.40
5.12
5.22
5.37
6.02
5.99
5.20
5.56
5.64
5.49
5.71
4.96
5.44
4.75
4.30
5.35
5.19
5.39
5.02
5.02
5.28
5.27
5.25
5.67
5.37
5.00
5.66
5.53
5.45
5.86
5.03
4.91
5.48
5.01
5.43
4.89
5.09
5.25
4.88
5.43
5.65
5.30
5.14
4.79
4.28
5.65
5.47
5.19
5.50
5.28
5.54
4.87
4.76
4.83
4.60
4.77
4.32
5.08
5.12
4.65
5.24
5.43
5.59
5.50
5.19
5.06
5.37
4.94
4.92
5.12
5.51
5.46
5.98
5.48
5.37
6.09
5.29
5.63
4.65
4.37
4.94
4.53
5.03
4.81
4.78
4.71
4.72
4.30
5.06
4.67
4.90
5.66
5.37
4.92
5.34
4.82
4.77
4.42
4.78
4.84
4.42
3.95
4.18
5.46
6.07
6.08
5.39
5.83
5.13
5.06
4.43
3.97
4.22
3.73
4.09
4.04
4.14
5.48
4.98
4.99
5.76
5.48
5.82
6.15
5.32
5.12
5.41
5.56
5.52
5.01
5.51
5.76
5.08
5.14
5.62
5.78
5.34
5.26
4.81
5.11
5.35
4.62
4.39
5.38
5.64
5.21
5.12
5.51
5.21
5.78
5.31
5.24
5.68
5.38
5.71
5.24
5.18
5.33
5.25
4.73
5.00
5.12
4.37
5.47
5.50
5.37
6.14
5.70
4.81
5.26
5.74
5.46
5.99
5.67
6.04
5.51
4.86
5.56
5.07
5.80
5.67
5.74
6.07
5.78
6.05
5.40
5.84
5.50
6.30
5.66
5.66
5.76
5.42
4.85
5.29
5.46
5.66
6.19
6.27
6.08
6.55
4.76
5.66
6.09
5.72
4.93
5.93
5.23
5.50
5.43
4.96
4.85
4.92
3.37
3.23
3.17
3.95
3.33
3.72
3.68
3.39
3.14
3.41
3.31
3.58
3.30
2.67
2.84
3.34
2.36
2.92
3.30
2.59
3.05
3.00
3.07
2.75
3.24
2.21
2.84
4.12
4.65
3.43
4.11
3.49
4.02
4.26
4.04
4.05
4.03
4.02
4.43
3.86
4.27
4.20
3.07
3.13
2.96
2.40
2.65
1.99
1.96
1.70
1.85
2.10
1.76
1.89
2.03
1.87
2.12
2.63
3.33
3.37
3.10
2.43
2.57
3.28
4.04
3.36
3.43
2.77
2.79
2.99
3.50
3.17
3.85
3.30
3.66
3.25
2.34
3.75
4.15
3.84
3.88
4.24
3.71
3.53
3.41
3.73
3.33
3.64
3.11
3.33
3.53
3.73
3.85
3.95
3.85
3.48
3.53
3.35
3.69
3.81
3.88
3.07
3.68
3.89
3.60
3.05
3.75
3.98
3.75
3.56
4.17
3.46
3.82
3.55
3.86
3.86
3.65
3.81
3.41
2.94
3.66
3.68
3.59
3.45
3.72
3.72
3.63
3.84
3.82
3.07
3.71
3.54
3.55
3.63
3.50
3.22
3.37
2.41
2.65
2.47
2.29
2.85
2.56
3.38
3.31
3.30
3.75
3.38
2.55
3.66
2.23
3.83
3.47
3.49
3.44
3.23
2.50
3.42
3.16
3.42
2.55
3.08
2.62
3.53
2.90
2.78
1.47
2.22
2.79
2.11
3.05
2.51
2.93
3.52
2.21
3.33
2.72
2.32
2.64
3.45
3.13
3.08
2.90
2.86
2.67
2.70
3.12
2.97
2.42
2.33
2.77
2.81
3.03
2.04
2.53
3.01
2.18
2.89
3.33
2.49
2.64
2.28
2.41
2.03
2.40
2.94
2.43
2.33
3.08
2.75
2.83
3.20
3.13
2.05
2.48
2.44
2.50
2.03
2.40
3.27
2.25
2.39
2.87
3.18
1.99
2.57
2.60
2.14
2.05
2.45
2.36
1.69
1.78
1.59
1.71
2.03
2.33
2.38
3.81
2.47
1.71
2.94
3.11
3.26
3.15
2.66
2.08
1.66
2.38
2.02
1.90
2.40
2.79
2.14
2.26
3.00
3.24
3.12
2.69
2.63
2.88
2.96
1.97
1.77
1.48
1.07
1.25
1.24
1.17
2.02
2.19
2.06
1.95
2.12
2.25
1.48
2.62
2.39
3.23
4.71
3.97
3.78
4.22
4.50
4.88
4.15
3.96
4.01
2.66
3.09
2.97
3.30
2.76
3.49
2.44
3.54
2.80
2.96
3.09
3.48
2.67
1.78
1.73
2.39
3.28
3.15
2.81
3.28
4.17
3.93
2.84
1.75
3.83
2.89
3.11
2.15
1.98
3.25
3.24
3.13
3.28
2.77
2.97
2.12
3.68
4.48
4.84
4.94
4.90
5.00
4.89
4.25
4.97
4.52
5.01
5.02
4.94
4.80
4.72
4.66
4.06
3.51
4.55
3.86
3.85
4.56
4.14
3.72
2.35
3.76
4.44
4.41
3.80
3.44
3.76
4.20
3.84
3.91
3.88
3.68
3.74
4.42
4.37
4.01
4.31
4.65
4.05
3.99
4.21
4.12
3.28
3.27
4.21
3.75
3.56
3.83
3.78
3.52
3.72
3.20
3.87
3.74
3.30
1.89
3.57
3.73
3.35
4.11
3.93
3.97
3.11
3.78
4.31
3.44
3.11
2.54
2.29
1.83
2.88
1.66
3.00
2.61
2.10
1.49
1.91
2.42
1.21
2.48
2.64
3.60
3.95
3.36
3.94
2.82
2.57
3.25
3.53
3.85
4.84
3.65
3.94
3.44
4.08
4.27
3.54
2.95
4.01
2.79
3.34
3.23
3.23
3.38
3.62
4.01
2.65
3.21
3.25
3.05
3.30
3.70
3.95
3.62
3.88
3.71
3.76
4.66
4.46
3.80
3.27
3.48
4.43
4.28
4.25
4.60
4.66
4.70
4.83
4.69
4.40
4.82
4.34
3.86
4.11
4.45
4.82
4.38
3.66
3.55
3.53
3.89
4.11
3.96
3.62
4.50
3.96
3.76
3.31
3.77
3.98
3.95
3.94
3.63
4.28
2.32
2.87
2.83
3.11
3.06
1.99
3.06
2.04
2.59
2.10
2.87
2.30
3.73
2.34
3.01
2.41
2.54
3.02
4.69
4.97
3.62
3.18
3.92
4.90
3.64
2.93
3.60
2.77
4.21
3.56
2.58
2.34
3.03
2.60
3.53
3.24
2.58
3.50
4.18
3.52
2.65
2.88
3.09
3.57
3.05
3.62
3.57
3.54
2.80
2.10
2.27
1.58
1.22
1.70
2.32
2.81
3.03
2.13
3.43
2.61
1.90
3.69
3.62
4.56
4.17
4.08
3.76
3.57
3.95
4.57
3.78
3.10
1.94
1.28
2.11
2.58
1.82
2.03
1.55
1.28
1.38
1.22
1.57
1.36
1.59
1.64
1.49
1.22
2.20
1.73
2.02
1.79
2.12
2.19
2.42
3.06
2.82
3.07
3.36
4.01
3.81
2.92
3.92
3.17
4.00
3.16
3.96
4.46
4.53
4.68
4.22
4.00
4.15
4.77
4.18
4.73
4.07
4.79
4.12
4.66
4.37
4.63
3.54
3.61
3.04
3.63
3.52
2.95
3.44
3.17
3.08
3.33
3.22
3.56
3.44
3.65
3.09
2.91
2.93
2.94
3.36
3.08
3.55
3.57
3.26
3.05
3.52
3.44
3.48
3.52
3.19
4.20
3.99
4.75
4.61
4.67
4.54
4.05
4.70
4.76
5.01
4.55
4.48
4.37
4.69
4.36
4.66
4.57
4.09
3.63
4.54
3.72
4.23
4.04
4.89
5.20
4.66
5.10
5.16
4.33
4.67
5.03
4.76
4.23
4.55
4.67
4.21
4.58
3.67
4.00
2.36
2.45
3.71
3.74
3.05
4.34
3.61
2.97
1.55
1.81
2.24
1.94
1.30
2.06
1.49
1.95
3.42
2.88
3.76
3.59
4.27
4.21
4.45
3.72
4.24
4.63
3.89
3.93
3.67
3.80
3.34
4.14
4.35
4.18
4.50
4.08
3.64
3.22
3.36
3.05
3.52
3.98
4.50
3.96
3.84
4.63
4.02
4.19
4.47
4.41
4.35
4.05
4.05
4.15
4.05
4.03
4.61
4.80
3.94
4.72
4.26
4.18
4.64
4.24
4.29
4.44
4.79
4.02
4.02
4.25
3.96
3.59
4.36
4.50
4.65
4.55
4.30
3.79
3.92
4.46
4.00
4.06
4.02
4.36
4.07
4.43
4.42
4.14
4.18
4.62
4.27
4.51
4.78
5.03
4.26
4.26
4.40
4.06
4.52
4.18
3.94
4.63
3.94
4.39
4.85
4.42
4.58
3.58
4.15
4.35
3.86
4.24
4.69
4.50
4.40
4.45
4.15
4.84
4.35
4.66
4.74
4.68
4.49
4.68
4.37
2.83
3.71
3.98
4.77
4.55
4.00
4.02
4.58
5.18
3.03
3.98
4.47
4.19
4.31
4.27
3.96
4.10
5.01
4.22
3.60
3.62
4.78
2.44
3.86
3.34
3.43
3.13
3.62
2.57
2.97
3.42
3.61
3.29
2.44
3.20
2.86
2.77
2.61
3.48
3.37
3.34
2.98
2.86
3.64
2.17
3.69
4.23
4.29
4.41
3.16
2.52
3.79
3.38
3.31
2.83
3.48
4.06
4.30
4.10
3.54
3.42
3.92
3.97
4.10
4.01
3.50
3.30
2.58
2.36
2.31
2.95
2.63
2.33
3.37
3.48
3.36
3.20
3.22
2.45
3.52
3.86
3.87
2.91
3.01
3.43
3.06
4.34
3.55
3.60
3.36
4.50
3.50
3.72
3.89
4.10
2.99
2.93
3.26
3.40
3.11
4.57
3.59
3.73
4.28
3.63
3.65
4.03
3.11
3.81
3.75
3.54
3.58
2.87
2.77
3.50
3.03
2.98
3.16
3.47
4.02
2.93
3.56
3.62
3.76
3.42
3.28
3.59
4.03
3.02
2.88
3.59
3.03
2.47
2.68
2.66
2.76
2.59
2.83
2.62
1.69
1.70
2.36
2.84
2.99
3.11
2.46
2.41
2.71
2.52
2.87
2.59
3.06
3.20
2.79
3.02
2.33
2.53
3.92
2.34
2.62
2.63
2.27
2.09
2.89
2.40
2.07
2.08
2.29
2.26
3.84
2.19
3.48
2.30
3.02
2.42
2.41
3.63
3.03
3.01
2.51
3.59
3.49
2.45
3.49
2.94
2.56
3.20
3.21
3.08
2.79
2.77
2.36
2.54
2.40
3.23
2.43
2.56
2.95
2.83
2.94
2.94
2.37
2.45
1.80
2.76
2.48
2.38
1.79
3.17
3.29
2.55
2.66
2.61
2.59
2.58
1.74
3.32
3.07
2.59
2.26
2.38
2.04
1.59
2.82
2.32
3.28
3.03
3.49
1.90
4.05
4.75
3.93
3.08
2.77
2.99
3.58
3.77
3.55
3.54
2.85
2.76
3.44
3.00
3.28
3.67
2.72
2.43
2.71
2.77
3.13
3.22
2.62
2.38
2.08
1.45
2.24
2.37
2.98
2.01
3.22
2.71
2.82
2.90
3.54
2.27
2.71
2.08
3.24
3.10
2.38
2.19
3.15
2.05
1.86
2.59
2.35
1.93
2.27
2.47
1.70
3.14
2.00
2.33
1.26
2.09
2.65
1.70
3.76
3.53
3.51
2.57
2.12
2.97
2.75
2.76
3.06
3.07
2.54
3.02
3.47
3.18
3.48
2.96
3.37
3.04
3.13
2.34
2.95
2.86
3.04
2.54
2.78
2.55
2.03
2.06
2.74
2.84
2.32
2.61
3.73
2.37
2.60
2.60
2.73
3.28
5.56
2.77
2.18
2.95
2.98
2.01
1.94
3.26
3.91
3.65
4.03
4.02
4.20
3.90
4.35
4.06
4.20
4.16
4.00
4.13
3.58
3.87
4.31
3.75
4.30
4.47
3.77
4.03
4.05
3.58
3.46
3.56
4.03
2.35
3.00
3.38
2.97
3.01
1.94
2.52
3.15
2.82
3.25
3.34
3.22
2.77
4.39
4.45
3.73
2.30
3.20
3.77
2.95
3.47
3.71
3.41
3.89
3.76
3.42
3.21
2.53
3.66
2.59
4.11
3.80
3.36
4.27
3.00
2.77
2.08
2.60
3.13
1.78
3.38
2.52
1.98
3.57
3.76
2.43
2.68
3.86
3.95
3.30
3.30
3.23
2.67
1.90
2.56
2.90
2.74
2.95
1.99
2.80
2.63
3.16
3.11
3.00
2.04
2.61
3.39
3.12
3.47
3.35
3.09
3.60
3.18
2.43
3.42
3.16
3.49
3.55
3.67
3.77
4.22
4.51
3.29
3.01
4.03
4.54
3.55
2.50
2.03
2.72
2.38
2.06
2.53
4.16
3.87
3.71
3.14
1.89
2.63
3.68
3.54
2.32
3.10
3.41
2.22
2.09
2.58
2.84
2.51
2.38
2.11
2.97
2.65
2.88
3.31
3.29
2.12
2.58
1.67
2.93
3.79
4.09
3.26
3.77
2.95
5.13
4.06
4.51
3.61
4.43
3.61
4.14
3.92
4.03
4.08
4.70
4.97
4.05
3.03
3.67
3.45
2.00
1.98
1.84
1.75
2.70
2.34
3.45
1.81
2.85
4.33
2.93
4.03
4.27
4.79
4.37
3.50
3.21
5.05
3.36
4.17
5.18
4.87
3.84
4.19
2.39
3.60
5.32
5.04
4.96
3.82
2.98
3.03
4.27
4.84
5.10
4.70
4.75
3.90
4.23
4.52
4.31
4.65
3.52
3.79
3.16
4.79
3.92
2.96
3.89
2.84
3.43
2.24
3.43
4.16
3.77
3.77
2.81
3.24
2.03
2.32
4.26
3.92
2.04
2.76
2.78
1.63
3.06
2.78
3.92
3.82
4.26
3.69
3.32
3.29
2.90
3.26
3.89
3.25
2.22
3.42
2.78
1.31
1.62
1.85
2.11
1.75
2.16
2.18
2.08
1.88
2.42
2.66
1.40
2.43
2.40
3.13
2.19
2.32
1.70
1.52
1.42
1.27
1.55
2.09
2.06
1.64
1.76
1.82
1.52
1.89
1.25
1.89
2.02
1.98
2.15
2.84
2.36
1.52
1.20
1.74
1.58
1.52
2.20
2.04
1.83
1.62
1.65
1.60
1.39
1.11
1.30
1.77
2.14
1.24
1.62
1.69
1.82
2.14
1.98
1.93
1.19
1.45
2.77
2.16
2.73
2.17
1.62
2.80
2.20
2.11
2.15
2.51
1.96
2.83
2.11
2.01
2.04
1.85
2.02
3.13
2.87
2.47
3.18
4.39
4.08
4.64
2.99
3.42
4.62
3.93
3.43
3.26
3.05
4.07
3.00
5.28
5.67
5.76
5.15
4.75
5.24
5.22
4.89
4.72
4.47
3.86
3.99
4.24
4.25
4.52
4.03
3.27
3.11
3.83
3.77
3.12
3.80
4.32
4.92
3.35
3.37
3.72
3.99
4.18
4.03
3.88
3.21
3.53
4.74
3.43
5.76
4.65
4.91
4.84
5.36
5.56
4.87
5.24
4.62
4.82
5.34
4.97
5.59
5.34
4.80
3.13
3.64
3.16
3.12
2.71
4.48
3.84
3.90
4.06
4.45
2.59
3.31
3.03
3.42
3.75
4.18
3.38
3.97
3.84
3.47
3.66
4.15
4.01
4.19
3.90
4.34
3.79
4.10
3.50
3.42
3.41
3.52
3.75
2.50
2.52
2.76
2.01
2.36
1.18
1.12
1.38
2.64
1.46
2.13
2.42
3.79
4.38
3.93
4.02
3.69
3.21
4.15
4.37
3.57
2.58
3.60
2.08
2.40
2.06
2.08
2.91
2.80
1.90
4.51
3.33
2.74
3.28
3.16
2.97
2.69
4.02
4.87
4.61
2.99
3.06
2.71
2.24
1.72
2.38
2.01
2.41
4.40
3.99
3.44
2.48
3.50
4.24
2.06
2.92
2.63
1.77
2.55
2.16
2.19
1.68
1.81
2.14
1.80
1.41
1.55
2.49
1.49
2.39
1.71
1.45
1.38
1.53
1.16
1.31
1.50
1.20
1.73
1.12
1.48
1.22
1.85
1.50
1.66
1.48
1.77
1.64
1.45
1.90
1.86
1.84
1.39
1.27
2.23
1.47
2.27
1.98
1.29
1.61
1.30
3.13
1.74
1.43
1.26
1.83
1.32
1.80
1.64
1.27
1.60
1.41
1.26
1.50
1.70
1.68
1.88
1.72
1.69
1.82
1.52
1.33
1.74
2.32
1.59
1.67
1.77
1.48
1.67
1.89
2.06
2.13
1.57
1.62
1.49
1.61
1.81
1.78
1.75
1.63
2.12
2.00
1.21
1.63
1.76
1.08
1.83
1.29
2.24
2.38
2.81
2.08
1.47
1.65
1.40
1.76
1.97
1.72
1.11
1.08
2.61
1.78
1.19
1.69
1.50
1.63
1.50
1.62
2.05
1.67
1.71
1.78
1.80
1.25
1.73
1.85
2.01
1.92
1.91
2.38
2.04
2.12
2.30
1.83
1.54
1.51
2.13
2.00
2.05
2.62
2.36
1.75
1.69
1.96
1.80
1.88
1.74
1.88
1.86
1.96
1.68
2.20
1.55
1.65
2.53
1.77
1.96
1.52
2.04
2.44
2.13
2.87
2.31
2.21
2.22
2.24
2.09
2.15
2.22
1.80
2.32
2.27
1.93
1.78
1.34
1.46
2.42
2.04
1.91
1.36
1.22
1.65
1.91
1.51
1.66
1.40
1.66
1.53
1.58
1.64
2.03
1.92
1.63
1.46
1.80
1.41
1.29
1.07
1.59
1.76
2.00
1.30
1.33
1.09
1.80
1.76
1.77
1.46
1.47
1.53
1.55
1.36
1.33
1.45
1.68
1.98
1.44
1.72
1.50
1.54
1.27
1.49
1.31
1.31
1.36
1.61
1.30
1.20
1.60
1.56
1.26
1.29
1.52
1.46
1.36
2.28
2.59
1.91
2.66
2.86
3.15
2.44
1.96
2.36
2.33
2.24
1.72
1.62
1.58
2.35
1.43
1.40
1.43
1.28
1.58
2.00
2.21
2.15
2.33
2.22
1.84
2.20
1.61
3.17
3.04
3.53
2.58
3.02
2.78
2.48
2.91
3.19
3.36
2.67
2.84
3.15
2.40
2.72
2.82
3.44
3.04
3.06
3.39
3.12
2.75
2.51
1.87
1.36
2.01
2.15
2.29
2.46
2.40
2.19
2.40
2.19
2.51
2.54
1.80
1.76
1.43
3.04
2.04
1.67
2.29
1.59
2.15
1.73
1.69
2.13
1.47
1.58
1.47
1.72
1.60
1.15
1.76
1.24
1.35
1.98
1.86
1.78
1.79
1.68
1.35
1.30
1.65
1.60
1.71
1.56
1.80
1.97
1.67
2.52
1.73
1.82
1.77
2.06
2.27
2.66
1.62
1.67
1.59
1.82
2.16
2.10
4.48
3.01
2.62
2.02
3.21
4.02
3.07
3.20
3.37
3.00
3.70
3.05
3.56
3.49
3.48
3.73
3.85
4.78
3.69
3.78
2.40
2.87
2.05
2.14
2.56
2.79
3.97
3.41
3.68
3.90
3.08
3.26
3.74
3.14
3.82
3.58
2.87
3.19
2.91
2.71
4.01
3.41
3.01
3.36
4.08
2.87
3.71
3.88
3.06
3.03
4.07
3.07
2.36
2.50
3.18
2.18
2.71
3.25
3.76
2.92
3.43
3.40
3.47
2.39
2.63
3.22
2.66
3.74
3.45
3.00
3.11
4.26
3.34
4.36
4.15
3.97
4.43
3.12
3.09
3.77
3.81
4.05
4.27
4.37
4.54
4.59
4.02
4.27
4.04
4.21
4.18
4.53
3.94
4.44
4.13
3.19
3.10
3.39
2.98
3.04
3.34
3.83
4.39
3.52
3.70
4.07
4.35
3.76
3.13
4.30
3.16
3.50
3.76
4.33
4.18
3.86
2.84
2.56
3.38
3.45
2.88
3.33
4.09
4.24
4.77
4.94
3.02
4.10
4.31
4.11
4.07
3.52
3.57
2.94
4.13
4.92
4.65
4.52
4.38
3.95
3.82
3.84
3.25
3.11
3.19
2.74
3.07
3.81
2.40
2.00
2.63
2.71
2.75
1.97
2.60
2.88
3.44
3.74
4.02
4.04
3.42
3.58
2.64
3.51
2.76
3.13
3.20
2.71
1.98
2.80
2.55
2.36
2.72
1.87
1.39
2.42
2.84
2.53
2.71
2.86
2.21
2.27
2.89
2.01
2.25
2.45
2.94
2.91
2.88
2.55
2.52
2.94
3.02
2.31
3.09
3.09
2.84
2.80
3.28
3.07
2.57
2.54
2.40
2.65
2.92
2.23
2.59
2.44
2.37
2.47
3.77
3.84
2.86
3.17
3.44
2.94
2.78
2.92
3.42
3.34
3.42
3.38
2.23
2.25
3.08
3.31
2.92
3.05
2.74
2.89
3.06
3.33
3.09
3.37
3.66
3.42
3.09
3.01
3.26
3.23
3.09
3.06
3.46
3.32
3.30
2.96
3.10
3.08
3.34
2.90
2.61
3.35
2.97
2.26
2.12
2.49
3.28
2.97
2.97
2.25
3.08
2.49
3.05
3.32
2.44
2.55
2.71
2.65
2.56
2.30
2.97
2.38
2.32
2.69
3.30
2.58
2.83
2.28
2.06
1.96
2.03
1.79
1.64
2.06
2.90
2.97
3.01
1.58
2.88
3.57
2.70
2.94
3.24
2.54
2.98
3.59
2.27
2.99
2.76
2.44
2.42
2.01
2.92
2.85
2.92
3.16
2.34
3.03
3.85
2.48
4.29
3.70
3.80
2.70
2.68
2.70
2.77
3.32
3.28
3.86
3.55
4.17
3.74
3.75
4.13
3.61
3.61
3.89
4.06
3.64
4.10
3.95
3.08
3.56
3.31
4.03
3.39
3.34
3.92
4.09
3.67
3.22
3.97
4.36
4.20
3.90
3.42
3.21
3.79
4.39
4.06
4.06
3.61
4.05
3.19
3.66
2.90
3.82
4.17
4.87
4.49
4.42
3.96
4.22
3.35
2.98
3.72
3.85
4.19
4.00
4.16
3.91
4.82
4.44
3.74
4.21
4.16
3.93
4.05
4.42
4.63
4.48
4.27
3.26
4.78
4.77
5.24
4.53
4.55
5.11
4.27
4.62
4.33
4.29
4.02
4.82
4.59
3.96
4.30
3.77
3.75
3.80
3.53
3.74
3.48
3.60
3.45
3.86
3.83
3.52
4.05
3.45
3.16
3.12
3.07
3.20
3.12
3.24
3.35
2.41
3.13
2.70
2.45
2.64
2.91
2.79
2.95
2.43
2.07
3.83
2.96
2.67
3.16
2.92
3.23
3.95
2.85
2.74
2.68
4.61
4.18
4.33
4.21
4.65
4.17
3.75
3.68
3.53
4.04
3.12
3.10
3.25
4.43
4.04
3.48
3.37
2.75
2.82
3.48
3.24
2.57
2.89
3.56
3.84
3.37
3.84
4.21
3.60
3.95
4.24
4.04
4.15
4.06
3.91
3.99
3.23
4.17
4.06
3.29
3.21
3.47
3.85
3.54
3.03
4.24
4.06
3.76
3.19
3.06
3.34
3.66
3.51
2.68
2.99
2.53
3.83
3.10
3.25
3.35
3.28
3.52
3.05
2.72
2.72
2.58
2.69
2.22
2.14
2.87
2.45
2.68
2.69
2.35
2.47
2.48
2.70
2.72
2.48
2.62
2.92
2.66
3.10
2.37
2.43
2.68
2.69
2.92
3.69
2.87
2.73
3.25
2.50
3.06
3.60
2.94
3.01
2.70
2.78
2.56
3.38
3.39
3.07
3.66
4.26
4.21
4.01
4.04
4.05
4.21
3.72
3.57
3.49
3.60
4.09
3.81
3.53
2.94
3.27
3.79
3.49
2.59
2.89
2.93
3.03
3.01
2.56
3.77
2.70
3.16
3.74
2.83
3.58
3.26
3.06
3.05
3.37
4.22
3.18
3.29
3.49
3.60
3.92
3.23
2.95
4.08
3.30
2.81
3.06
3.68
3.42
3.45
3.30
3.40
3.32
3.35
3.48
4.51
4.63
4.85
3.94
3.34
3.43
4.19
4.54
3.51
3.52
3.79
3.98
3.67
3.53
2.97
2.86
3.23
2.97
3.06
3.00
3.16
2.39
2.99
3.80
3.40
2.67
3.16
2.80
2.92
2.85
2.78
2.63
3.35
3.13
3.30
3.00
2.72
3.05
2.93
3.30
2.82
2.59
2.70
2.93
2.65
3.33
3.33
3.62
3.36
3.24
3.28
3.14
3.50
3.40
4.03
3.63
3.00
4.41
4.05
4.49
3.40
3.96
3.61
3.46
3.34
3.42
2.71
2.62
3.83
3.59
3.23
2.99
3.08
4.22
3.88
3.62
3.54
3.59
3.44
3.37
3.63
3.83
2.77
2.86
3.09
3.12
3.63
2.99
3.09
2.70
3.04
3.02
2.43
3.37
3.20
2.84
2.88
3.02
3.11
2.32
2.96
2.14
2.73
2.20
2.80
2.99
3.11
2.64
2.67
2.67
2.87
2.22
2.14
2.63
2.66
2.44
3.06
2.12
3.19
3.48
3.50
2.99
3.66
2.63
2.56
2.00
2.59
2.32
2.77
2.96
2.26
2.20
1.62
1.72
2.01
2.27
2.46
3.33
3.91
4.07
4.09
4.17
3.87
3.46
3.31
3.73
4.47
3.33
4.06
3.76
3.81
4.08
3.12
3.16
2.87
2.71
2.68
3.21
3.21
3.32
3.07
3.63
3.79
4.12
2.90
3.17
2.82
3.02
3.59
3.85
3.14
3.43
3.16
3.19
3.30
3.44
3.49
3.52
3.44
4.22
3.88
3.36
2.79
2.68
3.55
3.18
3.15
3.60
3.69
3.50
3.50
3.49
3.39
2.78
3.23
3.14
3.28
2.80
3.82
2.92
3.13
3.04
3.47
2.40
3.24
4.04
3.59
4.66
3.69
3.53
4.25
3.26
3.36
2.94
3.75
3.80
3.54
3.09
3.08
3.92
3.15
2.94
4.76
3.72
3.26
3.83
3.84
3.18
3.46
3.47
3.43
3.75
3.63
2.81
3.74
4.37
3.39
3.44
3.01
2.85
3.68
3.03
2.45
3.31
3.14
3.51
2.54
2.95
2.95
3.03
2.54
2.99
3.58
3.79
4.15
3.85
3.51
3.54
3.48
4.42
3.32
3.97
4.15
3.60
3.43
3.18
3.25
3.62
3.46
3.47
3.16
3.61
3.60
3.76
3.02
3.23
3.15
3.88
2.06
1.93
2.03
3.23
3.01
2.50
3.05
2.73
2.96
2.89
3.62
3.14
3.28
3.24
3.08
3.50
2.97
3.19
3.78
3.60
3.55
3.33
3.04
2.74
2.72
2.83
2.98
3.58
3.50
3.47
3.75
3.65
2.83
3.81
3.68
3.24
3.63
3.51
3.10
2.96
3.54
3.37
2.84
2.86
3.40
3.75
3.57
3.35
2.93
3.37
3.25
3.32
3.36
3.27
3.26
3.40
3.64
2.72
3.40
3.36
3.30
3.12
3.66
3.79
3.54
3.37
3.38
3.87
3.52
3.13
3.10
3.13
3.24
2.93
3.11
3.14
3.42
3.08
3.25
3.51
3.30
4.20
3.06
3.22
3.79
2.96
2.93
2.78
2.73
2.35
2.33
3.33
3.02
2.27
3.36
2.90
2.36
3.19
2.20
2.72
3.20
3.35
2.49
2.98
2.99
3.24
2.54
2.72
2.98
3.23
3.34
3.04
2.90
3.15
2.95
3.04
3.62
2.92
3.15
2.31
3.03
2.79
3.40
3.44
3.67
3.55
3.17
2.75
3.74
2.98
2.99
2.58
2.93
2.94
2.87
2.86
2.72
3.40
3.42
3.63
3.55
3.89
3.56
2.43
2.95
3.04
2.54
3.00
3.06
3.96
2.91
2.69
2.20
2.74
2.06
2.42
2.37
2.24
2.23
2.61
2.06
2.18
1.72
2.36
1.94
2.08
2.56
2.89
2.29
2.51
2.66
2.32
2.77
2.62
2.51
2.38
2.02
1.90
2.53
2.18
2.54
2.53
2.22
2.46
2.40
2.45
3.26
3.13
3.26
3.54
3.36
3.45
2.63
2.35
2.86
2.61
2.61
2.66
2.83
2.47
2.17
2.05
2.14
2.14
2.00
2.75
2.22
2.17
3.14
2.32
2.36
2.55
2.01
2.45
2.36
2.57
2.50
1.59
1.76
1.84
1.72
1.75
2.69
1.83
1.96
2.34
2.29
2.73
2.49
1.54
2.22
2.06
2.02
2.03
1.87
1.42
1.57
1.58
1.81
2.04
2.83
2.18
2.65
1.95
1.97
1.61
1.43
1.39
1.90
1.46
1.49
1.64
1.85
1.72
1.58
1.09
1.46
1.65
1.58
1.44
1.43
1.72
1.44
1.59
1.33
1.49
1.50
1.48
1.72
1.38
1.41
1.24
1.41
1.69
1.52
1.28
1.54
1.31
2.08
1.61
1.45
1.30
1.91
1.33
1.43
1.54
1.71
1.42
1.32
1.22
1.50
1.44
1.53
1.52
1.38
2.52
1.75
1.82
1.41
2.18
1.85
1.77
2.12
1.65
1.87
1.61
1.76
1.46
1.54
2.11
1.85
1.70
1.92
2.65
1.90
2.24
1.69
2.07
2.14
1.99
1.37
1.79
1.83
1.44
1.68
2.42
1.94
1.68
2.44
1.74
2.28
1.58
2.12
2.73
1.98
1.19
1.43
1.31
1.28
1.44
1.56
1.69
1.89
1.70
1.91
1.92
1.97
1.47
1.31
2.14
1.31
1.67
1.47
1.56
1.89
2.07
1.34
1.30
1.18
1.61
1.52
1.43
1.65
1.83
1.46
1.47
1.35
1.82
1.39
1.75
1.56
1.68
1.86
1.60
1.69
1.68
1.71
1.58
1.70
1.40
1.48
1.58
1.58
1.37
1.32
1.73
1.47
2.03
1.31
1.83
1.26
1.39
2.08
1.58
1.25
1.37
1.41
1.43
1.14
1.08
1.26
1.53
1.33
1.26
1.78
1.38
1.63
1.24
1.49
1.55
1.12
1.26
1.32
1.21
1.44
1.39
1.33
1.27
1.35
1.41
1.11
1.57
1.16
1.01
1.50
1.19
1.22
1.82
1.95
2.67
2.48
2.95
2.69
1.97
3.43
3.36
2.91
3.12
3.21
2.64
3.58
3.43
3.30
3.12
3.84
3.12
2.26
1.73
1.82
1.52
2.45
2.28
1.24
1.50
1.68
1.31
1.07
1.08
1.28
1.54
1.96
1.16
1.88
0.89
0.94
2.16
2.83
2.59
2.61
2.31
1.66
1.35
1.20
1.49
1.38
1.37
1.11
1.19
1.29
1.06
1.79
1.98
1.39
1.05
1.88
1.96
1.85
1.72
2.64
2.39
1.70
1.83
2.16
1.30
1.26
1.71
1.97
2.30
2.89
3.44
2.80
2.39
1.82
1.78
1.78
2.67
2.30
1.90
2.01
2.23
2.70
3.82
2.29
3.71
3.50
2.23
3.76
2.19
1.58
2.07
0.93
1.06
1.52
1.59
1.72
2.24
1.00
1.51
0.81
0.83
0.93
0.74
1.12
0.87
0.90
1.40
1.41
1.75
2.27
1.80
2.27
1.69
2.48
2.54
2.65
2.43
2.22
1.96
2.55
1.78
2.48
2.29
2.34
1.94
1.88
2.33
1.55
1.64
1.33
2.01
2.02
1.57
2.02
2.28
2.28
3.45
2.62
2.47
2.91
2.43
3.00
2.08
1.54
1.86
1.61
1.99
1.84
1.81
1.33
1.49
1.32
1.90
1.28
1.39
1.50
1.38
1.52
1.54
1.94
1.77
2.69
1.66
2.26
2.09
2.55
3.62
3.28
4.15
3.20
3.55
3.05
3.77
4.37
3.83
2.41
2.58
2.78
3.31
2.18
2.49
2.16
2.12
2.20
2.41
2.11
3.15
2.18
1.86
4.14
1.70
2.18
1.17
1.50
2.45
2.39
2.61
2.21
2.50
2.44
2.11
1.80
1.62
2.51
1.78
2.03
1.54
1.83
1.38
1.87
1.46
1.91
1.59
2.10
1.81
1.92
2.55
2.32
2.65
2.34
1.81
2.37
2.76
1.92
1.50
2.42
1.47
2.51
