10.22
9.36
9.01
8.88
8.75
8.78
8.96
8.71
9.22
8.74
8.46
8.50
8.78
9.63
9.89
9.07
8.40
9.40
8.38
8.32
9.05
8.22
8.36
8.93
8.05
8.69
9.27
8.60
9.30
9.04
9.06
8.92
9.22
9.67
9.11
9.40
8.55
8.94
8.56
8.94
8.98
8.89
8.92
9.61
9.68
9.68
8.85
8.87
8.74
10.19
8.93
9.00
8.82
8.90
8.64
8.99
8.73
8.47
8.73
8.96
9.76
8.81
8.69
9.17
9.50
8.53
8.90
9.28
8.94
9.64
9.11
8.92
8.83
8.97
9.63
9.92
9.60
9.55
9.01
9.23
9.35
9.04
7.89
7.98
8.02
8.35
7.49
7.35
8.50
7.90
6.86
8.04
8.12
7.53
8.22
7.33
8.02
7.63
7.91
8.94
7.94
7.87
8.16
8.09
8.89
8.70
8.48
8.96
9.43
9.31
9.17
8.51
8.56
8.95
8.08
9.77
9.35
9.95
8.10
8.28
8.45
8.18
8.88
8.12
8.96
8.84
8.75
8.19
8.76
8.33
8.79
8.73
8.91
8.21
8.24
7.85
8.40
8.85
8.92
9.58
8.77
8.54
9.11
8.92
8.34
9.84
9.46
9.31
8.88
9.26
9.13
9.17
8.82
9.73
9.14
8.56
9.31
9.43
9.09
8.65
9.45
8.81
8.49
9.04
9.24
9.01
9.11
9.11
8.47
8.89
8.78
9.14
8.90
9.02
9.19
8.66
9.01
8.79
8.61
8.87
8.77
8.12
8.76
8.85
8.00
7.94
8.99
8.69
8.68
8.04
8.76
8.55
8.44
8.39
8.00
8.66
8.52
8.33
9.05
8.45
8.84
7.79
9.07
8.72
8.67
8.71
8.81
8.25
7.93
7.69
8.29
8.15
8.29
7.70
8.06
9.61
9.61
8.82
8.11
8.58
8.80
9.09
8.38
8.02
8.32
8.53
8.27
8.51
8.65
7.91
8.52
8.62
9.25
8.71
8.22
8.36
8.87
7.58
9.31
9.00
8.93
8.97
9.11
9.08
8.95
9.17
9.72
9.39
9.57
8.80
9.74
8.53
8.87
8.01
9.30
8.18
9.28
7.88
8.46
8.62
9.35
8.78
8.96
8.19
9.05
8.70
9.13
8.88
9.37
9.15
8.74
9.27
8.98
9.59
9.78
8.92
8.86
8.82
9.42
8.17
9.04
8.33
8.98
8.99
8.92
8.75
9.25
8.51
8.91
8.42
8.50
8.37
9.11
9.09
9.52
9.27
9.29
9.13
9.67
9.70
9.81
8.80
9.26
9.85
9.68
9.24
9.72
7.94
8.59
8.90
9.73
8.95
9.59
9.30
9.63
9.17
9.53
9.32
9.44
9.32
9.36
8.75
8.86
8.38
9.06
8.91
8.98
8.47
8.67
8.54
9.71
9.72
9.27
8.59
9.26
8.46
8.81
8.93
9.01
8.70
9.05
9.69
9.13
8.89
9.32
8.97
8.49
8.72
8.25
8.38
8.96
8.75
8.81
8.64
8.33
8.46
8.53
7.64
7.85
7.55
8.59
8.74
8.58
8.66
8.39
8.25
8.69
8.51
8.59
8.48
8.16
8.37
8.56
7.75
7.89
8.74
8.69
8.22
8.14
8.42
8.25
8.04
7.76
8.05
7.84
8.96
7.60
8.11
9.13
8.64
9.28
8.95
8.40
8.71
8.02
8.12
8.18
8.34
8.09
7.64
8.50
8.57
8.78
8.51
8.74
8.43
8.90
8.42
8.37
7.58
8.55
8.30
8.40
8.71
8.82
8.02
8.97
8.55
8.35
8.16
8.11
9.44
8.57
9.60
8.97
9.15
9.26
9.19
8.41
8.09
8.62
8.63
8.46
8.97
8.89
9.04
9.01
8.17
9.37
9.28
9.13
9.03
9.26
9.30
8.46
9.05
8.67
9.08
8.94
9.56
8.96
9.96
10.31
9.63
9.76
9.95
9.72
10.30
9.97
10.21
10.08
10.07
9.88
10.18
9.38
9.32
8.88
9.44
9.20
8.93
9.29
9.11
9.22
9.03
8.93
9.23
9.17
8.81
9.21
8.58
8.97
8.85
9.13
8.87
10.16
9.08
8.97
9.43
8.77
9.54
9.05
10.09
9.93
9.16
9.54
9.21
8.97
8.97
9.12
8.79
9.03
8.96
8.70
9.10
9.11
8.90
8.68
8.82
8.92
8.66
8.40
8.94
9.00
9.03
8.65
8.76
9.17
9.22
9.04
9.03
9.00
9.26
9.38
9.42
9.77
9.55
10.27
8.62
8.99
9.03
9.38
8.76
8.94
8.53
9.61
9.22
9.03
8.87
9.09
9.54
8.87
8.06
8.54
9.30
8.76
9.02
8.67
9.28
9.43
9.47
9.06
9.10
8.94
9.85
9.29
9.49
10.08
9.50
9.37
9.19
9.42
9.21
9.12
9.15
8.40
8.62
9.17
8.70
8.35
8.63
8.56
8.66
8.73
8.48
8.68
8.43
8.02
8.11
9.34
8.28
8.34
9.11
8.48
8.76
8.13
8.63
9.53
9.66
9.22
9.38
9.84
10.25
9.67
9.30
9.45
9.55
9.03
9.18
8.73
8.89
7.83
8.38
9.18
9.18
9.07
8.83
8.83
9.03
9.01
8.73
8.68
8.87
8.83
8.76
8.98
8.35
9.15
10.13
9.32
9.36
9.09
8.64
8.84
8.72
9.39
10.23
10.08
9.81
9.65
8.36
9.28
9.34
10.48
9.80
10.30
9.74
10.61
10.31
9.81
9.81
9.97
9.49
10.09
9.37
11.10
10.15
10.41
10.35
9.59
10.31
10.16
9.35
9.43
8.32
10.21
9.14
10.32
10.88
10.21
10.22
9.62
9.79
9.06
9.56
9.29
9.27
10.27
9.84
9.38
10.00
9.73
10.36
10.41
9.94
9.38
9.62
10.09
9.97
9.85
9.06
9.52
9.94
8.82
9.84
9.36
9.43
8.53
9.74
10.00
9.96
10.09
9.66
9.75
9.99
10.74
9.93
9.81
9.77
10.41
10.44
10.60
10.28
9.62
9.96
9.99
9.96
9.32
9.47
9.38
9.03
9.89
10.45
9.96
9.66
9.02
9.51
8.95
10.03
9.77
9.83
10.31
9.98
9.05
8.94
9.07
9.49
9.15
9.30
8.99
9.03
9.36
9.14
8.91
9.34
9.75
9.38
9.35
9.54
9.24
9.70
10.02
9.56
9.67
9.70
9.19
9.29
9.24
9.47
9.52
9.49
9.46
9.04
9.09
8.96
8.87
9.41
9.07
8.68
8.69
9.27
8.95
9.07
8.75
8.76
9.34
9.19
9.14
9.19
8.85
9.15
9.63
9.19
9.00
9.19
9.72
9.76
9.26
9.89
10.06
9.64
8.55
9.41
9.08
9.13
9.48
9.46
8.14
9.00
9.33
8.41
9.03
8.91
9.92
8.89
9.13
9.12
9.19
9.29
8.93
8.86
9.18
9.01
9.39
9.67
9.40
9.19
9.11
9.55
9.99
9.07
9.79
9.31
9.87
10.13
9.40
9.61
9.01
8.46
9.50
9.84
9.24
9.38
9.68
9.74
9.28
8.92
9.74
10.15
9.67
9.47
9.95
9.86
10.06
9.29
10.32
9.76
9.10
9.69
9.09
9.38
9.98
9.92
9.62
9.70
9.60
9.76
9.00
9.65
9.57
9.74
9.42
9.60
9.26
9.38
9.09
9.25
9.26
9.28
9.16
10.04
9.75
9.80
10.12
10.25
10.06
10.11
10.15
9.81
10.18
10.31
10.20
10.12
9.95
10.08
9.80
9.54
10.19
9.82
9.28
9.09
9.13
9.92
9.22
9.24
9.20
8.71
9.18
9.46
9.56
9.83
9.23
8.87
9.47
9.56
9.03
9.47
8.37
8.89
9.28
9.59
8.96
9.31
8.14
8.29
9.30
9.10
9.34
8.23
8.80
8.10
8.80
8.68
8.66
8.92
8.51
9.05
8.38
8.93
8.55
8.80
8.82
8.70
8.06
8.35
8.62
8.26
8.60
9.02
8.41
8.63
8.69
7.10
7.97
8.58
8.08
9.17
8.72
8.38
8.49
8.53
8.53
8.61
8.05
9.60
8.79
8.88
8.99
9.16
8.86
8.83
8.82
8.38
9.01
9.10
9.19
8.37
8.83
8.26
8.61
9.10
9.25
9.27
9.60
9.60
8.17
9.10
9.24
8.55
8.26
8.58
8.47
9.34
8.99
9.02
8.40
8.82
8.49
8.33
8.14
8.44
8.37
8.99
8.35
8.45
8.03
7.58
8.41
8.52
8.35
8.36
9.37
8.98
8.22
8.46
8.81
8.20
8.48
8.53
8.20
8.66
8.45
7.98
7.63
8.37
8.64
8.81
9.32
8.93
8.25
8.53
9.40
9.51
9.17
9.30
8.94
9.73
9.57
9.61
9.14
9.47
9.38
9.56
10.01
9.40
9.15
9.66
9.81
9.76
10.13
10.46
9.60
9.73
9.98
9.99
9.55
9.67
9.75
9.56
10.18
9.81
9.67
9.87
9.31
9.26
9.64
9.47
9.69
9.08
9.69
9.49
9.01
9.46
9.64
9.03
9.93
10.00
8.96
8.61
9.20
9.79
10.03
10.18
8.96
9.64
10.44
9.28
9.65
9.80
10.15
9.82
9.41
9.12
9.00
8.98
9.53
9.83
9.52
9.09
9.33
9.38
9.26
9.56
10.00
10.32
9.40
10.05
9.73
9.96
10.23
10.21
9.99
9.78
10.17
10.53
10.17
9.94
9.84
9.46
9.42
9.00
10.26
9.99
10.04
9.48
9.91
9.73
9.39
9.37
8.79
8.99
8.52
9.13
9.50
8.93
8.38
9.26
9.69
9.73
10.09
9.63
8.85
9.14
8.33
8.99
9.13
8.65
8.67
9.45
8.98
9.23
8.77
9.01
9.41
9.46
9.28
8.69
8.84
8.63
8.49
8.79
8.18
8.72
8.58
8.73
8.52
8.93
8.11
8.60
8.61
8.81
9.37
9.27
8.54
9.16
9.08
8.90
8.63
8.80
9.17
8.69
8.47
8.71
8.50
8.88
9.12
9.57
8.48
9.13
8.91
8.77
9.41
9.43
8.58
8.61
9.00
8.77
8.92
9.07
8.38
8.77
8.72
8.99
8.22
9.29
9.12
9.02
8.73
9.52
9.53
9.35
9.09
8.99
8.64
9.21
8.67
8.58
8.88
7.83
9.21
9.50
8.84
8.53
8.54
9.46
9.57
8.95
8.90
9.24
9.03
9.40
8.70
8.48
8.70
8.90
9.16
9.47
9.21
9.32
8.96
9.19
8.71
8.64
9.11
8.53
9.11
9.53
9.75
9.24
8.99
9.27
8.90
9.47
8.82
9.53
9.52
9.34
9.13
8.79
8.65
9.04
8.37
8.46
9.03
8.29
9.41
8.97
8.61
9.26
8.13
8.55
8.91
9.10
8.26
8.47
8.97
8.95
8.80
8.49
8.41
8.31
8.82
7.99
8.34
8.33
7.98
7.90
8.66
8.31
8.26
8.17
8.97
8.99
8.63
9.10
9.23
8.47
8.69
8.48
8.35
8.49
7.83
8.10
8.82
9.64
8.79
9.28
9.36
9.85
9.60
9.54
9.15
10.61
9.40
9.73
9.75
9.55
9.25
8.98
10.09
8.72
9.12
9.04
8.78
9.31
9.87
9.31
9.29
9.39
9.36
9.57
8.71
9.76
9.46
8.83
9.87
8.54
8.67
10.06
9.92
9.86
9.37
9.84
10.01
9.92
10.17
10.22
10.48
9.65
9.99
10.17
9.93
10.26
10.38
9.83
9.97
10.20
10.66
10.76
9.98
9.88
9.42
9.56
9.44
8.96
9.35
9.96
9.35
8.75
9.15
9.76
9.39
9.32
9.56
8.84
8.92
9.20
9.00
9.37
9.06
9.53
9.42
9.25
9.04
9.29
9.14
8.45
8.70
8.25
8.76
8.98
8.81
9.05
8.69
8.87
8.66
9.59
9.23
9.54
9.14
8.86
8.68
8.58
8.98
9.02
8.84
8.94
8.40
8.74
9.34
9.38
8.38
9.26
9.73
8.80
9.53
9.08
8.74
9.09
9.33
9.25
9.13
9.14
9.28
8.55
8.63
9.22
9.00
8.87
9.86
9.50
9.61
10.15
9.89
9.03
8.72
9.02
8.51
9.41
8.33
9.60
9.20
9.57
8.76
9.19
9.13
8.34
8.72
9.39
10.25
8.56
9.47
9.20
9.62
9.57
9.26
9.43
8.91
9.67
9.72
9.98
10.23
9.90
10.11
9.68
9.71
9.71
9.57
8.98
8.86
9.31
9.08
9.28
9.28
8.94
9.49
9.22
9.43
9.89
8.57
9.08
10.28
9.29
9.51
9.15
9.00
9.31
9.21
9.55
8.93
9.25
9.08
9.33
9.33
9.12
9.28
8.50
9.61
8.55
9.39
8.84
8.94
9.60
10.08
9.61
9.90
9.62
9.62
9.19
9.48
9.06
9.30
9.43
8.94
9.18
9.06
9.36
9.22
9.11
9.02
9.17
9.18
9.36
9.05
9.13
9.27
9.33
9.42
9.50
9.89
9.18
9.79
9.29
8.71
9.13
9.58
9.58
9.26
9.13
9.14
9.09
9.80
8.96
8.72
9.40
8.83
9.10
9.09
9.20
9.11
9.24
8.88
9.80
8.84
8.97
8.82
9.14
8.98
9.53
10.50
9.43
8.81
9.68
9.74
9.30
8.96
9.69
9.64
10.03
9.56
9.77
9.22
9.53
9.61
10.04
9.75
8.95
9.64
9.26
8.72
8.95
8.99
9.28
9.16
8.74
8.78
8.97
8.89
8.50
8.94
8.76
9.46
9.46
9.43
9.13
9.07
8.84
8.73
9.48
8.99
8.91
9.18
10.00
9.80
9.01
9.73
8.81
8.95
9.26
9.18
9.08
8.63
8.91
8.95
8.64
9.35
9.08
9.09
8.84
9.06
8.68
9.69
9.75
8.87
9.03
8.68
8.70
9.09
9.33
9.11
9.20
9.52
9.19
9.56
8.99
9.45
8.91
9.47
9.84
9.39
9.32
9.66
9.21
8.96
9.22
9.71
9.79
9.35
9.03
9.22
8.91
9.17
9.35
9.06
9.03
9.75
9.20
8.82
8.50
9.11
8.85
9.28
9.09
9.97
9.30
9.44
9.25
9.22
8.88
9.37
9.07
9.01
8.45
9.01
9.62
9.13
8.86
9.13
9.48
9.74
8.70
8.57
9.63
9.23
9.86
9.90
10.46
9.69
10.02
9.34
10.21
9.92
9.28
8.87
9.49
9.29
10.11
9.61
9.18
9.43
8.72
9.57
9.43
9.37
9.20
8.81
8.87
9.12
8.66
8.91
8.83
8.94
8.32
8.68
8.23
8.70
8.54
8.71
9.52
9.39
9.47
8.71
8.26
8.53
9.36
9.24
9.09
9.36
9.10
8.67
8.65
9.24
8.87
9.54
9.13
8.58
8.53
9.52
9.23
8.72
8.72
9.92
8.91
8.27
9.28
9.86
9.24
8.70
8.38
8.65
9.36
8.81
8.21
8.91
8.75
8.64
8.59
9.16
9.20
9.70
8.44
9.08
8.19
8.58
8.02
8.31
8.92
8.79
8.76
9.34
9.40
9.03
8.53
9.80
9.48
9.21
9.17
9.48
9.92
10.01
9.50
9.24
9.89
9.57
9.81
9.68
8.95
8.77
9.16
8.80
8.48
8.26
8.21
7.95
7.91
8.52
8.84
9.17
8.72
8.71
9.33
9.56
9.44
9.27
9.96
8.91
9.11
9.94
9.50
10.06
10.06
8.63
8.49
8.31
8.27
8.03
8.62
7.74
8.17
8.51
8.62
8.12
8.33
8.52
7.91
9.17
8.50
8.50
8.52
8.09
8.25
8.75
8.54
8.94
9.04
8.50
8.27
9.05
9.41
9.17
8.95
9.26
9.47
9.07
9.02
8.74
9.11
8.90
10.02
9.53
9.38
9.38
9.78
9.03
9.02
9.70
9.83
9.20
9.56
9.24
9.63
10.18
9.04
9.43
9.72
9.67
10.12
9.69
9.45
9.71
9.16
9.21
9.05
9.90
9.48
9.56
9.47
9.22
9.16
9.15
9.05
8.87
9.59
8.80
9.38
9.42
9.15
8.30
8.80
8.68
9.12
9.12
9.32
8.71
8.75
8.27
8.71
9.68
9.19
9.19
10.08
9.65
9.19
8.94
8.58
8.64
8.82
8.91
8.80
8.59
9.12
8.75
9.31
8.21
8.14
8.76
8.75
9.03
9.39
9.12
9.54
9.39
8.31
9.26
8.87
9.13
8.66
8.46
8.37
8.38
8.83
8.97
8.93
9.80
9.83
10.36
10.01
10.48
9.13
9.86
9.30
9.47
9.32
9.71
9.14
8.49
9.30
9.52
8.65
9.10
8.81
9.61
10.28
9.63
9.21
9.12
9.07
9.78
9.19
9.65
9.09
8.71
9.60
8.75
9.64
8.89
9.50
9.11
9.25
9.11
8.77
9.15
8.61
8.91
9.47
9.15
8.78
9.14
9.03
9.02
8.71
9.41
9.48
9.38
9.30
8.84
9.05
8.95
9.33
9.45
9.50
9.69
9.84
10.15
9.38
9.89
9.60
9.75
10.37
10.29
9.79
8.97
8.95
9.17
9.90
9.43
9.44
8.84
9.71
9.60
9.14
10.21
9.68
10.68
10.49
10.09
9.65
9.82
9.99
10.11
9.12
9.24
10.07
9.90
9.45
8.79
9.97
8.72
9.28
9.04
9.57
9.56
9.17
9.27
9.79
9.39
9.63
9.04
8.92
9.69
9.62
8.89
10.23
9.35
9.29
8.60
8.84
9.96
10.58
8.75
9.01
9.56
8.45
9.15
9.61
9.22
9.91
9.60
9.22
9.35
9.45
9.08
10.00
9.58
9.91
8.64
9.41
9.70
9.19
9.99
9.43
9.49
9.76
9.48
10.66
9.85
9.85
9.29
8.84
9.92
9.49
9.09
8.97
9.49
9.48
9.16
9.35
8.62
9.30
9.84
9.80
9.78
9.26
9.05
9.90
10.53
9.61
9.37
9.31
8.67
9.51
9.34
9.64
9.48
9.24
8.72
9.09
8.93
9.50
8.95
8.68
9.73
8.70
8.60
8.88
9.11
9.32
9.25
8.86
9.11
8.73
8.67
9.07
8.80
8.50
9.32
9.16
9.67
9.27
8.46
8.93
9.33
9.90
9.95
9.52
9.29
8.99
8.68
9.76
8.71
9.31
9.14
8.86
9.22
9.24
9.47
10.21
9.56
9.19
9.05
8.97
10.06
9.32
7.62
8.71
8.50
8.92
9.07
9.09
9.70
9.12
8.71
8.44
9.39
8.96
9.25
9.17
9.48
10.28
9.75
9.58
9.27
9.33
9.71
9.44
9.13
9.33
8.79
9.03
9.60
9.22
9.14
9.50
9.40
9.53
9.28
8.75
9.31
9.62
10.07
8.73
9.51
9.40
8.72
8.36
7.90
8.93
9.57
8.89
9.45
8.74
8.97
9.42
8.92
9.79
10.37
9.84
10.14
9.58
8.37
9.01
9.70
8.86
9.03
9.09
9.81
9.44
9.55
9.83
9.74
9.53
9.68
9.09
9.61
9.15
8.79
9.13
9.41
10.18
9.24
9.05
9.01
8.70
10.16
9.65
9.83
10.01
8.97
8.89
8.39
8.79
9.32
8.12
8.52
9.52
9.41
9.40
9.07
10.02
9.94
9.04
9.48
8.77
9.33
9.92
8.50
9.49
9.39
9.44
9.94
9.91
9.00
9.11
9.16
9.01
9.27
9.38
9.32
8.62
9.51
8.94
9.66
9.28
9.89
9.35
10.32
9.72
9.96
9.43
9.88
8.96
9.05
9.11
9.83
8.60
9.11
8.49
9.13
8.77
8.29
9.01
9.08
8.44
9.17
8.67
8.57
8.52
8.82
9.45
9.22
8.46
9.68
8.97
9.42
9.45
8.31
9.38
8.33
8.74
9.65
9.34
9.11
9.06
9.82
8.92
8.19
9.13
8.93
9.01
8.25
8.54
9.69
8.87
8.85
10.02
9.56
9.31
8.86
8.81
9.23
9.36
8.70
9.25
9.37
9.23
8.89
8.82
9.23
8.91
9.14
9.24
9.41
8.78
8.66
9.19
8.76
9.09
8.45
8.00
9.90
9.72
8.46
9.20
9.18
8.35
8.70
9.05
9.58
8.61
9.39
8.89
9.55
9.70
9.23
9.59
9.48
9.72
9.58
9.43
9.56
8.89
9.11
8.93
8.76
8.55
8.43
8.21
8.87
8.46
9.03
9.43
9.07
9.43
9.24
9.03
9.00
9.64
9.09
9.40
9.93
9.27
9.16
9.36
9.29
8.98
9.25
8.93
8.80
9.04
9.53
9.56
9.63
9.34
9.08
8.86
8.71
8.78
8.61
8.74
8.68
8.08
8.77
9.47
8.59
9.05
8.51
8.09
7.95
8.36
8.21
8.40
8.52
8.26
8.67
8.82
9.03
8.38
8.14
8.15
8.34
8.51
8.36
8.02
8.05
8.25
8.50
8.95
8.32
9.04
9.09
8.79
8.91
8.65
8.62
8.71
8.97
8.51
8.90
8.69
9.37
8.85
8.95
8.00
9.64
9.22
8.77
9.54
8.96
8.43
8.67
9.09
9.46
8.59
8.86
8.41
8.52
8.64
8.68
8.59
8.96
9.04
9.04
9.48
8.91
8.38
9.05
8.37
8.77
8.98
8.15
8.59
9.47
8.73
9.24
7.74
8.30
8.01
8.33
8.39
8.08
8.24
7.93
8.69
8.45
8.66
8.11
8.18
8.63
8.18
8.55
8.68
8.41
8.84
8.28
8.58
8.67
8.64
8.85
9.31
8.70
9.28
8.35
8.21
8.76
9.05
8.55
8.64
9.16
8.22
8.01
8.33
8.38
8.65
8.77
8.29
8.78
8.73
8.84
8.72
8.27
8.72
9.02
8.58
8.74
8.97
9.01
8.93
9.00
9.26
9.87
9.18
8.99
8.72
9.05
9.09
9.34
9.00
9.01
9.00
9.03
8.73
8.92
8.52
9.04
9.35
9.24
8.96
9.60
8.98
9.05
8.64
8.90
8.33
8.35
8.42
8.88
8.61
8.64
8.39
8.87
9.47
8.95
8.83
9.07
8.80
9.07
8.84
8.86
9.11
8.76
8.99
8.81
9.15
9.07
8.86
8.91
9.14
9.65
9.60
8.85
8.73
8.77
9.17
9.00
9.25
8.98
8.88
8.90
9.11
9.07
8.78
8.79
8.17
8.74
8.92
8.90
8.58
8.99
9.32
8.60
8.85
9.08
9.14
9.07
9.01
8.74
8.40
9.13
8.46
9.17
8.66
8.96
9.29
9.10
9.03
8.94
8.84
8.54
8.27
8.68
9.08
8.77
8.63
8.73
8.54
8.25
8.47
8.79
9.25
9.01
8.51
8.69
8.45
8.73
8.92
8.83
8.73
9.00
9.32
8.94
9.25
8.97
8.69
9.16
9.36
8.63
9.11
9.39
8.78
8.64
8.92
8.98
9.13
8.87
8.92
8.23
9.14
8.54
9.35
9.29
9.24
9.18
8.43
8.90
9.07
8.72
9.28
8.79
9.06
8.97
9.23
9.33
8.73
8.88
8.76
8.45
8.70
9.19
9.31
9.57
8.80
9.03
8.97
8.65
8.78
9.26
8.90
8.71
8.89
8.69
9.36
8.97
8.49
8.24
8.22
8.69
8.22
8.38
9.01
8.37
8.04
7.96
8.83
9.12
8.66
9.04
9.59
9.12
8.43
8.59
8.49
8.00
8.74
8.37
8.16
8.50
8.33
8.71
8.57
8.75
8.17
8.91
8.62
8.83
9.01
8.19
8.39
8.70
8.10
8.46
8.41
8.27
8.68
8.77
8.45
8.62
8.13
8.67
8.33
7.58
8.77
9.02
8.97
8.67
9.05
8.99
8.33
9.15
8.81
8.50
8.36
9.02
8.83
9.25
8.78
8.71
9.00
8.98
8.72
8.83
9.25
9.16
8.65
8.78
8.99
9.46
9.52
9.19
9.20
9.02
8.92
9.34
8.88
8.88
8.87
8.51
8.84
8.76
8.91
8.57
9.08
8.70
9.38
8.33
8.73
8.45
8.65
9.01
8.92
8.50
8.48
9.17
8.84
8.62
9.01
9.88
9.02
9.22
8.46
8.46
8.68
8.44
9.52
8.90
8.82
8.73
8.58
9.17
8.75
9.35
8.95
8.82
8.71
8.81
8.51
8.65
8.63
8.37
8.44
8.67
8.98
8.39
9.03
8.63
8.47
8.61
8.75
9.05
8.38
8.59
8.69
8.65
8.19
8.41
8.28
8.50
8.26
8.11
8.38
8.52
8.58
8.50
7.92
8.91
8.92
8.39
8.21
8.44
8.63
8.19
9.22
8.90
8.84
8.54
8.03
8.72
8.98
9.03
8.71
8.79
7.84
8.64
8.17
8.41
8.41
8.25
8.83
8.68
8.48
8.47
8.00
7.82
8.16
8.47
8.13
7.96
8.82
8.63
8.41
8.12
8.48
8.32
8.29
8.50
8.81
8.06
8.43
8.13
8.44
8.48
8.59
8.44
7.84
7.94
8.50
7.99
8.19
8.24
8.90
8.16
8.05
8.54
8.87
8.76
9.02
8.74
8.59
9.29
9.06
8.58
8.80
8.49
8.33
8.81
8.45
8.03
8.78
8.67
8.71
8.21
8.52
8.61
9.10
9.15
8.18
8.88
8.55
8.65
8.50
9.26
8.34
8.69
8.97
8.99
8.16
8.60
8.21
8.76
8.29
8.78
8.48
8.75
9.06
9.38
8.85
9.95
9.14
9.54
8.82
8.99
10.20
9.88
9.39
9.39
9.03
8.89
8.65
8.72
8.46
9.30
9.54
9.54
9.02
9.07
8.81
9.83
9.68
9.80
9.41
9.78
9.52
9.58
10.54
10.37
9.65
9.73
9.96
9.54
9.58
9.91
10.39
9.47
9.71
9.60
10.08
9.29
9.39
9.25
9.77
9.65
9.46
9.28
9.73
9.46
9.89
9.44
9.91
9.74
9.23
9.55
10.26
10.10
9.43
8.84
10.11
9.58
9.29
9.00
9.46
9.44
9.44
9.45
8.98
9.03
9.08
8.43
9.50
9.21
9.07
8.64
9.08
9.17
8.80
9.25
9.41
9.22
9.27
9.45
9.63
9.36
8.98
9.20
9.63
9.39
8.75
8.69
9.58
9.36
8.75
8.57
9.17
9.08
9.63
9.30
9.33
10.08
9.55
8.92
8.96
8.64
8.88
9.41
8.60
9.22
8.93
8.45
9.15
8.78
8.98
8.95
9.37
9.23
9.72
9.35
8.46
8.68
8.86
9.17
9.18
8.90
9.41
7.98
8.67
9.01
9.17
9.46
9.15
8.81
9.12
9.11
9.11
9.32
9.12
9.17
9.10
8.54
8.58
8.95
9.19
9.03
8.79
9.22
9.21
9.31
8.31
8.40
8.89
9.03
9.05
9.01
8.81
8.62
8.49
8.77
8.95
8.64
9.06
9.45
8.81
8.64
9.12
9.84
10.33
9.18
9.37
10.20
9.64
9.41
9.97
9.57
10.43
8.70
9.42
9.01
9.03
9.29
9.06
9.21
8.57
9.26
9.22
9.05
9.13
9.52
10.14
8.46
9.00
9.29
9.44
9.48
8.85
9.44
9.39
9.59
10.02
9.41
9.36
10.11
9.43
9.55
9.65
9.64
9.64
9.06
9.38
9.50
9.99
10.09
9.74
8.71
9.21
8.91
9.51
9.31
9.38
10.37
9.67
9.87
9.87
9.80
10.04
10.03
9.00
10.32
9.69
9.70
9.72
9.97
8.94
10.09
9.72
9.12
9.58
9.62
9.55
9.67
8.82
9.09
9.77
9.68
10.06
8.99
9.86
9.35
8.82
8.89
9.10
9.24
9.05
9.23
9.14
9.23
9.57
8.48
9.31
9.01
9.22
9.00
9.61
8.64
8.68
9.15
8.87
8.97
8.76
8.50
8.41
8.80
8.75
8.99
8.92
9.06
8.51
8.11
9.08
8.20
8.46
9.42
9.62
8.55
8.97
8.90
9.72
8.47
8.49
9.30
9.44
8.72
8.97
8.78
8.26
8.47
8.55
8.52
8.66
8.97
8.76
8.91
8.89
8.63
8.41
8.73
8.51
8.55
8.91
8.86
9.55
8.59
8.64
9.23
8.90
8.56
8.97
8.34
9.21
8.64
8.05
8.85
7.73
8.59
8.34
9.50
8.26
8.44
8.61
8.78
8.70
9.31
9.43
8.63
8.96
8.69
9.28
8.64
8.33
8.35
9.16
8.51
9.11
9.20
9.41
8.95
8.25
8.55
8.51
9.29
8.44
9.38
8.35
8.23
8.82
8.78
9.20
8.48
8.23
8.88
8.76
8.25
8.49
9.03
8.83
9.29
9.50
9.05
8.70
8.90
8.80
9.16
8.83
8.73
8.54
8.55
9.13
8.39
9.06
8.86
9.07
9.09
9.04
8.83
9.12
8.95
8.88
8.62
8.93
8.67
9.02
8.86
8.57
9.10
9.39
8.42
9.27
8.90
8.70
9.64
9.76
9.40
9.06
9.38
9.35
10.05
9.04
8.57
9.48
8.87
9.73
9.30
9.18
9.39
8.64
9.89
9.53
9.47
9.35
9.14
9.77
9.34
9.23
9.56
9.56
9.25
9.29
8.92
9.24
9.34
9.92
9.33
8.75
9.42
8.83
9.46
8.67
8.52
8.88
9.37
9.04
9.63
9.42
8.84
8.84
9.15
9.56
8.80
8.85
8.65
8.21
8.57
9.12
9.23
8.98
9.57
9.58
9.44
9.91
10.20
9.29
9.13
9.51
9.45
9.92
8.75
9.54
9.63
8.98
8.42
9.72
10.05
9.16
9.17
9.62
10.36
10.11
10.20
9.63
9.49
8.96
9.51
9.45
9.30
9.26
9.76
9.56
10.21
9.05
9.51
9.23
9.34
9.58
9.79
9.19
9.15
9.52
9.09
9.36
8.78
9.48
8.73
9.55
9.57
9.84
9.19
9.91
9.66
9.24
9.88
9.72
10.11
9.60
9.64
9.84
9.22
8.69
9.07
8.70
8.55
9.56
9.40
9.21
9.21
8.62
9.36
9.22
9.83
9.42
9.87
9.80
9.61
9.77
8.57
9.12
9.62
9.55
9.12
9.07
9.56
9.23
9.31
9.24
8.82
8.49
8.06
7.84
8.22
9.27
8.83
8.83
8.42
8.56
9.07
8.79
8.26
8.61
9.21
9.23
8.90
9.06
9.25
8.69
8.91
8.44
9.30
8.85
9.36
9.27
9.43
9.12
8.56
8.80
8.54
8.77
8.94
8.32
8.96
8.54
9.10
9.00
8.41
8.35
7.98
8.57
8.52
8.74
9.04
9.18
8.85
8.79
8.74
8.90
8.02
8.45
9.08
8.98
8.96
8.31
8.30
8.11
7.84
8.38
7.61
7.94
8.05
8.52
8.30
8.35
8.40
8.58
8.43
7.71
8.51
8.97
8.94
8.93
8.87
7.94
8.70
9.08
8.58
9.17
8.70
8.60
9.21
8.01
8.70
9.18
8.76
8.56
8.91
8.75
8.92
8.37
7.84
7.94
8.25
8.55
8.26
8.89
8.15
8.69
8.34
8.41
8.92
8.57
8.23
8.01
8.70
7.87
8.03
8.27
7.59
7.19
8.13
7.50
8.12
8.70
8.49
8.34
7.83
8.21
8.31
8.69
8.03
8.41
8.20
8.35
8.23
8.59
8.36
8.36
8.70
9.16
8.73
8.66
8.82
8.94
9.14
9.30
8.94
9.40
9.15
8.48
8.89
8.94
9.36
8.90
8.27
9.13
9.20
8.79
8.41
8.91
8.68
8.46
8.82
8.66
9.72
9.44
8.61
8.95
8.30
8.84
8.78
8.93
9.06
8.95
8.93
9.03
8.80
8.23
8.69
8.71
9.03
8.69
8.59
8.67
8.92
8.49
8.78
9.07
8.72
8.69
8.48
8.73
8.42
8.79
9.09
9.28
8.77
8.34
8.09
8.25
7.77
8.76
7.97
8.43
8.34
8.71
8.42
8.14
7.86
8.22
8.40
8.22
8.19
7.77
8.03
8.16
8.08
8.47
8.89
8.29
8.44
8.77
8.34
8.22
7.91
9.17
7.78
8.26
8.30
8.11
8.40
8.53
8.90
8.99
8.11
8.14
8.38
8.47
8.02
8.40
8.77
8.76
8.62
8.31
8.51
8.38
8.84
8.61
8.64
8.54
7.90
7.86
8.73
8.01
8.02
7.82
8.63
8.70
8.38
8.68
8.26
8.24
9.22
8.78
9.12
8.62
8.52
9.39
8.68
8.59
8.12
8.67
9.07
8.31
8.70
8.28
8.53
8.86
9.29
8.91
8.23
8.86
8.85
8.75
9.04
9.11
9.43
9.37
8.75
8.55
8.22
8.32
8.63
8.57
9.13
8.66
9.69
9.47
9.30
8.65
8.98
9.83
8.90
9.37
8.66
9.20
9.69
8.84
9.48
9.89
9.36
9.93
9.02
10.09
9.46
8.39
9.02
8.73
9.39
9.14
9.48
9.48
9.00
8.39
9.14
9.45
8.59
8.60
8.71
8.37
8.94
9.12
8.66
9.26
9.20
8.74
9.31
9.07
9.22
9.27
9.40
8.83
9.09
9.20
8.92
8.87
8.98
8.68
9.31
9.57
8.96
8.91
8.40
8.97
8.59
8.81
8.82
8.93
9.17
8.98
9.09
9.01
9.13
9.49
9.77
9.07
10.20
9.23
9.19
9.80
9.58
9.60
9.44
9.10
9.90
9.49
10.35
10.12
9.82
9.86
9.06
8.96
9.29
8.42
8.43
8.55
8.62
8.97
8.47
8.51
8.68
9.17
8.95
8.30
8.54
8.12
8.04
8.34
8.77
9.40
9.34
8.29
8.75
8.26
8.68
9.72
8.84
9.19
9.78
9.67
9.00
9.64
9.98
8.68
9.71
9.43
10.52
10.16
9.72
9.20
9.01
9.56
9.50
8.48
9.12
8.87
9.39
10.17
9.82
9.80
9.58
9.69
9.59
8.74
8.58
9.03
8.21
9.11
9.11
9.29
8.83
8.63
9.07
8.81
9.32
10.12
8.97
9.13
9.06
8.33
8.88
8.83
8.29
9.42
8.78
8.81
8.73
8.51
9.01
9.32
8.66
8.54
9.52
9.83
9.06
8.12
8.56
8.44
8.34
8.81
9.14
8.87
8.69
8.12
7.83
8.55
8.85
8.27
8.25
8.22
8.75
8.66
8.61
7.98
9.21
9.17
8.74
8.52
9.04
8.88
9.06
8.89
8.46
8.31
8.26
8.05
8.21
7.94
8.05
8.13
7.96
8.10
8.43
8.26
8.89
8.06
8.49
8.18
8.28
8.79
8.44
8.86
8.60
8.55
8.59
8.33
8.05
7.90
8.08
8.74
8.36
8.51
9.02
8.67
8.56
8.22
8.30
7.83
8.72
8.66
8.10
8.46
9.24
8.06
8.59
8.22
8.48
8.55
8.75
8.54
8.76
8.92
9.09
8.65
8.62
8.72
8.70
8.56
9.71
8.67
9.11
8.78
8.92
9.62
8.72
9.39
8.39
9.04
9.41
8.68
8.56
8.70
8.50
8.17
7.57
8.64
8.49
8.93
8.97
8.86
8.32
8.94
9.15
9.34
9.12
8.74
9.05
9.32
9.24
9.15
8.90
8.72
8.68
8.22
8.77
8.89
8.76
9.38
8.79
8.82
8.74
8.39
8.94
8.59
8.47
8.89
8.32
7.53
8.22
8.19
8.50
7.98
8.43
8.05
8.53
8.49
8.16
8.06
8.24
8.61
8.75
8.67
7.81
8.49
7.78
9.08
9.13
9.26
9.26
9.22
9.15
9.03
9.14
9.45
9.59
9.56
8.64
8.79
9.00
8.27
8.84
8.87
8.62
8.65
8.56
8.65
9.19
8.47
9.19
9.15
8.93
9.02
9.16
8.67
8.20
9.14
9.34
9.02
9.50
8.92
8.66
9.29
9.00
8.65
8.90
8.48
8.27
8.89
8.81
9.19
8.23
8.51
8.67
8.43
8.95
9.04
8.42
8.69
9.00
9.18
8.87
9.30
9.32
8.69
8.91
9.12
9.29
9.50
9.74
8.89
8.66
8.99
9.29
9.03
8.99
8.75
8.97
9.41
9.50
9.34
9.04
8.94
9.14
9.32
9.01
9.41
8.85
9.66
8.82
8.96
9.82
9.15
9.32
9.31
8.38
8.63
8.30
8.97
9.20
8.75
8.56
8.82
9.70
8.48
8.55
8.03
8.31
8.02
9.41
8.36
9.19
8.92
9.06
8.90
9.06
8.47
9.65
8.99
8.70
8.94
9.10
8.80
8.58
9.07
8.28
8.62
8.99
8.49
8.78
8.76
8.48
8.45
9.23
8.63
8.39
8.38
7.89
8.54
8.24
8.39
8.23
8.14
8.12
8.25
8.64
8.71
8.58
7.59
8.10
8.21
8.40
8.95
8.57
8.03
8.44
8.84
8.89
8.97
9.10
8.61
7.73
8.46
8.58
8.51
7.84
7.60
7.90
8.90
8.36
8.55
8.30
8.54
8.68
8.28
8.16
8.82
8.33
8.45
8.53
8.77
8.89
8.81
8.57
8.58
8.27
8.20
8.46
8.86
8.56
8.63
8.73
8.30
8.51
8.38
8.39
8.49
8.51
8.90
8.32
8.53
8.72
7.97
8.22
8.99
8.35
8.32
8.27
8.90
8.46
8.59
8.91
8.55
8.66
9.17
8.51
8.99
8.46
8.32
8.21
8.27
8.06
8.75
8.41
7.89
8.73
8.02
8.14
8.18
8.41
9.24
8.56
8.55
9.00
9.09
9.20
8.39
9.15
9.09
9.34
8.61
9.09
8.62
8.53
9.07
9.13
8.96
8.83
8.83
8.23
8.95
8.72
9.23
8.48
8.87
9.21
8.65
9.15
9.16
9.06
8.41
8.41
8.90
8.34
9.14
9.54
8.98
8.77
8.83
8.96
9.17
9.10
8.91
8.62
9.40
8.40
8.95
9.14
9.08
9.56
9.16
8.43
8.61
8.80
8.39
8.98
8.44
9.08
8.52
8.72
8.56
9.11
8.62
8.88
7.82
7.56
8.34
8.01
8.24
9.00
8.75
8.98
8.46
8.38
8.46
8.95
7.82
9.12
9.53
8.41
8.96
7.96
8.39
8.83
9.19
8.34
8.21
8.74
8.86
8.99
7.99
8.98
8.93
8.57
8.84
8.62
8.75
8.36
9.05
9.26
8.50
8.40
7.61
8.36
8.08
8.52
8.32
8.30
8.66
9.22
8.83
8.64
9.06
8.87
8.92
9.10
9.21
8.31
8.86
8.01
8.21
8.07
8.58
7.96
8.64
8.71
8.84
9.02
8.08
8.45
8.46
8.64
8.24
8.75
8.79
8.40
8.42
8.40
8.22
9.35
8.81
8.68
9.35
8.35
8.90
9.53
8.96
8.88
9.51
8.99
9.32
9.37
9.70
8.80
9.56
9.19
9.30
8.84
9.64
8.22
8.67
8.54
9.48
8.98
9.51
8.98
9.32
8.46
9.31
7.28
8.66
7.78
8.40
7.81
7.29
8.13
7.95
8.87
8.54
8.47
8.66
8.90
8.58
8.53
9.31
9.58
8.68
9.29
9.48
9.75
10.03
